%YAML:1.0
---
groups:
   - intact
   - CD19
   - blast
intactGmmnames:
   - "intact.494.0"
   - "intact.494.1"
   - "intact.494.2"
   - "intact.494.3"
   - "intact.494.4"
intactLabels:
   - FSC-A
   - SSC-A
   - CD20
   - CD10
   - CD45
   - CD34
   - SYTO41
   - CD19
   - CD38
intactMu: !!opencv-matrix
   rows: 5
   cols: 9
   dt: d
   data: [ 2.0772577088451372e+00, 1.7582726536199302e+00,
       2.4721841627990622e+00, 3.7983157432037387e+00,
       3.4199108029354051e+00, 2.4146831777806010e+00,
       3.2332348714339822e+00, 3.0333980415950856e+00,
       2.1334512731446571e+00, 1.3538053098189642e+00,
       6.2400354136247083e-01, 1.1185873851004500e+00,
       8.9792283320218802e-01, 3.6361307563511414e+00,
       1.0685915615644825e+00, 3.2210070295195794e+00,
       9.1695285399614535e-01, 1.8080735323983337e+00,
       9.7681680519460379e-01, 7.0189439056911307e-01,
       1.2209487488017918e+00, 1.0599091791738953e+00,
       1.4052983405091646e+00, 1.0149955981848491e+00,
       3.6129395445558834e+00, 1.0265859521925020e+00,
       1.2277042387011863e+00, 2.6021216103305775e+00,
       4.0377781442461407e+00, 1.2712563415827123e+00,
       1.9749202169649598e+00, 2.8170975557091524e+00,
       1.0830942790649059e+00, 3.3979071648884824e+00,
       1.7228464027051871e+00, 1.7194134423109175e+00,
       2.0673291118389985e+00, 2.1169036635531673e+00,
       1.5605879264229965e+00, 1.7172799097391960e+00,
       2.6535199869219772e+00, 1.3013525236583761e+00,
       3.4443802882759043e+00, 1.4190592739094632e+00,
       2.2423966628147358e+00 ]
intactSigma:
   - !!opencv-matrix
      rows: 9
      cols: 9
      dt: d
      data: [ 5.1471193793743863e-01, 3.5669075662527877e-01,
          2.1028565170012670e-01, 2.2723916714234443e-02,
          1.4138841415276207e-01, 1.4925897597069829e-01,
          -1.7858175132599068e-02, 3.5879030174146020e-01,
          2.1279683476179895e-01, 3.5669075662527872e-01,
          6.5312868633254773e-01, 1.6631432744830546e-01,
          3.8052226938341656e-02, 9.7529552078810103e-02,
          1.2733102085486930e-01, 8.1405395504371252e-03,
          3.8148875505399027e-01, 2.8045007277849637e-01,
          2.1028565170012670e-01, 1.6631432744830546e-01,
          4.9469269212891165e-01, 2.5507138559352025e-02,
          1.4471719718078585e-01, 1.7791508821620874e-01,
          -1.1070226368994886e-02, 3.3787355376045264e-01,
          2.2234363198683194e-01, 2.2723916714234443e-02,
          3.8052226938341656e-02, 2.5507138559352018e-02,
          1.5121030358592008e-01, 7.4344372479051681e-03,
          -1.7336094891578172e-02, 1.4199915193864340e-03,
          -1.3778442401434892e-02, 4.4299801146579450e-02,
          1.4138841415276207e-01, 9.7529552078810117e-02,
          1.4471719718078582e-01, 7.4344372479051655e-03,
          1.2921197756946481e-01, 8.7189210530469116e-02,
          -2.6140521104390569e-02, 2.2448100767035234e-01,
          5.3025697441059755e-02, 1.4925897597069829e-01,
          1.2733102085486930e-01, 1.7791508821620874e-01,
          -1.7336094891578179e-02, 8.7189210530469130e-02,
          2.4926051229846977e-01, -1.8246320424446735e-02,
          2.3747095945549671e-01, 1.0778110767582134e-01,
          -1.7858175132599068e-02, 8.1405395504371252e-03,
          -1.1070226368994881e-02, 1.4199915193864340e-03,
          -2.6140521104390569e-02, -1.8246320424446745e-02,
          4.8884594805854636e-02, -5.4832357877760307e-02,
          4.3765776039796575e-03, 3.5879030174146020e-01,
          3.8148875505399027e-01, 3.3787355376045264e-01,
          -1.3778442401434885e-02, 2.2448100767035234e-01,
          2.3747095945549671e-01, -5.4832357877760307e-02,
          7.0368987300883568e-01, 2.8386948592866362e-01,
          2.1279683476179900e-01, 2.8045007277849637e-01,
          2.2234363198683191e-01, 4.4299801146579450e-02,
          5.3025697441059755e-02, 1.0778110767582134e-01,
          4.3765776039796549e-03, 2.8386948592866362e-01,
          7.0900060893010342e-01 ]
   - !!opencv-matrix
      rows: 9
      cols: 9
      dt: d
      data: [ 1.9683112353245513e-01, 7.3650255713285318e-02,
          2.7588040740000860e-02, 5.5035675445013728e-03,
          2.9920289437585859e-02, 3.2213823753239634e-03,
          -5.2352888014812901e-02, 1.5574269557531105e-02,
          4.2609641239967605e-02, 7.3650255713285318e-02,
          5.4818725564327334e-02, 2.1204742569009987e-02,
          5.8435639312007567e-03, 1.7273675345771095e-02,
          3.2049201970617970e-03, -2.1737518089110966e-02,
          1.3681023999902205e-02, 3.1828993265167541e-02,
          2.7588040740000853e-02, 2.1204742569009994e-02,
          7.2546221571586425e-02, -1.3541654121154164e-04,
          8.9399273999208745e-03, 1.5912485093226205e-03,
          -9.3309919605628604e-03, 5.5978252283604112e-03,
          -1.4118652319319041e-02, 5.5035675445013737e-03,
          5.8435639312007567e-03, -1.3541654121154137e-04,
          4.5878510021597867e-02, 2.4351862385127727e-03,
          -8.0220676323203132e-03, -2.4954574781011771e-03,
          2.5948567892781055e-03, -7.3879266457986034e-03,
          2.9920289437585863e-02, 1.7273675345771095e-02,
          8.9399273999208745e-03, 2.4351862385127727e-03,
          1.4530200596141137e-02, -9.0650572084812419e-04,
          -8.9644175810218198e-03, 2.0275659210877341e-03,
          -7.2662704097554184e-04, 3.2213823753239608e-03,
          3.2049201970617983e-03, 1.5912485093226209e-03,
          -8.0220676323203132e-03, -9.0650572084812451e-04,
          1.6663458837336312e-01, -2.4905176142355923e-03,
          2.6202321892475418e-03, 8.3053012020651070e-03,
          -5.2352888014812901e-02, -2.1737518089110966e-02,
          -9.3309919605628604e-03, -2.4954574781011771e-03,
          -8.9644175810218198e-03, -2.4905176142355932e-03,
          4.0044082787061716e-02, -3.9806268615647684e-03,
          -1.3431654936614617e-02, 1.5574269557531105e-02,
          1.3681023999902205e-02, 5.5978252283604129e-03,
          2.5948567892781055e-03, 2.0275659210877341e-03,
          2.6202321892475405e-03, -3.9806268615647667e-03,
          8.5478944805628190e-02, -2.0084333245041996e-03,
          4.2609641239967591e-02, 3.1828993265167541e-02,
          -1.4118652319319034e-02, -7.3879266457986094e-03,
          -7.2662704097554141e-04, 8.3053012020651053e-03,
          -1.3431654936614626e-02, -2.0084333245041996e-03,
          3.3760868352930512e-01 ]
   - !!opencv-matrix
      rows: 9
      cols: 9
      dt: d
      data: [ 1.5180938856104129e-01, 6.5443671556209698e-02,
          4.5401330734106314e-02, 2.3281850173013638e-02,
          3.8975709075694961e-02, 2.4658961000486088e-04,
          1.9858670701651936e-03, 2.2725189384813875e-02,
          8.3320571996003175e-03, 6.5443671556209698e-02,
          6.9427371304404045e-02, 4.3605194896238597e-02,
          2.4216975015763430e-02, 3.9634994108859095e-02,
          2.9326500755224821e-03, 1.7363704513573785e-02,
          2.3909197363445135e-02, 1.2475105063736969e-02,
          4.5401330734106321e-02, 4.3605194896238597e-02,
          9.3891594411491613e-02, 1.4361770795968168e-02,
          2.5445537915716094e-02, 1.0813785607134228e-03,
          3.6070564352351270e-04, 1.5566976906334183e-02,
          5.7584795821772131e-03, 2.3281850173013638e-02,
          2.4216975015763427e-02, 1.4361770795968168e-02,
          6.5022811248878709e-02, 1.9760302253241237e-02,
          -5.8385929558482977e-04, 5.0727158633615361e-03,
          1.0538654674576677e-02, 6.9322768464792324e-03,
          3.8975709075694955e-02, 3.9634994108859102e-02,
          2.5445537915716101e-02, 1.9760302253241241e-02,
          1.5201105349346897e-01, -8.5922785956537868e-04,
          1.2676132672014576e-02, 1.3652165369696727e-02,
