%YAML:1.0
---
groups:
   - intact
   - CD19
   - blast
intactGmmnames:
   - "intact.512.0"
   - "intact.512.1"
   - "intact.512.2"
   - "intact.512.3"
   - "intact.512.4"
intactLabels:
   - FSC-A
   - SSC-A
   - CD20
   - CD10
   - CD45
   - CD34
   - SYTO41
   - CD19
   - CD38
intactMu: !!opencv-matrix
   rows: 5
   cols: 9
   dt: d
   data: [ 3.3043085341217924e+00, 2.9536984488947291e+00,
       1.5320061946484178e+00, 2.3426263476515046e+00,
       3.1422005407920510e+00, 1.2285581008233708e+00,
       2.4370878395768694e+00, 1.6822835275101526e+00,
       1.7504813552782679e+00, 2.1696949733296051e+00,
       5.1761969533678531e-01, 1.3101037508131559e+00,
       9.7176041401383928e-01, 3.7420223906231360e+00,
       1.1564344913251758e+00, 2.2213280082901976e+00,
       1.1517215589155936e+00, 2.0887893153296559e+00,
       2.5645101046969856e+00, 1.3417831555367339e+00,
       1.8465096701257331e+00, 1.7039224861725601e+00,
       3.4327559920228419e+00, 1.2911749255955398e+00,
       2.5091507501934438e+00, 1.5219456997279943e+00,
       2.0870771458684341e+00, 1.7154342966189398e+00,
       2.7272716934841212e-01, 1.2009258419407984e+00,
       9.0639867825415876e-01, 3.5716554537421117e+00,
       1.0787781000855203e+00, 2.4688147119825432e+00,
       1.0783162960902701e+00, 1.8035122304331839e+00,
       2.0622312374569582e+00, 9.9754507502584422e-01,
       1.3901665548787654e+00, 1.3595669224559528e+00,
       1.7653072959204186e+00, 1.1072288140244659e+00,
       2.2835905819196460e+00, 1.2632547308599100e+00,
       1.6687930687333306e+00 ]
intactSigma:
   - !!opencv-matrix
      rows: 9
      cols: 9
      dt: d
      data: [ 4.0996139654900554e-01, 1.0239113507225414e-01,
          1.4858193067097673e-02, -3.0338392230041398e-02,
          -1.4902009550266630e-02, 4.3240514097714995e-03,
          -6.4384763496139301e-03, 2.2741225886100926e-02,
          5.0006136289631681e-03, 1.0239113507225418e-01,
          3.3566937983069056e-01, 4.3902028367643557e-02,
          4.7064379719029367e-02, 2.3495055549024351e-02,
          1.6397386863388881e-02, 2.4367020451634080e-03,
          6.3900229552214693e-02, 5.5669490889701558e-03,
          1.4858193067097675e-02, 4.3902028367643557e-02,
          3.4167603154706301e-02, 1.1058155015993519e-02,
          9.3838726598572866e-03, 5.2444708463300011e-03,
          1.4344411227924304e-03, 9.4375252134761851e-03,
          8.2645797759889350e-04, -3.0338392230041398e-02,
          4.7064379719029367e-02, 1.1058155015993521e-02,
          1.3122673008680599e-01, 3.7230214204189156e-02,
          7.5837578238853150e-03, -3.0690824595352630e-03,
          9.7093425913450382e-03, -1.7860130426083894e-03,
          -1.4902009550266635e-02, 2.3495055549024348e-02,
          9.3838726598572900e-03, 3.7230214204189156e-02,
          4.0142695356235818e-02, 4.1733145839800059e-03,
          -3.6370375330356838e-03, 5.2707862217292959e-03,
          -2.5169260606341618e-03, 4.3240514097715012e-03,
          1.6397386863388881e-02, 5.2444708463299985e-03,
          7.5837578238853133e-03, 4.1733145839800059e-03,
          9.2394327210810867e-02, 2.3477784908328587e-03,
          3.9722506016518751e-03, 5.5914089875543213e-04,
          -6.4384763496139284e-03, 2.4367020451634062e-03,
          1.4344411227924299e-03, -3.0690824595352617e-03,
          -3.6370375330356838e-03, 2.3477784908328570e-03,
          2.2294961267186286e-02, 4.7727303324025816e-04,
          -1.8860708999852809e-04, 2.2741225886100926e-02,
          6.3900229552214693e-02, 9.4375252134761851e-03,
          9.7093425913450382e-03, 5.2707862217292950e-03,
          3.9722506016518760e-03, 4.7727303324025799e-04,
          2.7410444247902680e-02, -1.0577226204357298e-03,
          5.0006136289631681e-03, 5.5669490889701540e-03,
          8.2645797759889361e-04, -1.7860130426083892e-03,
          -2.5169260606341609e-03, 5.5914089875543148e-04,
          -1.8860708999852798e-04, -1.0577226204357298e-03,
          7.3668754314769307e-03 ]
   - !!opencv-matrix
      rows: 9
      cols: 9
      dt: d
      data: [ 1.9912785840515446e-01, 9.7058435690187961e-03,
          4.7438799962589481e-03, 3.7287788022622574e-03,
          7.8761146502733161e-03, 4.2201560218905207e-03,
          -6.7229620741588733e-03, -2.4309009072697473e-03,
          9.3344935421040536e-03, 9.7058435690187961e-03,
          1.4121987269554305e-02, 8.2326825482663020e-03,
          3.1123559447828373e-03, 2.3217233402251071e-03,
          -1.4569788590738632e-04, -5.0636471897796687e-03,
          3.7888441549929533e-03, 1.7850402052681989e-02,
          4.7438799962589463e-03, 8.2326825482663020e-03,
          5.2778630727192508e-02, -5.0171122977024109e-04,
          5.1965217358391136e-03, -2.9568901937679767e-03,
          5.9020213350009948e-05, 3.0421899151314878e-03,
          -4.5782562163539653e-03, 3.7287788022622561e-03,
          3.1123559447828373e-03, -5.0171122977024077e-04,
          5.0501496349528358e-02, 3.8037061337838902e-03,
          -2.5706514582204626e-03, -1.0118582437475903e-03,
          3.0518462785653301e-03, 4.5290486945452520e-03,
          7.8761146502733161e-03, 2.3217233402251071e-03,
          5.1965217358391136e-03, 3.8037061337838902e-03,
          1.4557530186988070e-02, 1.4178426754568754e-03,
          -3.2066160417852855e-03, 7.1290387771497663e-04,
          -1.3624442777740803e-02, 4.2201560218905216e-03,
          -1.4569788590738665e-04, -2.9568901937679776e-03,
          -2.5706514582204622e-03, 1.4178426754568756e-03,
          1.7757494162495707e-01, 1.5404039687437459e-03,
          -2.4014504129092180e-03, 1.6055388532262949e-02,
          -6.7229620741588760e-03, -5.0636471897796713e-03,
          5.9020213350009487e-05, -1.0118582437475914e-03,
          -3.2066160417852855e-03, 1.5404039687437465e-03,
          5.3248472664342392e-02, -1.5173680204316881e-03,
          -6.4445828377366005e-03, -2.4309009072697482e-03,
          3.7888441549929533e-03, 3.0421899151314878e-03,
          3.0518462785653296e-03, 7.1290387771497717e-04,
          -2.4014504129092171e-03, -1.5173680204316877e-03,
          2.9737341268932148e-02, 1.9130570728952093e-03,
          9.3344935421040519e-03, 1.7850402052681989e-02,
          -4.5782562163539627e-03, 4.5290486945452494e-03,
          -1.3624442777740803e-02, 1.6055388532262942e-02,
          -6.4445828377366005e-03, 1.9130570728952095e-03,
          1.9977709966839458e-01 ]
   - !!opencv-matrix
      rows: 9
      cols: 9
      dt: d
      data: [ 8.0667016172837014e-01, 5.9273041712113739e-01,
          -9.8457132636957569e-03, 1.3743157127737718e-01,
          -1.6417072798925264e-02, 6.5950472979276309e-02,
          6.8897793489962153e-02, 5.2493150205932058e-02,
          7.8102817774091768e-02, 5.9273041712113728e-01,
          9.6629365588853877e-01, -3.3677176012353344e-02,
          1.9861385894243333e-01, -5.2665924415473193e-02,
          1.0797039427061944e-01, 8.5876093455536651e-02,
          1.3037663871868552e-01, 2.4785233867950660e-02,
          -9.8457132636957569e-03, -3.3677176012353344e-02,
          4.7645439519376354e-01, -6.8046151860559395e-04,
          2.1742315803348514e-02, 2.3902312554199657e-02,
          -4.9147884081609640e-03, 1.4979393844585220e-01,
          -3.6987390721198700e-02, 1.3743157127737715e-01,
          1.9861385894243333e-01, -6.8046151860559059e-04,
          3.5727836707703198e-01, -1.9014645385701370e-02,
          2.9450526568124719e-02, 2.2343196755852023e-02,
          2.9259957937503474e-02, -1.2918059035590592e-02,
          -1.6417072798925261e-02, -5.2665924415473193e-02,
          2.1742315803348521e-02, -1.9014645385701370e-02,
          1.6720035732567787e-01, -1.5255808324734599e-02,
