%YAML:1.0
---
groups:
   - intact
   - CD19
   - blast
intactGmmnames:
   - "intact.521.0"
   - "intact.521.1"
   - "intact.521.2"
   - "intact.521.3"
   - "intact.521.4"
intactLabels:
   - FSC-A
   - SSC-A
   - CD20
   - CD10
   - CD45
   - CD34
   - SYTO41
   - CD19
   - CD38
intactMu: !!opencv-matrix
   rows: 5
   cols: 9
   dt: d
   data: [ 1.0725710886240079e+00, 3.9057704127462761e-01,
       8.9308699731421293e-01, 1.0658408603695939e+00,
       2.1657581054132056e+00, 9.7104870017540112e-01,
       4.2896253284821473e+00, 1.2181267516616547e+00,
       1.6357938802299985e+00, 2.6810391636327591e+00,
       3.6667527531143724e+00, 7.6573696625330157e-01,
       2.7839950884187230e+00, 3.0312807372147925e+00,
       1.0311800258542396e+00, 4.3411259736448145e+00,
       1.9170516263384980e+00, 1.6187825044515136e+00,
       1.4240685123356061e+00, 4.7029298184250556e-01,
       6.4397182940875075e-01, 5.2309269999641261e-01,
       3.7598243130927842e+00, 9.9692041303659318e-01,
       4.3702130791363496e+00, 1.2941536687051411e+00,
       1.9183791549187175e+00, 3.0422627686929995e+00,
       3.4958894380709085e+00, 7.9709268570200287e-01,
       1.6487606149259899e+00, 2.8250799123553847e+00,
       1.0039487693597029e+00, 4.3315478445498590e+00,
       1.8739686887729978e+00, 1.7315010158588797e+00,
       2.1975209528899815e+00, 2.3839865876039830e+00,
       1.1666141379430677e+00, 1.7447101872474791e+00,
       3.0557851182957876e+00, 1.3614715196956984e+00,
       4.1799242806249186e+00, 1.7302068602883016e+00,
       2.2614484687429495e+00 ]
intactSigma:
   - !!opencv-matrix
      rows: 9
      cols: 9
      dt: d
      data: [ 1.2471214280783628e-01, 2.3833707317129919e-02,
          6.7953486168615782e-02, 2.2129205670612492e-02,
          2.3935940300831782e-01, -6.1893046395654783e-03,
          4.1658884902509826e-03, 2.1345234102197564e-02,
          7.8665380227828097e-03, 2.3833707317129919e-02,
          2.6137725975827641e-02, 4.8506893812073487e-02,
          1.9816533856453728e-02, 4.6782544529090718e-02,
          1.0668142866059124e-02, 6.2082133449940324e-04,
          1.1884776469294768e-02, 4.6903338068162744e-04,
          6.7953486168615782e-02, 4.8506893812073487e-02,
          2.9482591674170056e-01, 5.2702718920515174e-02,
          2.5760673999194633e-01, 4.1766023547838066e-02,
          -2.1114486807716867e-02, 4.4448890814315002e-02,
          9.6458377235777715e-03, 2.2129205670612488e-02,
          1.9816533856453728e-02, 5.2702718920515174e-02,
          3.5806897839474472e-01, 6.8359118635292954e-02,
          5.1388663016905645e-02, -5.5717103472094388e-03,
          2.0449780514519074e-02, 1.1915778364021860e-02,
          2.3935940300831782e-01, 4.6782544529090711e-02,
          2.5760673999194628e-01, 6.8359118635292954e-02,
          1.1119262189362429e+00, -1.6860638881897344e-02,
          2.0324439507659196e-02, 6.7382910661316783e-02,
          6.7353752751297902e-02, -6.1893046395654766e-03,
          1.0668142866059124e-02, 4.1766023547838066e-02,
          5.1388663016905652e-02, -1.6860638881897344e-02,
          1.1982568071484574e-01, -4.6746543056316201e-03,
          4.4222850408256343e-03, -4.6565820599818071e-03,
          4.1658884902509834e-03, 6.2082133449940324e-04,
          -2.1114486807716867e-02, -5.5717103472094397e-03,
          2.0324439507659196e-02, -4.6746543056316210e-03,
          2.1416436818135935e-02, 1.4304943139329049e-03,
          1.2875320491636418e-03, 2.1345234102197564e-02,
          1.1884776469294768e-02, 4.4448890814315002e-02,
          2.0449780514519074e-02, 6.7382910661316797e-02,
          4.4222850408256369e-03, 1.4304943139329049e-03,
          1.8059578423078503e-02, 3.0334490514806701e-03,
          7.8665380227828079e-03, 4.6903338068162765e-04,
          9.6458377235777732e-03, 1.1915778364021858e-02,
          6.7353752751297916e-02, -4.6565820599818071e-03,
          1.2875320491636418e-03, 3.0334490514806714e-03,
          2.5258079860628665e-02 ]
   - !!opencv-matrix
      rows: 9
      cols: 9
      dt: d
      data: [ 1.9640633277819727e-01, 6.7297862304025499e-02,
          1.7820541203063155e-02, -3.3459991758603473e-02,
          -1.9808642973151339e-02, 1.2096566661944966e-03,
          -6.2379341882339498e-03, 1.3488469466915624e-02,
          6.3304602990056974e-03, 6.7297862304025513e-02,
          2.4521739766167286e-01, 2.7371085142498992e-02,
          2.1292204381092611e-02, 1.2459334871920686e-02,
          2.1799252464353219e-03, -2.3325967578031897e-03,
          4.2810829748674568e-02, -1.7872509604025669e-04,
          1.7820541203063152e-02, 2.7371085142498985e-02,
          3.3163917455008546e-02, -7.7321836103203575e-04,
          -1.3152088639137029e-03, -6.6718932820711448e-04,
          -9.5428227085328048e-03, 4.2730122920542467e-03,
          1.4717815004036021e-03, -3.3459991758603473e-02,
          2.1292204381092621e-02, -7.7321836103203575e-04,
          6.9913884199038434e-02, 2.7348461109941637e-02,
          1.8097484733462005e-03, 1.0211368882802685e-03,
          4.9425102493590245e-03, -2.2062448101903666e-03,
          -1.9808642973151339e-02, 1.2459334871920689e-02,
          -1.3152088639137032e-03, 2.7348461109941637e-02,
          2.7329531048186268e-02, -6.6914307261537072e-04,
          9.2125795921175720e-04, 4.0212997795938321e-03,
          -1.9278299953056901e-03, 1.2096566661944981e-03,
          2.1799252464353219e-03, -6.6718932820711448e-04,
          1.8097484733461998e-03, -6.6914307261537083e-04,
          9.4271297138524640e-02, 9.6630626391414531e-04,
          1.2436666865586110e-03, -8.9017745619132541e-04,
          -6.2379341882339507e-03, -2.3325967578031897e-03,
          -9.5428227085328048e-03, 1.0211368882802690e-03,
          9.2125795921175753e-04, 9.6630626391414499e-04,
          8.9444307795244829e-03, -4.6633256963051063e-05,
          -3.6312472246530187e-04, 1.3488469466915624e-02,
          4.2810829748674575e-02, 4.2730122920542467e-03,
          4.9425102493590245e-03, 4.0212997795938303e-03,
          1.2436666865586112e-03, -4.6633256963051158e-05,
          1.9401260268575211e-02, -3.1083791349764112e-03,
          6.3304602990056991e-03, -1.7872509604025693e-04,
          1.4717815004036019e-03, -2.2062448101903675e-03,
          -1.9278299953056901e-03, -8.9017745619132563e-04,
          -3.6312472246530182e-04, -3.1083791349764112e-03,
          2.3896027614731495e-02 ]
   - !!opencv-matrix
      rows: 9
      cols: 9
      dt: d
      data: [ 5.1448553895216360e-02, 1.3522080734929645e-02,
          8.2105665558300338e-03, 5.0949558796190564e-03,
          9.3955429983717930e-03, 2.1531295246246815e-03,
          -5.2356208970131182e-03, 4.7190691810245506e-03,
          6.1197357517369976e-03, 1.3522080734929644e-02,
          1.8959064851125241e-02, 1.2502826210843154e-02,
          8.6605088671614268e-03, 9.3763667630622893e-03,
          2.5864170948980913e-03, -6.5977338147665430e-03,
          6.7257404135439838e-03, 1.1271837813603523e-02,
          8.2105665558300320e-03, 1.2502826210843154e-02,
          3.5051670907257700e-02, 8.0879303072619799e-03,
          8.2925237863115848e-03, 8.7475633009509229e-04,
          -8.1104758355123856e-03, 5.4316671360462657e-03,
          -8.5183346486936151e-03, 5.0949558796190555e-03,
          8.6605088671614268e-03, 8.0879303072619799e-03,
          5.1952649816199417e-02, 4.8395048622005780e-03,
          -4.1512428004535822e-03, -5.0934951460141044e-03,
          4.4642265682167444e-03, -8.2901129403143586e-04,
          9.3955429983717930e-03, 9.3763667630622893e-03,
          8.2925237863115848e-03, 4.8395048622005788e-03,
          1.1526739967120635e-02, 6.8863480135034386e-04,
          -3.8084190885576937e-03, 5.0666962296400950e-03,
