%YAML:1.0
---
groups:
   - intact
   - CD19
   - blast
intactGmmnames:
   - "intact.523.0"
   - "intact.523.1"
   - "intact.523.2"
   - "intact.523.3"
   - "intact.523.4"
intactLabels:
   - FSC-A
   - SSC-A
   - CD20
   - CD10
   - CD45
   - CD34
   - SYTO41
   - CD19
   - CD38
intactMu: !!opencv-matrix
   rows: 5
   cols: 9
   dt: d
   data: [ 1.1797366448519269e+00, 4.4227315712520815e-01,
       1.2376016980526372e+00, 1.1857100007731378e+00,
       1.3440586788393989e+00, 1.0225490627555138e+00,
       3.4086394208367823e+00, 1.1495967407451695e+00,
       1.6210231604640761e+00, 1.0502179516119305e+00,
       2.8436000733464784e-01, 1.0958135412455903e+00,
       8.4666374131304978e-01, 3.3450835876102425e+00,
       1.0107488806783524e+00, 3.5034322746641871e+00,
       1.1364047484646558e+00, 1.6896968195015580e+00,
       2.1662529256535765e+00, 2.2528625154035393e+00,
       1.6609032405839603e+00, 1.7149865130836042e+00,
       2.7800386944056914e+00, 1.2833200774773843e+00,
       3.4508922313974311e+00, 1.5896937441154924e+00,
       1.7043495108124860e+00, 1.6317141726945166e+00,
       5.7426336447335669e-01, 1.3269570336958936e+00,
       9.4223310789663417e-01, 3.5855421122688651e+00,
       1.0545639610840509e+00, 3.3391420499446496e+00,
       1.2331180419087409e+00, 1.8261100463414173e+00,
       1.8338608572425112e+00, 8.8978539828560443e-01,
       2.9065767759845818e+00, 2.7547707531260985e+00,
       1.6421131596320129e+00, 1.9351691101212791e+00,
       3.4402945399499965e+00, 1.6892180261031431e+00,
       1.9416012448920306e+00 ]
intactSigma:
   - !!opencv-matrix
      rows: 9
      cols: 9
      dt: d
      data: [ 1.3265996128637139e-01, 3.0978152258591633e-02,
          3.4625602595604092e-02, 2.6796720701495910e-02,
          1.5154339178145463e-02, 3.1033287309873755e-03,
          1.9491001816260092e-02, 9.3278369336964543e-03,
          1.2157115570357972e-03, 3.0978152258591633e-02,
          3.1199276489987878e-02, 3.3059852626409786e-02,
          2.2652807322317108e-02, 1.4853822809081022e-02,
          3.7050642734854956e-03, 4.3747099852438215e-03,
          7.9652447573427317e-03, 8.3487348201692515e-04,
          3.4625602595604085e-02, 3.3059852626409786e-02,
          1.1421642405601477e-01, 4.9467315433891768e-02,
          2.9344518090655042e-02, 6.3420904359039066e-03,
          -5.8306962971986856e-03, 1.1874378411089149e-02,
          1.6206421477812491e-03, 2.6796720701495916e-02,
          2.2652807322317111e-02, 4.9467315433891761e-02,
          1.2327999111721395e-01, 2.6698025656353156e-02,
          5.1893337288369959e-03, 1.0115359041772402e-02,
          9.2683151375029960e-03, 3.4023790368659574e-03,
          1.5154339178145463e-02, 1.4853822809081022e-02,
          2.9344518090655042e-02, 2.6698025656353149e-02,
          5.3024369083289516e-02, 2.8576574121661922e-03,
          3.7372490049861450e-03, 5.7874678977051413e-03,
          1.6633353841472428e-03, 3.1033287309873763e-03,
          3.7050642734854956e-03, 6.3420904359039049e-03,
          5.1893337288369959e-03, 2.8576574121661931e-03,
          3.6804984093610091e-02, 3.8496923505591980e-03,
          1.7347297437497980e-03, 1.1229878105336254e-04,
          1.9491001816260088e-02, 4.3747099852438206e-03,
          -5.8306962971986839e-03, 1.0115359041772402e-02,
          3.7372490049861437e-03, 3.8496923505591980e-03,
          5.7787377839818320e-02, 2.6588616284083312e-03,
          8.9499072419242903e-04, 9.3278369336964543e-03,
          7.9652447573427317e-03, 1.1874378411089147e-02,
          9.2683151375029960e-03, 5.7874678977051413e-03,
          1.7347297437497980e-03, 2.6588616284083308e-03,
          1.0190256118613628e-02, -3.4762345484387456e-04,
          1.2157115570357977e-03, 8.3487348201692515e-04,
          1.6206421477812495e-03, 3.4023790368659574e-03,
          1.6633353841472428e-03, 1.1229878105336253e-04,
          8.9499072419242881e-04, -3.4762345484387462e-04,
          1.4092127510836462e-03 ]
   - !!opencv-matrix
      rows: 9
      cols: 9
      dt: d
      data: [ 5.8917791433810693e-02, 5.9902372135562827e-03,
          1.8475927624401842e-02, 6.6405158582927525e-03,
          9.3178068536358336e-03, -2.2672267561109245e-03,
          -1.0180607136124073e-02, 1.2821469098925088e-03,
          -2.3232053098820923e-03, 5.9902372135562827e-03,
          1.0944439684662221e-02, 1.5510055313417407e-02,
          7.3991965108337228e-03, 2.3056789340636452e-03,
          2.2350532256254249e-03, -4.5161532532678108e-04,
          3.0002846897266185e-03, -7.3914537718547456e-04,
          1.8475927624401842e-02, 1.5510055313417408e-02,
          1.1376501421081336e-01, 2.1176415223217719e-02,
          5.5384739465830363e-03, 4.6825889010111612e-03,
          -1.6567326181128057e-03, 7.1648394923683641e-03,
          -2.2414793353053419e-03, 6.6405158582927516e-03,
          7.3991965108337228e-03, 2.1176415223217719e-02,
          6.9411215108293123e-02, 2.5960489214638992e-03,
          -1.8603941448513722e-03, -7.8850305971013719e-04,
          3.7820866371320225e-03, -4.7634714088270807e-04,
          9.3178068536358353e-03, 2.3056789340636448e-03,
          5.5384739465830363e-03, 2.5960489214638992e-03,
          1.0415811311637433e-02, -1.2462533848043634e-03,
          -1.3246391700885197e-03, 1.2206377627535349e-03,
          1.1973740621069988e-04, -2.2672267561109250e-03,
          2.2350532256254249e-03, 4.6825889010111621e-03,
          -1.8603941448513722e-03, -1.2462533848043638e-03,
          1.0131165957755074e-01, 1.3005712799511037e-03,
          1.5618609180147556e-03, 1.2644470132733590e-05,
          -1.0180607136124073e-02, -4.5161532532678124e-04,
          -1.6567326181128048e-03, -7.8850305971013698e-04,
          -1.3246391700885191e-03, 1.3005712799511035e-03,
          4.6190616783260141e-03, 1.5415609676803157e-04,
          1.7422529704654079e-04, 1.2821469098925091e-03,
          3.0002846897266189e-03, 7.1648394923683641e-03,
          3.7820866371320208e-03, 1.2206377627535345e-03,
          1.5618609180147564e-03, 1.5415609676803154e-04,
          1.3884660433866587e-02, -1.1851204189539542e-03,
          -2.3232053098820923e-03, -7.3914537718547456e-04,
          -2.2414793353053410e-03, -4.7634714088270829e-04,
          1.1973740621069991e-04, 1.2644470132733367e-05,
          1.7422529704654076e-04, -1.1851204189539542e-03,
          5.8787231251329567e-03 ]
   - !!opencv-matrix
      rows: 9
      cols: 9
      dt: d
      data: [ 5.5895204844865309e-01, 4.3290746772404287e-01,
          1.6911568068875168e-02, 3.1711106399149876e-02,
          -9.3408510070228500e-03, -9.1095454009094273e-03,
          -1.0588084125804321e-02, 5.9598830717314720e-02,
          1.0852082433988634e-02, 4.3290746772404287e-01,
          1.5014175023968481e+00, 1.5170009352554316e-02,
          3.0890979343057617e-01, 1.8262791057831695e-01,
          -3.3465235654237944e-02, -8.9734797277992842e-02,
          2.3514301803112411e-01, -1.4496352193282861e-02,
          1.6911568068875164e-02, 1.5170009352554312e-02,
          1.8778660102429914e-01, 7.5754947502796877e-02,
          -3.0524365905359686e-03, 2.7887556358092789e-02,
          1.6773150181667716e-02, 6.0155509958430872e-02,
          5.4931524896323263e-03, 3.1711106399149876e-02,
          3.0890979343057617e-01, 7.5754947502796877e-02,
          3.6263030216011433e-01, 4.7359563295433227e-02,
          1.1424594325851193e-02, -1.4807691273125563e-02,
          6.6539511056850770e-02, -1.1361987923511190e-02,
          -9.3408510070228535e-03, 1.8262791057831695e-01,
          -3.0524365905359699e-03, 4.7359563295433227e-02,
          4.1141905290366676e-01, -3.3238626817867815e-02,
          -4.7697462878941936e-02, 4.7231574130660717e-02,
