%YAML:1.0
---
groups:
   - intact
   - CD19
   - blast
intactGmmnames:
   - "intact.526.0"
   - "intact.526.1"
   - "intact.526.2"
   - "intact.526.3"
   - "intact.526.4"
intactLabels:
   - FSC-A
   - SSC-A
   - CD20
   - CD10
   - CD45
   - CD34
   - SYTO41
   - CD19
   - CD38
intactMu: !!opencv-matrix
   rows: 5
   cols: 9
   dt: d
   data: [ 5.9314670185429186e-01, 2.6987277348595146e-01,
       7.8309564332268888e-01, 1.0334741530649334e+00,
       3.4749199615571693e+00, 1.0822099088274844e+00,
       4.2371548543318864e+00, 1.1441008805924056e+00,
       1.6405682810389568e+00, 1.0202693637398388e+00,
       3.0465282179759762e-01, 1.0464118788073100e+00,
       1.2313988837304555e+00, 3.5188110917861892e+00,
       1.0807354083750085e+00, 3.7854048422312285e+00,
       1.1428356531230286e+00, 1.6553658253116892e+00,
       1.5567147133414809e+00, 1.9735525942655734e+00,
       1.4410446479631394e+00, 1.9457568134256225e+00,
       2.9522188969447107e+00, 1.4758746966422531e+00,
       3.7982552600763584e+00, 1.5906690288040484e+00,
       1.8479847631929627e+00, 7.0238502921649582e-01,
       4.2664009960853044e-01, 9.1879544994278095e-01,
       1.5805012030524539e+00, 1.6227201928534594e+00,
       1.0937608907403089e+00, 4.0995934551604787e+00,
       1.1467194427937051e+00, 1.6239764141992930e+00,
       1.4094534368300184e+00, 6.3031577805809536e-01,
       1.1690008165783989e+00, 1.4330352318982200e+00,
       3.6997638060424713e+00, 1.0889090110304733e+00,
       3.4894674846742468e+00, 1.2600745339432813e+00,
       2.4658433028590712e+00 ]
intactSigma:
   - !!opencv-matrix
      rows: 9
      cols: 9
      dt: d
      data: [ 2.7155684750335075e-02, 2.2707288022110537e-03,
          1.4890701040644442e-02, 5.0013455407003074e-03,
          2.8217339808652023e-03, -1.7363535864840698e-03,
          -1.0637898552226447e-02, -1.8123291752042173e-04,
          -1.9714175618151613e-03, 2.2707288022110542e-03,
          8.4449789895385576e-03, 1.0467206821137633e-02,
          1.4273937921135934e-02, 3.7430972575824778e-03,
          2.4882169852672360e-03, -4.1912444908050645e-04,
          1.7019077460612843e-03, -7.4718794421393085e-03,
          1.4890701040644442e-02, 1.0467206821137633e-02,
          5.1730496755031573e-02, 2.9208308852981264e-02,
          6.3450836025712616e-03, 1.8157578553675742e-03,
          -9.6212967209625151e-03, 1.2660768782152589e-03,
          -1.4919444482759692e-02, 5.0013455407003091e-03,
          1.4273937921135937e-02, 2.9208308852981264e-02,
          3.1944568136013723e-01, 1.3126555594526390e-02,
          6.9841661266753152e-03, -1.4721032810595220e-03,
          1.3948936292785175e-02, -1.0629246333191785e-02,
          2.8217339808652023e-03, 3.7430972575824778e-03,
          6.3450836025712616e-03, 1.3126555594526390e-02,
          1.0803607611117583e-02, 6.9788943027013130e-05,
          -4.0099920582251460e-04, 1.8091583849040955e-03,
          -3.2382239803518450e-03, -1.7363535864840702e-03,
          2.4882169852672368e-03, 1.8157578553675748e-03,
          6.9841661266753126e-03, 6.9788943027013388e-05,
          1.1539848710043261e-01, 1.4232492779790672e-03,
          1.4664476518879165e-03, 3.4177266331462475e-03,
          -1.0637898552226447e-02, -4.1912444908050655e-04,
          -9.6212967209625168e-03, -1.4721032810595216e-03,
          -4.0099920582251466e-04, 1.4232492779790674e-03,
          9.3287083674352730e-03, 1.0932816572999696e-03,
          -2.4873504315627465e-04, -1.8123291752042181e-04,
          1.7019077460612843e-03, 1.2660768782152595e-03,
          1.3948936292785175e-02, 1.8091583849040951e-03,
          1.4664476518879161e-03, 1.0932816572999699e-03,
          1.8440413489136432e-02, -5.3591725308876669e-03,
          -1.9714175618151621e-03, -7.4718794421393103e-03,
          -1.4919444482759696e-02, -1.0629246333191783e-02,
          -3.2382239803518459e-03, 3.4177266331462462e-03,
          -2.4873504315627492e-04, -5.3591725308876660e-03,
          1.6569051392420212e-01 ]
   - !!opencv-matrix
      rows: 9
      cols: 9
      dt: d
      data: [ 5.6294899890379196e-02, 6.7401244823375311e-03,
          1.2785225704072064e-02, 1.8856435981393253e-02,
          3.2690521761554532e-03, 2.7752670976512149e-03,
          -1.4068614842313681e-02, 2.1034207389809966e-03,
          -1.9811636602795349e-02, 6.7401244823375311e-03,
          1.0185861363088501e-02, 1.0490963963029830e-02,
          1.8673876676503803e-02, 4.9889213733370335e-03,
          1.6265251708221758e-03, -1.7527376125936983e-03,
          2.6224116283729555e-03, -8.0846399724766125e-03,
          1.2785225704072064e-02, 1.0490963963029832e-02,
          4.0266593647925251e-02, 2.9853233267804404e-02,
          4.3578598937542724e-03, 2.3683981458571583e-04,
          -1.5112845014715635e-02, 2.8203193232079348e-03,
          -1.4476570899272177e-02, 1.8856435981393253e-02,
          1.8673876676503796e-02, 2.9853233267804397e-02,
          3.1380314546644533e-01, 1.4599175634117953e-02,
          2.2067877768168712e-04, -1.3209961239134295e-03,
          1.5297489095871792e-02, -2.7949660708486333e-02,
          3.2690521761554528e-03, 4.9889213733370335e-03,
          4.3578598937542724e-03, 1.4599175634117957e-02,
          1.2382439650263052e-02, 1.1433023606585017e-03,
          3.1208338447266393e-03, 2.4817850128574783e-03,
          1.6699619340642535e-04, 2.7752670976512158e-03,
          1.6265251708221758e-03, 2.3683981458571596e-04,
          2.2067877768168630e-04, 1.1433023606585010e-03,
          1.1789268656630812e-01, 3.6963609353214766e-03,
          2.3879236610037458e-03, 7.6543283498126391e-03,
          -1.4068614842313684e-02, -1.7527376125936983e-03,
          -1.5112845014715636e-02, -1.3209961239134286e-03,
          3.1208338447266397e-03, 3.6963609353214749e-03,
          5.0330982237345064e-02, 1.3856658847852172e-03,
          8.5373796026680538e-03, 2.1034207389809961e-03,
          2.6224116283729555e-03, 2.8203193232079356e-03,
          1.5297489095871792e-02, 2.4817850128574775e-03,
          2.3879236610037458e-03, 1.3856658847852168e-03,
          1.9372004977300544e-02, -4.9767821413161375e-03,
          -1.9811636602795356e-02, -8.0846399724766125e-03,
          -1.4476570899272180e-02, -2.7949660708486340e-02,
          1.6699619340642508e-04, 7.6543283498126391e-03,
          8.5373796026680555e-03, -4.9767821413161375e-03,
          2.0021875721553503e-01 ]
   - !!opencv-matrix
      rows: 9
      cols: 9
      dt: d
      data: [ 4.9100405370345301e-01, 5.4853421576172590e-01,
          5.5319089364725134e-02, 5.3745156656287582e-02,
          1.5373049338090106e-01, 4.6535957722329116e-02,
          -1.8607572226089549e-02, 8.2561960368374640e-02,
          3.6812590356101109e-03, 5.4853421576172590e-01,
          1.5425730007369927e+00, 1.8551996809456517e-02,
          -1.7028683421690453e-02, 3.6075856154976305e-01,
          5.2332836855145802e-02, -2.6555382034588754e-02,
          2.0691236644744654e-01, -1.7083854959986511e-01,
          5.5319089364725134e-02, 1.8551996809456517e-02,
          2.6776506777663756e-01, 2.3004189800100042e-01,
          -5.3840122565220055e-02, 4.8016682657024176e-02,
          -5.7421185769009314e-02, 5.8677798635416667e-02,
          -5.4765350963139146e-03, 5.3745156656287582e-02,
          -1.7028683421690442e-02, 2.3004189800100042e-01,
          6.5887729814601825e-01, -7.4415935836871963e-02,
          5.0513352539226557e-02, -2.0957990721808033e-02,
          9.3734803139402287e-02, 3.5639352046255693e-02,
          1.5373049338090106e-01, 3.6075856154976305e-01,
          -5.3840122565220055e-02, -7.4415935836871963e-02,
          5.5843856497210198e-01, -1.1060649250253583e-03,
