%YAML:1.0
---
groups:
   - intact
   - CD19
   - blast
intactGmmnames:
   - "intact.527.0"
   - "intact.527.1"
   - "intact.527.2"
   - "intact.527.3"
   - "intact.527.4"
intactLabels:
   - FSC-A
   - SSC-A
   - CD20
   - CD10
   - CD45
   - CD34
   - SYTO41
   - CD19
   - CD38
intactMu: !!opencv-matrix
   rows: 5
   cols: 9
   dt: d
   data: [ 1.3485462926189871e+00, 4.4641163696795411e-01,
       7.9900572994811814e-01, 8.8839228265420767e-01,
       3.6607132868750272e+00, 1.0557623369450280e+00,
       4.1878942163932331e+00, 1.1386510733176785e+00,
       1.9364955054723603e+00, 2.5506203087697581e+00,
       3.5415979599197431e+00, 8.4300321644290399e-01,
       2.2118383827424291e+00, 2.8372897560415411e+00,
       1.0999902395218979e+00, 4.3610718435473146e+00,
       1.6825988976371204e+00, 1.8149577956904510e+00,
       1.5154204280837174e+00, 2.0432713683965158e+00,
       1.4123164187482669e+00, 2.0308134184397963e+00,
       2.3332673495325524e+00, 1.0922121985365263e+00,
       3.5937296546888851e+00, 1.4339326614483974e+00,
       1.6411893086963947e+00, 2.0246755356128627e+00,
       1.7912512444544813e+00, 1.5362731378780190e+00,
       2.1184874027922862e+00, 2.9480366607466504e+00,
       1.7781736822195364e+00, 3.8353493551241553e+00,
       1.4509795282424014e+00, 1.8674290483390803e+00,
       1.6437092319191213e+00, 1.8765537062390250e+00,
       2.0633005545103749e+00, 3.7979044931245807e+00,
       1.7465772445942962e+00, 1.4602384551784082e+00,
       3.7207780163730133e+00, 1.4866343935684543e+00,
       1.6655348137057180e+00 ]
intactSigma:
   - !!opencv-matrix
      rows: 9
      cols: 9
      dt: d
      data: [ 5.6862317367534762e-02, 2.1585575414845865e-02,
          1.3925260457772417e-02, 4.4007982138567865e-03,
          4.9443356753468420e-03, 2.5710938661653851e-03,
          -1.4493374166809169e-02, 4.1706768853833611e-03,
          2.9336571280414277e-02, 2.1585575414845865e-02,
          3.3061610109990376e-02, 1.9772486373283372e-02,
          6.7027482769659611e-03, 6.9576042986842449e-03,
          5.3331648845231722e-03, -1.7318435162677361e-02,
          5.4498134639199272e-03, 3.7110821191137650e-02,
          1.3925260457772416e-02, 1.9772486373283379e-02,
          3.9954525450739665e-02, 5.6694442648362207e-03,
          6.5001421729330060e-03, 2.9855963880749303e-03,
          -1.6804506249650606e-02, 3.3912787612434200e-03,
          9.3384317964647773e-03, 4.4007982138567865e-03,
          6.7027482769659611e-03, 5.6694442648362207e-03,
          1.3151796170593524e-02, 2.2632505737604411e-03,
          -2.1558948187988783e-03, -5.2868407740938794e-03,
          1.2078321860647110e-03, 4.5064744803957977e-03,
          4.9443356753468412e-03, 6.9576042986842440e-03,
          6.5001421729330060e-03, 2.2632505737604411e-03,
          1.0910559680412952e-02, 5.7198561321381415e-06,
          -5.3518929108934653e-03, 1.7426604757779590e-03,
          -4.8588069257812869e-03, 2.5710938661653851e-03,
          5.3331648845231722e-03, 2.9855963880749308e-03,
          -2.1558948187988779e-03, 5.7198561321382737e-06,
          1.6358139155362869e-01, -2.1054207905591743e-03,
          3.1717044043131359e-03, 1.2459472562724923e-02,
          -1.4493374166809169e-02, -1.7318435162677361e-02,
          -1.6804506249650603e-02, -5.2868407740938794e-03,
          -5.3518929108934653e-03, -2.1054207905591739e-03,
          2.2520858310412614e-02, -2.8195041301202766e-03,
          -2.1859343572058838e-02, 4.1706768853833611e-03,
          5.4498134639199280e-03, 3.3912787612434200e-03,
          1.2078321860647110e-03, 1.7426604757779590e-03,
          3.1717044043131359e-03, -2.8195041301202766e-03,
          2.0959559674470801e-02, 5.4792033175810285e-03,
          2.9336571280414277e-02, 3.7110821191137650e-02,
          9.3384317964647755e-03, 4.5064744803957960e-03,
          -4.8588069257812861e-03, 1.2459472562724923e-02,
          -2.1859343572058838e-02, 5.4792033175810294e-03,
          1.4182659574368894e-01 ]
   - !!opencv-matrix
      rows: 9
      cols: 9
      dt: d
      data: [ 2.4879149821593297e-01, 1.4590241893025035e-01,
          2.3730174538859231e-02, -2.9312806947830245e-02,
          -1.9157837169213928e-02, 2.9154817398563985e-03,
          7.8677873304674735e-04, 2.5282745027712231e-02,
          7.6759654665346322e-04, 1.4590241893025038e-01,
          3.7821049527216066e-01, 6.5128095897766899e-02,
          5.0791607481329375e-02, 1.5125328994503620e-02,
          1.3648726226099321e-02, -1.4650926177348440e-02,
          4.5011562804706792e-02, 2.4260454560259314e-03,
          2.3730174538859228e-02, 6.5128095897766899e-02,
          4.8809995580239830e-02, 1.3054283773030726e-02,
          4.4425562064102503e-03, 5.8995457165138022e-03,
          -1.6686633205217537e-02, 7.1671614298621884e-03,
          8.8296885933970403e-04, -2.9312806947830245e-02,
          5.0791607481329382e-02, 1.3054283773030726e-02,
          1.4358015977965244e-01, 4.0350338407766403e-02,
          6.8902624146489431e-03, -1.0174397139352274e-02,
          5.5921617470755906e-03, 1.9704661743218926e-03,
          -1.9157837169213932e-02, 1.5125328994503620e-02,
          4.4425562064102512e-03, 4.0350338407766397e-02,
          3.5613201190328923e-02, 1.7728435093607956e-03,
          -6.6688085342115093e-03, 3.2241929433975097e-03,
          1.6947781000910466e-03, 2.9154817398563976e-03,
          1.3648726226099327e-02, 5.8995457165138022e-03,
          6.8902624146489431e-03, 1.7728435093607956e-03,
          6.7648377945152507e-02, -1.7887959771024269e-03,
          1.6245224019198657e-03, 3.8422994397618355e-04,
          7.8677873304674681e-04, -1.4650926177348440e-02,
          -1.6686633205217540e-02, -1.0174397139352274e-02,
          -6.6688085342115093e-03, -1.7887959771024269e-03,
          1.7920522215839962e-02, -3.2634792345985638e-03,
          -1.3271636430022783e-03, 2.5282745027712231e-02,
          4.5011562804706792e-02, 7.1671614298621884e-03,
          5.5921617470755915e-03, 3.2241929433975101e-03,
          1.6245224019198654e-03, -3.2634792345985629e-03,
          2.5015655265001623e-02, -5.0188953469930625e-04,
          7.6759654665346322e-04, 2.4260454560259322e-03,
          8.8296885933970403e-04, 1.9704661743218926e-03,
          1.6947781000910460e-03, 3.8422994397618361e-04,
          -1.3271636430022785e-03, -5.0188953469930582e-04,
          1.0212299691375045e-02 ]
   - !!opencv-matrix
      rows: 9
      cols: 9
      dt: d
      data: [ 1.4164154257673059e-01, 1.5274367713029499e-01,
          2.7550680282575370e-02, 3.1681635251305913e-02,
          3.6665841697275700e-02, 8.0940176661931044e-03,
          2.2488481186084066e-02, 2.9937052601121658e-02,
          -2.1861268123072840e-03, 1.5274367713029499e-01,
          6.6704264986444117e-01, 1.0095404836426559e-01,
          1.2915492486935445e-01, 1.5579341538294381e-01,
          2.1978032540818839e-02, 5.4655632563253863e-02,
          1.2327617366323750e-01, -8.9070386511503636e-03,
          2.7550680282575370e-02, 1.0095404836426559e-01,
          4.6283277390328628e-02, 3.3783021698108512e-02,
          2.8920852710612573e-02, 5.3535474569218894e-03,
          -4.7017818135763551e-03, 1.9155692566279962e-02,
          -1.1632737717648168e-03, 3.1681635251305913e-02,
          1.2915492486935445e-01, 3.3783021698108519e-02,
          2.1350358617761014e-01, 1.7173233293852064e-01,
          6.7573561251298249e-03, 4.4524421270596432e-03,
          2.5189553763770755e-02, 7.7841560977599716e-05,
          3.6665841697275700e-02, 1.5579341538294381e-01,
          2.8920852710612573e-02, 1.7173233293852064e-01,
          2.4465389981410926e-01, 2.6149768108121398e-03,
          1.4669106819292007e-02, 3.0386957495163298e-02,
          1.1473521771706424e-04, 8.0940176661931026e-03,
          2.1978032540818832e-02, 5.3535474569218911e-03,
          6.7573561251298249e-03, 2.6149768108121394e-03,
          5.3091504568145542e-02, 2.1190818390757781e-03,
          3.2216970162562979e-03, 1.8491454202284368e-04,
          2.2488481186084066e-02, 5.4655632563253863e-02,
          -4.7017818135763568e-03, 4.4524421270596450e-03,
          1.4669106819292003e-02, 2.1190818390757777e-03,
          6.9266682691359549e-02, 1.2066584530339026e-02,
          -1.0966533277099361e-04, 2.9937052601121658e-02,
          1.2327617366323750e-01, 1.9155692566279959e-02,
          2.5189553763770755e-02, 3.0386957495163298e-02,
          3.2216970162562979e-03, 1.2066584530339023e-02,
          3.8714523058263790e-02, -2.9975213099303925e-03,
          -2.1861268123072840e-03, -8.9070386511503636e-03,
          -1.1632737717648168e-03, 7.7841560977599919e-05,
          1.1473521771706423e-04, 1.8491454202284376e-04,
          -1.0966533277099369e-04, -2.9975213099303921e-03,
          1.3210726411798351e-03 ]
   - !!opencv-matrix
      rows: 9
      cols: 9
      dt: d
      data: [ 6.8585271352726895e-01, 4.9963888076954727e-01,
          2.1937348044947205e-01, 3.7023118540561178e-01,
          -1.4610655277072343e-02, 1.4569386353964625e-01,
          3.0144646777469499e-02, 1.1214664784863601e-01,
          4.9232070017293718e-02, 4.9963888076954727e-01,
          9.6045199526232305e-01, 2.9207221999548266e-01,
          4.5590389519791941e-01, -4.5016954105862726e-02,
          1.8102446295140684e-01, 4.9096508674797132e-02,
          1.8823048643482831e-01, 2.2180138874225919e-02,
          2.1937348044947205e-01, 2.9207221999548266e-01,
          2.9341364840722961e-01, 2.9519375690518540e-01,
          -8.3304207345760634e-02, 1.2016951494154195e-01,
          -8.4953473441018567e-03, 1.0423366778986447e-01,
          -1.3881421739171779e-03, 3.7023118540561178e-01,
          4.5590389519791941e-01, 2.9519375690518540e-01,
          8.8873031493487109e-01, -3.3360163517306245e-02,
          3.6088215733198009e-02, 1.0245370040671985e-01,
          1.2141502118597773e-01, -2.9914566565231792e-02,
          -1.4610655277072336e-02, -4.5016954105862726e-02,
          -8.3304207345760620e-02, -3.3360163517306245e-02,
          3.4255833238366745e-01, -1.5285519760837393e-01,
          1.2764673552526187e-01, -5.6337379295178401e-03,
          3.7121521815309449e-02, 1.4569386353964625e-01,
          1.8102446295140689e-01, 1.2016951494154195e-01,
          3.6088215733198009e-02, -1.5285519760837393e-01,
          4.6309612083957996e-01, -1.1290524245749312e-01,
          3.5324480889193502e-02, 2.9739998183044618e-02,
          3.0144646777469496e-02, 4.9096508674797146e-02,
          -8.4953473441018602e-03, 1.0245370040671985e-01,
          1.2764673552526185e-01, -1.1290524245749312e-01,
          1.5640294859316969e-01, 1.9759821487217756e-02,
          -7.2543016800461109e-03, 1.1214664784863601e-01,
          1.8823048643482831e-01, 1.0423366778986447e-01,
          1.2141502118597773e-01, -5.6337379295178383e-03,
          3.5324480889193495e-02, 1.9759821487217756e-02,
          8.2203153165480006e-02, 5.3244928784226871e-03,
          4.9232070017293718e-02, 2.2180138874225919e-02,
          -1.3881421739171803e-03, -2.9914566565231799e-02,
          3.7121521815309449e-02, 2.9739998183044618e-02,
          -7.2543016800461092e-03, 5.3244928784226871e-03,
          5.8122351069798323e-02 ]
   - !!opencv-matrix
      rows: 9
      cols: 9
      dt: d
      data: [ 2.5353110993449268e-01, 2.1457210501584001e-01,
          4.7595861455421377e-02, 2.1822794209784377e-02,
          8.3240863632970688e-02, 2.9583495393877928e-02,
          7.2846824824061157e-02, 4.1840745537033416e-02,
          1.8366860658566122e-03, 2.1457210501584001e-01,
          5.3832681142800709e-01, 1.0967038461316311e-01,
          5.6907097212387500e-02, 1.4399267162200449e-01,
          6.8192836105141985e-02, 1.0852260705872026e-01,
          1.0389049117769943e-01, -2.7157196414417293e-03,
          4.7595861455421384e-02, 1.0967038461316311e-01,
          5.5395355743537773e-02, 2.7899265100126854e-02,
          1.5319317079748549e-02, 3.8586507646483588e-02,
          1.3722876571345620e-02, 2.6474325188203234e-02,
          2.8770496464923122e-04, 2.1822794209784377e-02,
          5.6907097212387486e-02, 2.7899265100126858e-02,
          7.5255878534550846e-02, -4.2886008272872825e-02,
          5.3028216007765068e-03, 2.9253634701130977e-02,
          1.5255761278353092e-02, -6.7733845650926104e-04,
          8.3240863632970660e-02, 1.4399267162200444e-01,
          1.5319317079748545e-02, -4.2886008272872832e-02,
          5.3430761607326394e-01, -2.0262782372037456e-03,
          2.7385730228876276e-02, 3.0713958628621803e-02,
          7.5240398991478611e-04, 2.9583495393877935e-02,
          6.8192836105141957e-02, 3.8586507646483588e-02,
          5.3028216007765016e-03, -2.0262782372037547e-03,
          1.8302439915794436e-01, -8.9208705295976860e-03,
          2.0227728094854368e-02, 2.0014197320727088e-03,
          7.2846824824061157e-02, 1.0852260705872026e-01,
          1.3722876571345624e-02, 2.9253634701130970e-02,
          2.7385730228876276e-02, -8.9208705295976843e-03,
          7.8613835744153412e-02, 2.2311592542702978e-02,
          -6.0008744377903524e-04, 4.1840745537033416e-02,
          1.0389049117769943e-01, 2.6474325188203231e-02,
          1.5255761278353092e-02, 3.0713958628621793e-02,
          2.0227728094854361e-02, 2.2311592542702978e-02,
          3.8722310449054026e-02, -1.5349714799472323e-03,
          1.8366860658566133e-03, -2.7157196414417280e-03,
          2.8770496464923143e-04, -6.7733845650926126e-04,
          7.5240398991478579e-04, 2.0014197320727093e-03,
          -6.0008744377903513e-04, -1.5349714799472323e-03,
          1.9657230241100494e-03 ]
intactC: !!opencv-matrix
   rows: 1
   cols: 5
   dt: d
   data: [ 4.4567072697441118e-01, 1.1469334034421186e-01,
       2.5393618482322866e-01, 4.7321160143768429e-02,
       3.5991039121997213e-02 ]
intactNumEvents: 122148.
intactMaxVals: !!opencv-matrix
   rows: 1
   cols: 9
   dt: d
   data: [ 4.5000000000000000e+00, 4.5000000000000000e+00,
       4.5000000000000000e+00, 4.5000000000000000e+00,
       4.5000000000000000e+00, 4.5000000000000000e+00,
       4.5000000000000000e+00, 4.5000000000000000e+00,
       4.5000000000000000e+00 ]
intactScales: !!opencv-matrix
   rows: 1
   cols: 9
   dt: d
   data: [ 1., 1., 1., 1., 1., 1., 1., 1., 1. ]
CD19Gmmnames:
   - "CD19.527.0"
   - "CD19.527.1"
CD19Labels:
   - FSC-A
   - SSC-A
   - CD20
   - CD10
   - CD45
   - CD34
   - SYTO41
   - CD19
   - CD38
CD19Mu: !!opencv-matrix
   rows: 2
   cols: 9
   dt: d
   data: [ 1.2446097949784141e+00, 3.3503626714838330e-01,
       3.1738282298317428e+00, 1.2631617196338376e+00,
       3.6227780893064536e+00, 1.0615190824686902e+00,
       4.0454924387982674e+00, 2.9039724712977706e+00,
       1.8208393156868619e+00, 1.4817900911929800e+00,
       4.8576935244599295e-01, 3.2755556005280146e+00,
       1.6321271203220660e+00, 3.6558378983163800e+00,
       1.1118446716303976e+00, 3.9799098180471870e+00,
       2.9719372990644528e+00, 1.8218356564083935e+00 ]
CD19Sigma:
   - !!opencv-matrix
      rows: 9
      cols: 9
      dt: d
      data: [ 2.6487552389289095e-02, 4.7201791276704963e-03,
          4.0692123842675830e-03, 4.7001039396033792e-03,
          4.3492889540670482e-03, 3.4745325085968656e-05,
          -1.1795872379743806e-02, 2.3330885757645897e-03,
          5.8388934907208545e-04, 4.7201791276704971e-03,
          6.1627402740183999e-03, 5.4388710490421398e-03,
          4.8093805687099986e-03, 2.6877636722793903e-03,
          8.7241735471496707e-05, -7.0167101943048723e-03,
          2.8170230995399493e-03, -2.6093689271935740e-05,
          4.0692123842675822e-03, 5.4388710490421398e-03,
          2.7020855829756312e-02, 1.8890470743247213e-02,
          3.6778007332117502e-03, 1.6820621099768590e-03,
          -1.0985411868278287e-02, 9.8303835487329547e-03,
          2.3258282011079903e-03, 4.7001039396033775e-03,
          4.8093805687099986e-03, 1.8890470743247220e-02,
          7.8271994450313812e-02, 3.8222780182423245e-03,
          -6.2098915408299589e-04, -1.4688710973362695e-02,
          6.6470576462485231e-03, 3.8328877013924954e-03,
          4.3492889540670482e-03, 2.6877636722793903e-03,
          3.6778007332117502e-03, 3.8222780182423245e-03,
          7.9249608375320663e-03, -1.0450238806919708e-04,
          -6.9910922780243674e-03, 1.5978959892899130e-03,
          1.8062717983746801e-03, 3.4745325085969151e-05,
          8.7241735471496842e-05, 1.6820621099768586e-03,
          -6.2098915408299643e-04, -1.0450238806919708e-04,
          1.5809634413903201e-01, 4.9848841390260723e-04,
          1.1641077074961760e-03, -3.8685590778110850e-04,
          -1.1795872379743806e-02, -7.0167101943048723e-03,
          -1.0985411868278287e-02, -1.4688710973362698e-02,
          -6.9910922780243683e-03, 4.9848841390260723e-04,
          5.0594483768941309e-02, -8.0377747635543180e-03,
          -3.4741749550128015e-03, 2.3330885757645902e-03,
          2.8170230995399493e-03, 9.8303835487329547e-03,
          6.6470576462485239e-03, 1.5978959892899137e-03,
          1.1641077074961757e-03, -8.0377747635543180e-03,
          2.8451589257244669e-02, 1.7876564805091820e-03,
          5.8388934907208524e-04, -2.6093689271935639e-05,
          2.3258282011079903e-03, 3.8328877013924954e-03,
          1.8062717983746807e-03, -3.8685590778110871e-04,
          -3.4741749550128015e-03, 1.7876564805091820e-03,
          2.0859811292049047e-02 ]
   - !!opencv-matrix
      rows: 9
      cols: 9
      dt: d
      data: [ 9.2429621307341364e-02, 1.5483053946497898e-02,
          1.5231488822760698e-02, -8.6083376362121218e-03,
          1.0430460667217476e-02, 7.5282421223359227e-03,
          -1.5727263374101699e-02, 1.5359709239347250e-02,
          4.5332457840030413e-03, 1.5483053946497898e-02,
          2.8002008409870723e-02, 1.6598906184587790e-02,
          -3.7737288361714629e-03, 8.1794038361994777e-03,
          5.0710892704359705e-03, -1.0758992366658316e-03,
          1.2874312577576968e-02, 2.2840787417330081e-03,
          1.5231488822760698e-02, 1.6598906184587790e-02,
          8.8420890352729584e-02, 4.0635236690810324e-02,
          1.4428963603162237e-02, 9.8421276733644571e-03,
          -1.3763974889748171e-02, 3.9648594325050350e-02,
          3.7902681118592912e-03, -8.6083376362121218e-03,
          -3.7737288361714629e-03, 4.0635236690810324e-02,
          2.2505939934062577e-01, 4.5550783279729662e-03,
          4.2400093423800534e-03, -9.9807251477902082e-03,
          5.0453705387095505e-03, 9.1383770248380652e-03,
          1.0430460667217476e-02, 8.1794038361994760e-03,
          1.4428963603162237e-02, 4.5550783279729680e-03,
          1.6721154002080789e-02, 3.5536831047135362e-03,
          -3.9549815841073629e-03, 7.5166648462801572e-03,
          3.6567206793424582e-03, 7.5282421223359227e-03,
          5.0710892704359705e-03, 9.8421276733644553e-03,
          4.2400093423800543e-03, 3.5536831047135345e-03,
          1.7529774827633846e-01, 6.2769017355523049e-04,
          5.5562787252203720e-03, 4.8612476197647768e-03,
          -1.5727263374101699e-02, -1.0758992366658321e-03,
          -1.3763974889748171e-02, -9.9807251477902082e-03,
          -3.9549815841073629e-03, 6.2769017355523028e-04,
          3.6063669699783939e-02, -1.0519578704261996e-02,
          5.6195607032642823e-04, 1.5359709239347250e-02,
          1.2874312577576968e-02, 3.9648594325050343e-02,
          5.0453705387095505e-03, 7.5166648462801572e-03,
          5.5562787252203720e-03, -1.0519578704261994e-02,
          5.8315442896457535e-02, 2.2734203260770130e-03,
          4.5332457840030413e-03, 2.2840787417330081e-03,
          3.7902681118592903e-03, 9.1383770248380635e-03,
          3.6567206793424573e-03, 4.8612476197647751e-03,
          5.6195607032642802e-04, 2.2734203260770126e-03,
          3.1548267171706390e-02 ]
CD19C: !!opencv-matrix
   rows: 1
   cols: 2
   dt: d
   data: [ 7.8087228985106574e-02, 2.3631600241604135e-02 ]
CD19NumEvents: 13842.
CD19MaxVals: !!opencv-matrix
   rows: 1
   cols: 9
   dt: d
   data: [ 4.5000000000000000e+00, 4.5000000000000000e+00,
       4.5000000000000000e+00, 4.5000000000000000e+00,
       4.5000000000000000e+00, 4.5000000000000000e+00,
       4.5000000000000000e+00, 4.5000000000000000e+00,
       4.5000000000000000e+00 ]
CD19Scales: !!opencv-matrix
   rows: 1
   cols: 9
   dt: d
   data: [ 1., 1., 1., 1., 1., 1., 1., 1., 1. ]
blastGmmnames:
   - "blast.527.0"
blastLabels:
   - FSC-A
   - SSC-A
   - CD20
   - CD10
   - CD45
   - CD34
   - SYTO41
   - CD19
   - CD38
blastMu: !!opencv-matrix
   rows: 1
   cols: 9
   dt: d
   data: [ 1.5762180993845176e+00, 6.6528994074234604e-01,
       1.8124647081553282e+00, 3.3405537841084243e+00,
       3.4936787007929206e+00, 1.4041528190885273e+00,
       4.1681931254627944e+00, 3.4941820652930295e+00,
       1.9541131611708757e+00 ]
blastSigma:
   - !!opencv-matrix
      rows: 9
      cols: 9
      dt: d
      data: [ 1.4939452745712947e-01, 1.0223909387886950e-03,
          1.2619851536405794e-02, -9.7051421261240764e-03,
          1.2825068361238992e-02, -3.1762700174379599e-02,
          -3.8586096693855487e-02, 2.8051580348466658e-02,
          5.0214138383791315e-03, 1.0223909387886950e-03,
          8.1789039636498945e-02, -4.7748591717390924e-02,
          -3.1478550017720083e-02, 2.7348856136482906e-02,
          -6.6640904072267332e-02, 2.6883792299826448e-03,
          2.7885531454636101e-02, 1.0166820907749407e-02,
          1.2619851536405794e-02, -4.7748591717390924e-02,
          3.1246275662079154e-01, 8.8953895224947135e-02,
          -8.9714064791832603e-03, 1.6527854567673808e-01,
          -1.6123377929075419e-02, -1.5157844229949790e-02,
          1.7154209571085901e-02, -9.7051421261240764e-03,
          -3.1478550017720083e-02, 8.8953895224947135e-02,
          1.2125004480647081e-01, -1.6465064175118498e-02,
          1.8376214216901920e-01, -5.4166717755941831e-03,
          -1.8622536827809070e-02, 2.2045506562250348e-03,
          1.2825068361238992e-02, 2.7348856136482906e-02,
          -8.9714064791832603e-03, -1.6465064175118498e-02,
          2.0055083258137783e-02, -3.7949391993246526e-02,
          -5.8744417370754530e-03, 1.6952034428116627e-02,
          9.0577547670240115e-03, -3.1762700174379599e-02,
          -6.6640904072267332e-02, 1.6527854567673808e-01,
          1.8376214216901920e-01, -3.7949391993246526e-02,
          5.6181824743914233e-01, 9.0383853506179057e-03,
          -4.0906019801087476e-02, 8.3598179153685781e-03,
          -3.8586096693855487e-02, 2.6883792299826448e-03,
          -1.6123377929075419e-02, -5.4166717755941831e-03,
          -5.8744417370754530e-03, 9.0383853506179057e-03,
          2.2993544427988327e-02, -9.0080568625627768e-03,
          -1.0578061038932036e-03, 2.8051580348466658e-02,
          2.7885531454636101e-02, -1.5157844229949790e-02,
          -1.8622536827809070e-02, 1.6952034428116627e-02,
          -4.0906019801087476e-02, -9.0080568625627768e-03,
          3.1461318701232421e-02, 1.0715619058869068e-02,
          5.0214138383791315e-03, 1.0166820907749407e-02,
          1.7154209571085901e-02, 2.2045506562250348e-03,
          9.0577547670240115e-03, 8.3598179153685781e-03,
          -1.0578061038932036e-03, 1.0715619058869068e-02,
          5.8243763918268465e-02 ]
blastC: !!opencv-matrix
   rows: 1
   cols: 1
   dt: d
   data: [ 6.6871936567191649e-04 ]
blastNumEvents: 91.
blastMaxVals: !!opencv-matrix
   rows: 1
   cols: 9
   dt: d
   data: [ 4.5000000000000000e+00, 4.5000000000000000e+00,
       4.5000000000000000e+00, 4.5000000000000000e+00,
       4.5000000000000000e+00, 4.5000000000000000e+00,
       4.5000000000000000e+00, 4.5000000000000000e+00,
       4.5000000000000000e+00 ]
blastScales: !!opencv-matrix
   rows: 1
   cols: 9
   dt: d
   data: [ 1., 1., 1., 1., 1., 1., 1., 1., 1. ]
