%YAML:1.0
---
groups:
   - intact
   - CD19
   - blast
intactGmmnames:
   - "intact.527.0"
   - "intact.527.1"
   - "intact.527.2"
   - "intact.527.3"
   - "intact.527.4"
intactLabels:
   - FSC-A
   - SSC-A
   - CD20
   - CD10
   - CD45
   - CD34
   - SYTO41
   - CD19
   - CD38
intactMu: !!opencv-matrix
   rows: 5
   cols: 9
   dt: d
   data: [ 1.3485462926189871e+00, 4.4641163696795411e-01,
       7.9900572994811814e-01, 8.8839228265420767e-01,
       3.6607132868750272e+00, 1.0557623369450280e+00,
       4.1878942163932331e+00, 1.1386510733176785e+00,
       1.9364955054723603e+00, 2.5506203087697581e+00,
       3.5415979599197431e+00, 8.4300321644290399e-01,
       2.2118383827424291e+00, 2.8372897560415411e+00,
       1.0999902395218979e+00, 4.3610718435473146e+00,
       1.6825988976371204e+00, 1.8149577956904510e+00,
       1.5154204280837174e+00, 2.0432713683965158e+00,
       1.4123164187482669e+00, 2.0308134184397963e+00,
       2.3332673495325524e+00, 1.0922121985365263e+00,
       3.5937296546888851e+00, 1.4339326614483974e+00,
       1.6411893086963947e+00, 2.0246755356128627e+00,
       1.7912512444544813e+00, 1.5362731378780190e+00,
       2.1184874027922862e+00, 2.9480366607466504e+00,
       1.7781736822195364e+00, 3.8353493551241553e+00,
       1.4509795282424014e+00, 1.8674290483390803e+00,
       1.6437092319191213e+00, 1.8765537062390250e+00,
       2.0633005545103749e+00, 3.7979044931245807e+00,
       1.7465772445942962e+00, 1.4602384551784082e+00,
       3.7207780163730133e+00, 1.4866343935684543e+00,
       1.6655348137057180e+00 ]
intactSigma:
   - !!opencv-matrix
      rows: 9
      cols: 9
      dt: d
      data: [ 5.6862317367534762e-02, 2.1585575414845865e-02,
          1.3925260457772417e-02, 4.4007982138567865e-03,
          4.9443356753468420e-03, 2.5710938661653851e-03,
          -1.4493374166809169e-02, 4.1706768853833611e-03,
          2.9336571280414277e-02, 2.1585575414845865e-02,
          3.3061610109990376e-02, 1.9772486373283372e-02,
          6.7027482769659611e-03, 6.9576042986842449e-03,
          5.3331648845231722e-03, -1.7318435162677361e-02,
          5.4498134639199272e-03, 3.7110821191137650e-02,
          1.3925260457772416e-02, 1.9772486373283379e-02,
          3.9954525450739665e-02, 5.6694442648362207e-03,
          6.5001421729330060e-03, 2.9855963880749303e-03,
          -1.6804506249650606e-02, 3.3912787612434200e-03,
          9.3384317964647773e-03, 4.4007982138567865e-03,
          6.7027482769659611e-03, 5.6694442648362207e-03,
          1.3151796170593524e-02, 2.2632505737604411e-03,
          -2.1558948187988783e-03, -5.2868407740938794e-03,
          1.2078321860647110e-03, 4.5064744803957977e-03,
          4.9443356753468412e-03, 6.9576042986842440e-03,
          6.5001421729330060e-03, 2.2632505737604411e-03,
          1.0910559680412952e-02, 5.7198561321381415e-06,
          -5.3518929108934653e-03, 1.7426604757779590e-03,
          -4.8588069257812869e-03, 2.5710938661653851e-03,
          5.3331648845231722e-03, 2.9855963880749308e-03,
          -2.1558948187988779e-03, 5.7198561321382737e-06,
          1.6358139155362869e-01, -2.1054207905591743e-03,
          3.1717044043131359e-03, 1.2459472562724923e-02,
          -1.4493374166809169e-02, -1.7318435162677361e-02,
          -1.6804506249650603e-02, -5.2868407740938794e-03,
          -5.3518929108934653e-03, -2.1054207905591739e-03,
          2.2520858310412614e-02, -2.8195041301202766e-03,
          -2.1859343572058838e-02, 4.1706768853833611e-03,
          5.4498134639199280e-03, 3.3912787612434200e-03,
          1.2078321860647110e-03, 1.7426604757779590e-03,
          3.1717044043131359e-03, -2.8195041301202766e-03,
          2.0959559674470801e-02, 5.4792033175810285e-03,
          2.9336571280414277e-02, 3.7110821191137650e-02,
          9.3384317964647755e-03, 4.5064744803957960e-03,
          -4.8588069257812861e-03, 1.2459472562724923e-02,
          -2.1859343572058838e-02, 5.4792033175810294e-03,
          1.4182659574368894e-01 ]
   - !!opencv-matrix
      rows: 9
      cols: 9
      dt: d
      data: [ 2.4879149821593297e-01, 1.4590241893025035e-01,
          2.3730174538859231e-02, -2.9312806947830245e-02,
          -1.9157837169213928e-02, 2.9154817398563985e-03,
          7.8677873304674735e-04, 2.5282745027712231e-02,
          7.6759654665346322e-04, 1.4590241893025038e-01,
          3.7821049527216066e-01, 6.5128095897766899e-02,
          5.0791607481329375e-02, 1.5125328994503620e-02,
          1.3648726226099321e-02, -1.4650926177348440e-02,
          4.5011562804706792e-02, 2.4260454560259314e-03,
          2.3730174538859228e-02, 6.5128095897766899e-02,
          4.8809995580239830e-02, 1.3054283773030726e-02,
          4.4425562064102503e-03, 5.8995457165138022e-03,
          -1.6686633205217537e-02, 7.1671614298621884e-03,
          8.8296885933970403e-04, -2.9312806947830245e-02,
          5.0791607481329382e-02, 1.3054283773030726e-02,
          1.4358015977965244e-01, 4.0350338407766403e-02,
          6.8902624146489431e-03, -1.0174397139352274e-02,
          5.5921617470755906e-03, 1.9704661743218926e-03,
          -1.9157837169213932e-02, 1.5125328994503620e-02,
          4.4425562064102512e-03, 4.0350338407766397e-02,
          3.5613201190328923e-02, 1.7728435093607956e-03,
          -6.6688085342115093e-03, 3.2241929433975097e-03,
          1.6947781000910466e-03, 2.9154817398563976e-03,
          1.3648726226099327e-02, 5.8995457165138022e-03,
          6.8902624146489431e-03, 1.7728435093607956e-03,
          6.7648377945152507e-02, -1.7887959771024269e-03,
          1.6245224019198657e-03, 3.8422994397618355e-04,
          7.8677873304674681e-04, -1.4650926177348440e-02,
          -1.6686633205217540e-02, -1.0174397139352274e-02,
          -6.6688085342115093e-03, -1.7887959771024269e-03,
          1.7920522215839962e-02, -3.2634792345985638e-03,
          -1.3271636430022783e-03, 2.5282745027712231e-02,
          4.5011562804706792e-02, 7.1671614298621884e-03,
          5.5921617470755915e-03, 3.2241929433975101e-03,
          1.6245224019198654e-03, -3.2634792345985629e-03,
          2.5015655265001623e-02, -5.0188953469930625e-04,
          7.6759654665346322e-04, 2.4260454560259322e-03,
          8.8296885933970403e-04, 1.9704661743218926e-03,
          1.6947781000910460e-03, 3.8422994397618361e-04,
          -1.3271636430022785e-03, -5.0188953469930582e-04,
          1.0212299691375045e-02 ]
   - !!opencv-matrix
      rows: 9
      cols: 9
      dt: d
      data: [ 1.4164154257673059e-01, 1.5274367713029499e-01,
          2.7550680282575370e-02, 3.1681635251305913e-02,
          3.6665841697275700e-02, 8.0940176661931044e-03,
          2.2488481186084066e-02, 2.9937052601121658e-02,
          -2.1861268123072840e-03, 1.5274367713029499e-01,
          6.6704264986444117e-01, 1.0095404836426559e-01,
          1.2915492486935445e-01, 1.5579341538294381e-01,
          2.1978032540818839e-02, 5.4655632563253863e-02,
          1.2327617366323750e-01, -8.9070386511503636e-03,
          2.7550680282575370e-02, 1.0095404836426559e-01,
          4.6283277390328628e-02, 3.3783021698108512e-02,
          2.8920852710612573e-02, 5.3535474569218894e-03,
          -4.7017818135763551e-03, 1.9155692566279962e-02,
          -1.1632737717648168e-03, 3.1681635251305913e-02,
          1.2915492486935445e-01, 3.3783021698108519e-02,
          2.1350358617761014e-01, 1.7173233293852064e-01,
          6.7573561251298249e-03, 4.4524421270596432e-03,
          2.5189553763770755e-02, 7.7841560977599716e-05,
          3.6665841697275700e-02, 1.5579341538294381e-01,
          2.8920852710612573e-02, 1.7173233293852064e-01,
          2.4465389981410926e-01, 2.6149768108121398e-03,
          1.4669106819292007e-02, 3.0386957495163298e-02,
