%YAML:1.0
---
groups:
   - intact
   - CD19
   - blast
intactGmmnames:
   - "intact.537.0"
   - "intact.537.1"
   - "intact.537.2"
   - "intact.537.3"
   - "intact.537.4"
intactLabels:
   - FSC-A
   - SSC-A
   - CD20
   - CD10
   - CD45
   - CD34
   - SYTO41
   - CD19
   - CD38
intactMu: !!opencv-matrix
   rows: 5
   cols: 9
   dt: d
   data: [ 1.1538813785514326e+00, 3.1036327465217123e-01,
       1.1486795160467533e+00, 8.0465850894756730e-01,
       3.5790308148769157e+00, 1.0024978429886693e+00,
       2.3153736028916252e+00, 1.0377963015913851e+00,
       1.8997534142880952e+00, 8.7997947996311265e-01,
       3.2346827278440760e-01, 1.0609983465372683e+00,
       1.1425213308220192e+00, 1.4659801333297524e+00,
       9.3920186411578432e-01, 1.9666866284786633e+00,
       8.7582088702830940e-01, 1.3197186202026681e+00,
       2.1250268928677669e+00, 2.0205992524389074e+00,
       1.5778808889856102e+00, 1.7940306491479010e+00,
       2.5301212747127892e+00, 1.1587084169202198e+00,
       2.2502297599348653e+00, 1.5398739259634946e+00,
       2.0002492167994372e+00, 1.4819501183043962e+00,
       6.5720571603671785e-01, 1.2441921094456561e+00,
       1.0031406842488937e+00, 3.6172041273467901e+00,
       1.1292270490686838e+00, 2.0612995193218557e+00,
       1.2157228514135923e+00, 2.2912846164535305e+00,
       1.2166925619454103e+00, 5.1618657494062270e-01,
       1.2146921220542324e+00, 1.4955451986316086e+00,
       1.7869191393817083e+00, 1.0183651908312810e+00,
       2.1018980141181749e+00, 9.7429289680678677e-01,
       1.5728907466184616e+00 ]
intactSigma:
   - !!opencv-matrix
      rows: 9
      cols: 9
      dt: d
      data: [ 5.9127371191202718e-02, 6.0680348233144955e-03,
          6.9069205019031315e-03, 2.5760066941854093e-03,
          1.2061882767026232e-02, 1.6428361423252813e-03,
          -2.1449839842574061e-02, 5.1266622892577867e-03,
          -5.6005916890324416e-03, 6.0680348233144955e-03,
          8.1929819661787709e-03, 8.1289587793808033e-03,
          3.2456807794444395e-03, 4.5913527967959824e-03,
          2.5237851147629647e-04, -8.8940032409792012e-03,
          4.3992135613392172e-03, -6.8680951140001941e-03,
          6.9069205019031332e-03, 8.1289587793808033e-03,
          6.1868354349816565e-02, 4.0650664700546115e-03,
          3.4331837840347254e-03, -4.8309972084442920e-04,
          -3.6431060376130925e-03, 5.9070845246506362e-03,
          -1.5643484653349540e-02, 2.5760066941854093e-03,
          3.2456807794444395e-03, 4.0650664700546115e-03,
          4.6864867182014568e-02, 9.6655853115955141e-04,
          -3.5423277777022889e-03, -1.7251550016581013e-03,
          2.0571039533424408e-03, -5.4564081730755307e-03,
          1.2061882767026232e-02, 4.5913527967959824e-03,
          3.4331837840347254e-03, 9.6655853115955141e-04,
          1.0170880875916090e-02, -4.2401608514533874e-04,
          -1.1398916904885825e-02, 4.0076921695447500e-03,
          -2.7463122373879685e-03, 1.6428361423252813e-03,
          2.5237851147629620e-04, -4.8309972084442952e-04,
          -3.5423277777022889e-03, -4.2401608514533895e-04,
          1.2543868267905853e-01, 1.0898826464307519e-03,
          8.1721569902336462e-04, 3.4369466705662672e-03,
          -2.1449839842574064e-02, -8.8940032409792012e-03,
          -3.6431060376130925e-03, -1.7251550016581013e-03,
          -1.1398916904885825e-02, 1.0898826464307515e-03,
          4.0154468294096544e-02, -6.2967518688129493e-03,
          1.0262785053511844e-02, 5.1266622892577876e-03,
          4.3992135613392172e-03, 5.9070845246506345e-03,
          2.0571039533424425e-03, 4.0076921695447517e-03,
          8.1721569902336549e-04, -6.2967518688129493e-03,
          1.0186543258482070e-01, -1.4291451660853931e-02,
          -5.6005916890324399e-03, -6.8680951140001941e-03,
          -1.5643484653349533e-02, -5.4564081730755333e-03,
          -2.7463122373879690e-03, 3.4369466705662646e-03,
          1.0262785053511848e-02, -1.4291451660853931e-02,
          1.4927392292650954e-01 ]
   - !!opencv-matrix
      rows: 9
      cols: 9
      dt: d
      data: [ 3.7136389061464596e-02, 6.0009969585540215e-03,
          7.5907999863789547e-03, 3.9780920085122906e-03,
          5.0816118576026909e-03, -1.0978993119596573e-04,
          -3.5922157797024915e-02, 2.9536733492131371e-03,
          8.9677526020074706e-04, 6.0009969585540224e-03,
          7.1067289708533253e-03, 6.1555232346661264e-03,
          4.8383949022133312e-03, 6.1912685371948786e-03,
          -1.8973419373765848e-04, -1.6544549291719897e-02,
          3.0544244822325040e-03, 8.1796734020304354e-04,
          7.5907999863789547e-03, 6.1555232346661264e-03,
          5.2849327613568538e-02, 2.7902464697295870e-03,
          1.0498144293256203e-02, -2.6848913943939873e-04,
          -8.1615620693573469e-03, 5.4303699924696820e-03,
          8.2503272259478279e-04, 3.9780920085122915e-03,
          4.8383949022133312e-03, 2.7902464697295878e-03,
          1.3256865912821253e-01, 1.3955625333335504e-02,
          -1.3463127473774524e-03, 5.5557621546391085e-03,
          2.8760349674070030e-03, 6.5866220430434519e-03,
          5.0816118576026926e-03, 6.1912685371948769e-03,
          1.0498144293256203e-02, 1.3955625333335508e-02,
          1.1303831090968273e-01, -2.9662257283077135e-03,
          -1.0692559577386121e-02, 3.3914706366507535e-03,
          6.6678163039756867e-03, -1.0978993119596576e-04,
          -1.8973419373765851e-04, -2.6848913943939830e-04,
          -1.3463127473774524e-03, -2.9662257283077139e-03,
          9.6043114064128937e-03, 2.8900918863707282e-04,
          3.1490355065628235e-04, -2.9913778898332235e-04,
          -3.5922157797024915e-02, -1.6544549291719900e-02,
          -8.1615620693573487e-03, 5.5557621546391076e-03,
          -1.0692559577386121e-02, 2.8900918863707261e-04,
          2.5725987466649020e-01, -3.7835840669993141e-03,
          4.1041016060571756e-03, 2.9536733492131384e-03,
          3.0544244822325040e-03, 5.4303699924696802e-03,
          2.8760349674070021e-03, 3.3914706366507544e-03,
          3.1490355065628251e-04, -3.7835840669993141e-03,
          3.9417986692013449e-02, -3.4316291176673072e-03,
          8.9677526020074750e-04, 8.1796734020304332e-04,
          8.2503272259478323e-04, 6.5866220430434528e-03,
          6.6678163039756867e-03, -2.9913778898332235e-04,
          4.1041016060571756e-03, -3.4316291176673067e-03,
          1.2213686867365233e-02 ]
   - !!opencv-matrix
      rows: 9
      cols: 9
      dt: d
      data: [ 7.4632217271894008e-01, 4.0495864420810201e-01,
          1.1462001644488672e-01, 1.8860749634715976e-01,
          2.1442205411658360e-01, -1.2443009582592706e-02,
          1.5905956649891798e-01, 1.1002219658226413e-01,
          7.3175484006041958e-02, 4.0495864420810201e-01,
          1.3977758219860634e+00, 9.2402734190299221e-02,
          3.1187996823541242e-01, 3.0698468082835217e-01,
          -1.7870921357782617e-02, 1.0441516557160424e-01,
          3.3231288181653368e-01, -1.2578948517979691e-01,
          1.1462001644488672e-01, 9.2402734190299221e-02,
          1.6383519604003097e-01, 1.1290588499046551e-01,
          1.2396226028417665e-01, 2.3789026149479177e-02,
          1.0843709540516455e-01, 5.7895168694981472e-02,
          1.1889895333677906e-01, 1.8860749634715976e-01,
          3.1187996823541247e-01, 1.1290588499046551e-01,
          4.2576031497551592e-01, 1.4960692379975588e-01,
          -4.4097576811972187e-03, 1.4252810815689171e-01,
          7.5801503848381802e-02, 4.7994402619572340e-03,
          2.1442205411658360e-01, 3.0698468082835217e-01,
          1.2396226028417665e-01, 1.4960692379975590e-01,
          5.0340417712861141e-01, 1.3123206912426483e-02,
          1.5937322536335333e-01, 1.0014428262351557e-01,
