%YAML:1.0
---
groups:
   - intact
   - CD19
   - blast
intactGmmnames:
   - "intact.538.0"
   - "intact.538.1"
   - "intact.538.2"
   - "intact.538.3"
   - "intact.538.4"
intactLabels:
   - FSC-A
   - SSC-A
   - CD20
   - CD10
   - CD45
   - CD34
   - SYTO41
   - CD19
   - CD38
intactMu: !!opencv-matrix
   rows: 5
   cols: 9
   dt: d
   data: [ 8.5112077569570066e-01, 2.4912473808942667e-01,
       9.2831202514009581e-01, 8.6206162569793654e-01,
       3.6479893837456445e+00, 1.0596372619462404e+00,
       3.9152371112462521e+00, 7.7753640575687188e-01,
       1.7262166588503958e+00, 5.7920523314762384e-01,
       2.4326314218296258e-01, 8.8220073417378131e-01,
       1.0659915069551180e+00, 1.3535523514877368e+00,
       1.0067228920194773e+00, 3.8145947572457350e+00,
       8.9608475788146125e-01, 1.6516992429728830e+00,
       1.6975876086397474e+00, 2.2143672600636091e+00,
       1.3458692608148140e+00, 1.7209578321237065e+00,
       2.3416497659307161e+00, 1.5306097881647889e+00,
       3.6698337188674843e+00, 1.3171511531328153e+00,
       1.6695931069475891e+00, 1.2706702368253922e+00,
       1.4542581048485359e+00, 1.5357850780123268e+00,
       1.3871255986970439e+00, 3.5215704806255288e+00,
       1.3198056219019005e+00, 3.8795774677267882e+00,
       1.3259949491634730e+00, 1.9323419600962168e+00,
       8.9987773830302942e-01, 5.0094396710908207e-01,
       9.8917936108280347e-01, 1.2640206804694298e+00,
       1.6644305131160362e+00, 1.0459634842475267e+00,
       3.9957470498996668e+00, 1.0727941963661061e+00,
       1.6748300073166758e+00 ]
intactSigma:
   - !!opencv-matrix
      rows: 9
      cols: 9
      dt: d
      data: [ 1.4030894331536881e-01, 1.7244821537980435e-02,
          2.6352238033738044e-02, 8.7244563098371301e-03,
          1.0263627599000822e-02, -3.1726386898343712e-03,
          -2.6105992497416786e-02, -1.0061728761350579e-02,
          -6.3671826419979581e-03, 1.7244821537980431e-02,
          2.7817343700940370e-02, 1.2260213989627258e-02,
          1.4398748965639384e-02, 4.2211462482923436e-03,
          2.1914567029241916e-03, -2.2026169843772730e-03,
          3.1949955629653869e-03, -1.4535856412359191e-04,
          2.6352238033738044e-02, 1.2260213989627258e-02,
          5.0869081647934369e-02, 5.9281862186541991e-03,
          6.4772310903084317e-03, -3.1232127742758247e-05,
          -8.7948099616160062e-03, -4.4912222631450375e-03,
          -4.9686771861482716e-03, 8.7244563098371319e-03,
          1.4398748965639384e-02, 5.9281862186541991e-03,
          9.4885713967868046e-02, 2.3941936985677381e-03,
          -3.3247269267718130e-03, -2.3917773503278755e-03,
          5.8961930773258019e-04, -3.8739797110650116e-03,
          1.0263627599000822e-02, 4.2211462482923436e-03,
          6.4772310903084317e-03, 2.3941936985677390e-03,
          7.4161057157053336e-03, -5.4971274689548876e-04,
          -2.2426259891824250e-03, -3.3993696422208448e-03,
          -1.0453993015159442e-03, -3.1726386898343708e-03,
          2.1914567029241903e-03, -3.1232127742759623e-05,
          -3.3247269267718152e-03, -5.4971274689548941e-04,
          1.3757211138177630e-01, 1.1373630667681504e-03,
          4.5828960895121775e-03, 1.3495837309454640e-03,
          -2.6105992497416786e-02, -2.2026169843772734e-03,
          -8.7948099616160080e-03, -2.3917773503278773e-03,
          -2.2426259891824255e-03, 1.1373630667681509e-03,
          1.7299057744117989e-02, 7.0965808318892336e-03,
          4.6967727236988717e-04, -1.0061728761350582e-02,
          3.1949955629653869e-03, -4.4912222631450383e-03,
          5.8961930773257943e-04, -3.3993696422208448e-03,
          4.5828960895121758e-03, 7.0965808318892336e-03,
          5.4019971227112967e-02, -1.5573021122820370e-03,
          -6.3671826419979581e-03, -1.4535856412359175e-04,
          -4.9686771861482716e-03, -3.8739797110650129e-03,
          -1.0453993015159440e-03, 1.3495837309454640e-03,
          4.6967727236988684e-04, -1.5573021122820370e-03,
          1.8823516152460969e-02 ]
   - !!opencv-matrix
      rows: 9
      cols: 9
      dt: d
      data: [ 3.5138844383752574e-02, 7.4391122173187206e-03,
          6.5040992419121146e-03, 8.2553897970561222e-04,
          6.3099824734382404e-03, -5.3026884516349775e-04,
          -5.3092124662766195e-03, 3.1326007668731085e-04,
          -6.1485172024828367e-05, 7.4391122173187206e-03,
          1.6736172557202458e-02, 7.3305511775002717e-03,
          1.2979774918892439e-02, 9.5060540987943927e-03,
          1.3370577921107021e-03, 6.7881469162347728e-06,
          2.0310704977007234e-03, 6.9222857078343636e-05,
          6.5040992419121155e-03, 7.3305511775002708e-03,
          3.5749754057036856e-02, 2.3663246938497562e-03,
          9.1105636162630479e-03, -1.2962983886978608e-04,
          -8.8699154023583627e-03, 8.6118978941360062e-04,
          -9.2762844774510426e-05, 8.2553897970561222e-04,
          1.2979774918892439e-02, 2.3663246938497571e-03,
          1.3275062442802218e-01, 2.7057639564295903e-02,
          9.3003331190322626e-04, 2.7540446234271105e-03,
          2.7434921930598679e-04, 7.2065422117722827e-04,
          6.3099824734382422e-03, 9.5060540987943927e-03,
          9.1105636162630479e-03, 2.7057639564295913e-02,
          1.6714146353875428e-01, -1.0219324356796390e-03,
          5.8060188613234453e-03, -8.6759309663580239e-04,
          1.8048817662051036e-03, -5.3026884516349786e-04,
          1.3370577921107021e-03, -1.2962983886978619e-04,
          9.3003331190322691e-04, -1.0219324356796403e-03,
          2.9220908306745751e-02, 9.6054985289033463e-04,
          7.1850162982277073e-04, 9.4411838571811966e-05,
          -5.3092124662766204e-03, 6.7881469162348177e-06,
          -8.8699154023583627e-03, 2.7540446234271113e-03,
          5.8060188613234445e-03, 9.6054985289033398e-04,
          2.4188883531203128e-02, 1.5867519207406538e-03,
          6.1700812029125867e-04, 3.1326007668731085e-04,
          2.0310704977007234e-03, 8.6118978941360030e-04,
          2.7434921930598696e-04, -8.6759309663580206e-04,
          7.1850162982277073e-04, 1.5867519207406543e-03,
          1.6334200965201353e-02, -7.0758768343738945e-04,
          -6.1485172024828354e-05, 6.9222857078343554e-05,
          -9.2762844774510480e-05, 7.2065422117722838e-04,
          1.8048817662051032e-03, 9.4411838571812034e-05,
          6.1700812029125867e-04, -7.0758768343738945e-04,
          8.3148042342631766e-04 ]
   - !!opencv-matrix
      rows: 9
      cols: 9
      dt: d
      data: [ 7.5340934461578712e-01, 2.5204424418413623e-01,
          1.4262595071741974e-01, 7.3466339371984338e-02,
          2.0640267853975350e-01, 2.3701613297574797e-01,
          -5.5283716039879974e-03, 4.3264380202588486e-02,
          3.1072698808347118e-02, 2.5204424418413618e-01,
          1.1311801204958118e+00, 1.7875264276596287e-01,
          3.0974597573451346e-01, 2.7723304681162780e-01,
          2.6099944614353592e-02, -6.1379194043045836e-02,
          1.4304933153201441e-01, 1.1378745421815901e-03,
          1.4262595071741974e-01, 1.7875264276596287e-01,
          1.4335920760552395e-01, 1.0886207315438844e-01,
          1.5050399507745657e-01, 1.0134393524044501e-01,
          -3.2616003207826733e-02, 2.0065245751081439e-02,
          1.1309943989427716e-02, 7.3466339371984338e-02,
          3.0974597573451346e-01, 1.0886207315438844e-01,
          3.5047864185757660e-01, 2.8968160410288246e-01,
          3.4747580269121454e-02, -2.9799093283358950e-02,
          2.7809654319689025e-02, 7.3228107370484231e-03,
          2.0640267853975350e-01, 2.7723304681162780e-01,
          1.5050399507745657e-01, 2.8968160410288241e-01,
          4.5691618908953602e-01, 1.6224317014034229e-01,
