%YAML:1.0
---
groups:
   - intact
   - CD19
   - blast
intactGmmnames:
   - "intact.539.0"
   - "intact.539.1"
   - "intact.539.2"
   - "intact.539.3"
   - "intact.539.4"
intactLabels:
   - FSC-A
   - SSC-A
   - CD20
   - CD10
   - CD45
   - CD34
   - SYTO41
   - CD19
   - CD38
intactMu: !!opencv-matrix
   rows: 5
   cols: 9
   dt: d
   data: [ 6.5838088943996731e-01, 3.3954828244507973e-01,
       9.3979512410743926e-01, 1.1832138958455851e+00,
       1.2865476967964768e+00, 1.0037765915305592e+00,
       3.8793104263404374e+00, 1.0140573114229585e+00,
       1.6155584925518458e+00, 5.2409787916166184e-01,
       2.4712778254970108e-01, 9.6338172056945692e-01,
       8.2433921125037790e-01, 3.4624757408307549e+00,
       1.0401501121699732e+00, 3.8820514229284737e+00,
       9.0984073431879386e-01, 1.6296556740712689e+00,
       9.7883346635603641e-01, 5.2830698088918449e-01,
       1.1587855210925799e+00, 1.5262310359881823e+00,
       1.6021787992796959e+00, 1.0125950812483118e+00,
       3.9652330017964466e+00, 1.0956830524318586e+00,
       1.6547436120314387e+00, 1.1113035792686552e+00,
       1.0309540657488578e+00, 1.3018827069061925e+00,
       1.1572621385865340e+00, 3.0831732632761835e+00,
       1.4248443761984741e+00, 3.7781740923595937e+00,
       1.0965219132574346e+00, 2.3457172755175772e+00,
       1.0959156204460880e+00, 1.4946033705582327e+00,
       1.5366173423536300e+00, 1.6001034314127982e+00,
       2.7014020854835010e+00, 1.2353850818238201e+00,
       3.8540465548527827e+00, 1.4092363278143010e+00,
       1.6630817125618951e+00 ]
intactSigma:
   - !!opencv-matrix
      rows: 9
      cols: 9
      dt: d
      data: [ 5.3577831338041532e-02, 1.0482667492453350e-02,
          1.9823685761696221e-02, 2.5723625568232576e-02,
          1.9978505621498398e-02, -1.6648489307389291e-03,
          -4.5989379159709649e-03, 3.0401039790847327e-03,
          7.0664466249549800e-04, 1.0482667492453352e-02,
          1.1883328627144587e-02, 1.1863027216016505e-02,
          1.6417855963968855e-02, 1.1583770863561018e-02,
          5.1624304858662550e-04, 7.2999899893390655e-04,
          1.8138278080982811e-03, 3.1891822867467242e-04,
          1.9823685761696221e-02, 1.1863027216016505e-02,
          5.2475514778036365e-02, 3.1529208711409143e-02,
          2.5328953074649038e-02, -1.7145155409954973e-03,
          -1.9299914849247798e-02, 9.5893052848866416e-04,
          6.3361947982412290e-04, 2.5723625568232576e-02,
          1.6417855963968858e-02, 3.1529208711409143e-02,
          1.5411857404915924e-01, 4.2069562621372132e-02,
          -2.1327697156731198e-03, -8.6095449774572560e-03,
          3.1403625241527640e-03, 2.4142251401127889e-03,
          1.9978505621498392e-02, 1.1583770863561018e-02,
          2.5328953074649045e-02, 4.2069562621372125e-02,
          1.4125864922998552e-01, -2.4931458766356933e-03,
          -4.3907722275248456e-03, 1.5539736323691960e-03,
          2.1106675006123529e-03, -1.6648489307389293e-03,
          5.1624304858662517e-04, -1.7145155409954973e-03,
          -2.1327697156731215e-03, -2.4931458766356933e-03,
          4.0066829391473886e-02, 2.6295226393367793e-03,
          4.9089104129717881e-04, -7.5656866409215906e-05,
          -4.5989379159709657e-03, 7.2999899893390688e-04,
          -1.9299914849247795e-02, -8.6095449774572525e-03,
          -4.3907722275248473e-03, 2.6295226393367793e-03,
          3.3226209875122273e-02, 2.8157231392239267e-03,
          9.9891322907297550e-05, 3.0401039790847327e-03,
          1.8138278080982811e-03, 9.5893052848866416e-04,
          3.1403625241527640e-03, 1.5539736323691962e-03,
          4.9089104129717870e-04, 2.8157231392239267e-03,
          1.0791002004695667e-02, -5.7665775476403421e-04,
          7.0664466249549822e-04, 3.1891822867467242e-04,
          6.3361947982412269e-04, 2.4142251401127889e-03,
          2.1106675006123525e-03, -7.5656866409215865e-05,
          9.9891322907297550e-05, -5.7665775476403432e-04,
          8.7016514265743144e-04 ]
   - !!opencv-matrix
      rows: 9
      cols: 9
      dt: d
      data: [ 4.8724218848573891e-02, 3.3800820767787760e-03,
          1.5677122156601751e-02, 5.2104615688045421e-03,
          6.5870510559556429e-03, -5.0828943152524883e-03,
          -2.3374061948149994e-02, -8.4407217414104244e-03,
          -4.4095257999879458e-03, 3.3800820767787764e-03,
          8.1457882315444288e-03, 1.0419870828622956e-02,
          6.9628436795537126e-03, 2.9845335797941872e-03,
          1.7445542962524242e-03, -7.4585205913701649e-05,
          3.6989319760267168e-04, -1.0923081459134818e-03,
          1.5677122156601751e-02, 1.0419870828622956e-02,
          5.1188852851350650e-02, 1.1097805643214304e-02,
          6.4999708893905351e-03, 3.4700830151191916e-03,
          -8.8282885498442067e-03, -1.8135542733036904e-03,
          -4.5034634841283885e-03, 5.2104615688045404e-03,
          6.9628436795537126e-03, 1.1097805643214305e-02,
          6.0209478763784435e-02, 4.0615314878565192e-03,
          -2.5316236442841987e-03, -2.2443362561810482e-03,
          3.2763903990684564e-04, -1.8648539921852086e-03,
          6.5870510559556429e-03, 2.9845335797941872e-03,
          6.4999708893905333e-03, 4.0615314878565192e-03,
          7.5830706128746190e-03, -1.6924274659453912e-03,
          -2.8124842388688553e-03, -2.1425491697694252e-03,
          -1.3945234164342234e-03, -5.0828943152524883e-03,
          1.7445542962524242e-03, 3.4700830151191925e-03,
          -2.5316236442841978e-03, -1.6924274659453917e-03,
          1.3391638945769174e-01, 4.3035166983151152e-03,
          2.9738289750634041e-03, 4.3223034102314345e-04,
          -2.3374061948149991e-02, -7.4585205913701622e-05,
          -8.8282885498442085e-03, -2.2443362561810482e-03,
          -2.8124842388688553e-03, 4.3035166983151152e-03,
          2.1860026326274394e-02, 6.0388428283802550e-03,
          2.8270449633334212e-03, -8.4407217414104244e-03,
          3.6989319760267157e-04, -1.8135542733036896e-03,
          3.2763903990684569e-04, -2.1425491697694252e-03,
          2.9738289750634037e-03, 6.0388428283802541e-03,
          2.2799337399650225e-02, 2.0989354932437915e-04,
          -4.4095257999879458e-03, -1.0923081459134818e-03,
          -4.5034634841283885e-03, -1.8648539921852091e-03,
          -1.3945234164342232e-03, 4.3223034102314324e-04,
          2.8270449633334208e-03, 2.0989354932437917e-04,
          7.3494460269847598e-03 ]
   - !!opencv-matrix
      rows: 9
      cols: 9
      dt: d
      data: [ 8.8909136325335383e-02, 1.9411379129327881e-02,
          1.7201322959326287e-02, 1.5550641407647404e-02,
          4.5988525401944053e-03, 1.6135486938882800e-03,
          3.0948346769615049e-03, 3.8476522399890638e-03,
          3.7486772519091658e-05, 1.9411379129327878e-02,
          3.0593474592899388e-02, 2.0794323326483236e-02,
          1.1939064056170803e-02, 1.8580997446970143e-02,
          3.1868259450017001e-03, 3.1383240456276701e-03,
          5.4367749637066433e-03, 1.3256974768972071e-03,
          1.7201322959326287e-02, 2.0794323326483236e-02,
          5.0814455346142033e-02, 1.2619110013961378e-02,
          1.7126601583593321e-02, 1.9620124233259316e-03,
          -3.8053713113272198e-05, 3.1730782305979112e-03,
          7.3562160514070534e-04, 1.5550641407647404e-02,
          1.1939064056170803e-02, 1.2619110013961378e-02,
          1.2903786707447415e-01, 2.9419511846094825e-02,
          -2.5736743745807841e-03, 1.1002863186245365e-03,
          -1.0542719073779474e-03, 3.2273663342562422e-03,
          4.5988525401944062e-03, 1.8580997446970140e-02,
          1.7126601583593321e-02, 2.9419511846094822e-02,
          1.3650042082726688e-01, 1.0895404773532300e-03,
          6.9896616712464702e-05, 6.2622321341282048e-04,
