%YAML:1.0
---
groups:
   - intact
   - CD19
   - blast
intactGmmnames:
   - "intact.540.0"
   - "intact.540.1"
   - "intact.540.2"
   - "intact.540.3"
   - "intact.540.4"
intactLabels:
   - FSC-A
   - SSC-A
   - CD20
   - CD10
   - CD45
   - CD34
   - SYTO41
   - CD19
   - CD38
intactMu: !!opencv-matrix
   rows: 5
   cols: 9
   dt: d
   data: [ 2.5880523948696164e+00, 3.2826076359261376e+00,
       1.3751196491785120e+00, 2.1480659435349407e+00,
       2.7102000133599016e+00, 1.0545929980313509e+00,
       3.5765966008186569e+00, 1.7216522839503603e+00,
       1.5275566989199272e+00, 1.3216431023668016e+00,
       3.2447216088890446e-01, 1.0484681219818603e+00,
       9.9082671410000567e-01, 3.4109984619565568e+00,
       9.8243704795483777e-01, 3.3236085698719107e+00,
       9.3766629386679523e-01, 1.5427380712115146e+00,
       9.9901829815440857e-01, 2.5795106407047635e-01,
       8.8420144293034808e-01, 1.1161706770369444e+00,
       3.3370082775541365e+00, 9.9023058972521394e-01,
       3.7101840460954381e+00, 8.9944017294285994e-01,
       1.5864997389440256e+00, 1.5012885612166573e+00,
       5.1924572113854139e-01, 1.1152621295376881e+00,
       1.0247984275546860e+00, 3.5297140123288795e+00,
       9.9160281744656653e-01, 3.1672904001857978e+00,
       1.0423057806670519e+00, 1.6577184307578772e+00,
       1.3940048854230374e+00, 1.1503855112596175e+00,
       1.4116674687929167e+00, 1.5335133079534551e+00,
       2.2465083393635497e+00, 1.3536403649841240e+00,
       3.0843015378266720e+00, 1.2814899358866467e+00,
       1.5803571419361169e+00 ]
intactSigma:
   - !!opencv-matrix
      rows: 9
      cols: 9
      dt: d
      data: [ 4.7218486148091060e-01, 3.1010326184248902e-02,
          4.0659583715759971e-02, -1.2749944263751475e-01,
          -3.0261270457327155e-02, -1.4273780432539607e-03,
          -2.2483714273616857e-02, 2.5770015199736648e-02,
          2.4926669297912409e-02, 3.1010326184248902e-02,
          4.1202836968863088e-01, 5.1647526462399014e-02,
          1.0471269903822572e-01, 4.1805108295421153e-02,
          1.8682160834749148e-02, -7.1180551781876173e-03,
          5.6402674963077486e-02, 8.7491916392300785e-03,
          4.0659583715759964e-02, 5.1647526462399042e-02,
          4.6505633130902793e-02, -3.6033584778132123e-03,
          4.3279281422147755e-03, 1.9590931900375901e-03,
          -1.5264116788058720e-02, 7.5442169777316772e-03,
          6.6728461377988501e-03, -1.2749944263751475e-01,
          1.0471269903822573e-01, -3.6033584778132127e-03,
          2.2991072274639818e-01, 6.3239274290874600e-02,
          2.7715105776801073e-03, -3.7872159051406378e-03,
          1.9073315495960044e-02, -1.8600484928610543e-02,
          -3.0261270457327155e-02, 4.1805108295421167e-02,
          4.3279281422147764e-03, 6.3239274290874586e-02,
          4.7381720431872582e-02, 1.0806016539993220e-03,
          -1.4066635556308420e-02, 9.0221416027425911e-03,
          -1.6841379483574321e-03, -1.4273780432539603e-03,
          1.8682160834749151e-02, 1.9590931900375901e-03,
          2.7715105776801082e-03, 1.0806016539993224e-03,
          5.5915801424151687e-02, 4.8081372423462790e-03,
          2.2459381045778653e-03, -1.2963833430911667e-04,
          -2.2483714273616871e-02, -7.1180551781876190e-03,
          -1.5264116788058720e-02, -3.7872159051406395e-03,
          -1.4066635556308424e-02, 4.8081372423462790e-03,
          8.2872682071542358e-02, -4.1908561821565264e-04,
          -6.5446964984256714e-03, 2.5770015199736655e-02,
          5.6402674963077486e-02, 7.5442169777316789e-03,
          1.9073315495960044e-02, 9.0221416027425894e-03,
          2.2459381045778649e-03, -4.1908561821565253e-04,
          3.4178150533191322e-02, -1.5390723160857050e-03,
          2.4926669297912409e-02, 8.7491916392300785e-03,
          6.6728461377988475e-03, -1.8600484928610543e-02,
          -1.6841379483574317e-03, -1.2963833430911677e-04,
          -6.5446964984256705e-03, -1.5390723160857050e-03,
          4.2374308917725458e-02 ]
   - !!opencv-matrix
      rows: 9
      cols: 9
      dt: d
      data: [ 8.5042795113834987e-02, 2.2027504341338594e-03,
          3.6333610576057104e-03, 3.5557915186853087e-03,
          8.6236188347909477e-03, 2.0811188732574679e-03,
          -2.0937536579884868e-04, 6.1249085377707794e-03,
          8.6955529800019466e-04, 2.2027504341338594e-03,
          6.6262082574794117e-03, 8.4169359876206298e-03,
          1.8095011499479096e-03, 3.2161507497694155e-03,
          -9.2717989543803251e-04, -1.1482822855278750e-03,
          1.6341140865433837e-03, -3.5748517818710765e-03,
          3.6333610576057104e-03, 8.4169359876206298e-03,
          5.9968458943626478e-02, -6.9326571127720964e-04,
          3.4561722317033813e-03, -8.4954029447413374e-04,
          -1.6953470019665420e-03, 4.2106442384086786e-03,
          -8.4248649030642647e-03, 3.5557915186853087e-03,
          1.8095011499479094e-03, -6.9326571127720942e-04,
          6.9224814729302420e-02, -2.9160679364709458e-04,
          -4.7570175585313094e-03, 1.2816584476107314e-03,
          1.6743711100922509e-03, -3.9415749514321741e-03,
          8.6236188347909477e-03, 3.2161507497694155e-03,
          3.4561722317033804e-03, -2.9160679364709458e-04,
          8.9259665157634654e-03, -1.1699913954323852e-03,
          -1.1024725025487636e-03, 1.4517982181989676e-03,
          -7.6163098376776081e-05, 2.0811188732574675e-03,
          -9.2717989543803306e-04, -8.4954029447413244e-04,
          -4.7570175585313085e-03, -1.1699913954323854e-03,
          9.6875752551536340e-02, 1.6179919819054476e-03,
          2.5375671897040195e-03, 5.3026530580973534e-03,
          -2.0937536579884868e-04, -1.1482822855278750e-03,
          -1.6953470019665429e-03, 1.2816584476107325e-03,
          -1.1024725025487632e-03, 1.6179919819054476e-03,
          1.5879404120632806e-02, 9.2862129945691112e-04,
          -5.6546523289382567e-04, 6.1249085377707785e-03,
          1.6341140865433832e-03, 4.2106442384086803e-03,
          1.6743711100922509e-03, 1.4517982181989682e-03,
          2.5375671897040204e-03, 9.2862129945691122e-04,
          5.4951138994621923e-02, -5.3122631479580028e-03,
          8.6955529800019412e-04, -3.5748517818710757e-03,
          -8.4248649030642647e-03, -3.9415749514321741e-03,
          -7.6163098376775919e-05, 5.3026530580973534e-03,
          -5.6546523289382599e-04, -5.3122631479580028e-03,
          4.1031560561363242e-02 ]
   - !!opencv-matrix
      rows: 9
      cols: 9
      dt: d
      data: [ 7.4112926970757276e-02, 2.4560432519833480e-03,
          1.6858309469960413e-02, -1.6159530415527205e-02,
          1.6770565432908179e-02, -1.4352837200837898e-03,
          -2.3016896424765950e-02, 4.1014301233441575e-03,
          7.6822773325566293e-03, 2.4560432519833472e-03,
          4.8509611354269535e-03, 7.5168128897397839e-03,
          1.1739597807000877e-03, 1.7810963600424952e-03,
          2.7179841853191243e-04, -9.4802092137238002e-04,
          3.7381797717237880e-04, -2.5251816158302367e-03,
          1.6858309469960416e-02, 7.5168128897397839e-03,
          7.3025510402529178e-02, -8.9601923176818518e-03,
          6.2502284465311090e-03, 2.8806829887948154e-04,
          -9.7340773300483626e-03, 1.7570136456461812e-03,
          -5.1431079732025741e-03, -1.6159530415527205e-02,
          1.1739597807000877e-03, -8.9601923176818518e-03,
          5.6920555480112926e-02, -4.2703362350394502e-03,
          -1.1003456332426761e-03, 1.0479146718421477e-02,
          -1.0538232942790494e-03, -2.8130150669824368e-03,
          1.6770565432908179e-02, 1.7810963600424952e-03,
          6.2502284465311099e-03, -4.2703362350394502e-03,
          1.0202004514136711e-02, -5.9692073239271031e-04,
