%YAML:1.0
---
groups:
   - intact
   - CD19
intactGmmnames:
   - "intact.541.0"
   - "intact.541.1"
   - "intact.541.2"
   - "intact.541.3"
   - "intact.541.4"
intactLabels:
   - FSC-A
   - SSC-A
   - CD20
   - CD10
   - CD45
   - CD34
   - SYTO41
   - CD19
   - CD38
intactMu: !!opencv-matrix
   rows: 5
   cols: 9
   dt: d
   data: [ 2.2104883086609650e+00, 1.9702787048927113e+00,
       1.5823735805460954e+00, 1.5647353326545341e+00,
       3.1983858675642010e+00, 1.5545443399460352e+00,
       3.3569072009576524e+00, 1.4158882752585611e+00,
       2.9207320539913555e+00, 1.4385616352859794e+00,
       7.6361395835803825e-01, 1.2023639618977540e+00,
       2.0116317166334339e+00, 2.1286075222704608e+00,
       1.0197119764226967e+00, 3.6940092124463266e+00,
       1.1205284829249031e+00, 2.1779973103071577e+00,
       1.5007370497065984e+00, 7.3079649436216687e-01,
       1.1636455727718340e+00, 8.0690019055427675e-01,
       3.7365063859909133e+00, 1.0169259951351663e+00,
       3.2249458827187896e+00, 1.1548634238038149e+00,
       2.5561502542435450e+00, 1.0113060736720678e+00,
       3.5114029162887117e-01, 9.0236925527209366e-01,
       1.3405647308901105e+00, 1.5285420955924918e+00,
       9.1525174627593853e-01, 3.3895089925677149e+00,
       1.0204368511489381e+00, 1.4331099414139608e+00,
       2.8601231540871761e+00, 3.5585585372344832e+00,
       1.3714809500689276e+00, 2.0398259260052312e+00,
       2.7267480113780018e+00, 1.0152109261790694e+00,
       3.3159520445843289e+00, 1.6255725842220623e+00,
       1.7665014542921289e+00 ]
intactSigma:
   - !!opencv-matrix
      rows: 9
      cols: 9
      dt: d
      data: [ 4.8901292303140603e-01, 1.9110810605132431e-01,
          4.6943945390904837e-02, 6.5826568079981286e-03,
          1.2038728461065741e-01, 4.5943660629226599e-02,
          4.0687498850376841e-02, 7.1120414228445561e-02,
          1.1106030361279531e-01, 1.9110810605132431e-01,
          7.6765151821791267e-01, 1.8163365285686073e-01,
          1.3216656486637052e-01, 6.4102362921684461e-02,
          -5.9972386038374070e-02, 4.5495116478654750e-02,
          1.5784807058788430e-01, 1.9420677887153834e-02,
          4.6943945390904858e-02, 1.8163365285686076e-01,
          1.3275781159489819e-01, 7.7811535291165801e-02,
          3.2362754066608108e-02, 1.8302455185355889e-02,
          1.2606193433989752e-02, 6.8541225652191326e-02,
          1.6607232100067301e-02, 6.5826568079981286e-03,
          1.3216656486637049e-01, 7.7811535291165801e-02,
          2.8902702315687834e-01, -2.9782334014207799e-02,
          6.9552559014506360e-03, 1.7520497587792810e-02,
          5.6243958867266360e-02, -4.0283856985707210e-02,
          1.2038728461065742e-01, 6.4102362921684461e-02,
          3.2362754066608108e-02, -2.9782334014207788e-02,
          3.2687920217807781e-01, 5.7303311147084743e-02,
          1.9934447602314959e-02, 2.4999908403895845e-02,
          2.2851401708167662e-01, 4.5943660629226599e-02,
          -5.9972386038374091e-02, 1.8302455185355889e-02,
          6.9552559014506386e-03, 5.7303311147084743e-02,
          3.3480044651984209e-01, 2.9236691938086309e-02,
          -3.4252553808483818e-03, 1.2911726483784913e-01,
          4.0687498850376855e-02, 4.5495116478654750e-02,
          1.2606193433989752e-02, 1.7520497587792810e-02,
          1.9934447602314959e-02, 2.9236691938086309e-02,
          1.1881169721509652e-01, 1.3795670092166522e-02,
          7.3197147435635629e-02, 7.1120414228445561e-02,
          1.5784807058788428e-01, 6.8541225652191326e-02,
          5.6243958867266367e-02, 2.4999908403895845e-02,
          -3.4252553808483831e-03, 1.3795670092166524e-02,
          9.2033965633814191e-02, 6.5383922021857209e-03,
          1.1106030361279531e-01, 1.9420677887153837e-02,
          1.6607232100067301e-02, -4.0283856985707203e-02,
          2.2851401708167662e-01, 1.2911726483784913e-01,
          7.3197147435635615e-02, 6.5383922021857192e-03,
          3.9688096313456850e-01 ]
   - !!opencv-matrix
      rows: 9
      cols: 9
      dt: d
      data: [ 1.9758183074577501e-01, 5.8635601389522715e-02,
          3.9317543257219610e-02, 4.4579324579738740e-02,
          3.2852241263825285e-02, 6.9626759568677176e-03,
          1.5182537800521626e-02, 1.6617389417847281e-02,
          5.8139745481119526e-02, 5.8635601389522715e-02,
          1.0268190712605541e-01, 6.3712754111225969e-02,
          6.3828355740715575e-02, 6.3331362462180490e-02,
          1.7637814843195092e-02, 2.3132544403882006e-02,
          2.1597248757954237e-02, 1.0315991104565603e-01,
          3.9317543257219610e-02, 6.3712754111225983e-02,
          7.9686139675170298e-02, 3.6939931684028149e-02,
          4.2404069917729902e-02, 1.2791829408961440e-02,
          1.0750338590156287e-02, 1.3888494977902921e-02,
          6.7462438198032007e-02, 4.4579324579738740e-02,
          6.3828355740715575e-02, 3.6939931684028156e-02,
          3.7906196499704364e-01, 8.7006665094029503e-02,
          2.0636229714610502e-02, 1.7379308418253806e-02,
          1.2043930196201206e-02, 1.2765915931614885e-01,
          3.2852241263825292e-02, 6.3331362462180490e-02,
          4.2404069917729895e-02, 8.7006665094029503e-02,
          1.4955818215000438e-01, 1.7830852565087690e-02,
          1.2832767057823989e-02, 1.3852399901032647e-02,
          1.5924824261465831e-01, 6.9626759568677176e-03,
          1.7637814843195092e-02, 1.2791829408961440e-02,
          2.0636229714610502e-02, 1.7830852565087693e-02,
          6.1657569398589594e-02, 4.4838742092287260e-03,
          5.2715733680940976e-03, 3.2611687370902302e-02,
          1.5182537800521626e-02, 2.3132544403882013e-02,
          1.0750338590156287e-02, 1.7379308418253806e-02,
          1.2832767057823989e-02, 4.4838742092287260e-03,
          2.7561757580892892e-02, 5.9838689114096082e-03,
          2.4137313091816798e-02, 1.6617389417847281e-02,
          2.1597248757954237e-02, 1.3888494977902921e-02,
          1.2043930196201206e-02, 1.3852399901032651e-02,
          5.2715733680940976e-03, 5.9838689114096091e-03,
          1.5161288050753350e-02, 2.3476781313698798e-02,
          5.8139745481119526e-02, 1.0315991104565603e-01,
          6.7462438198031993e-02, 1.2765915931614885e-01,
          1.5924824261465828e-01, 3.2611687370902302e-02,
          2.4137313091816798e-02, 2.3476781313698798e-02,
          2.7807076175177714e-01 ]
   - !!opencv-matrix
      rows: 9
      cols: 9
      dt: d
      data: [ 1.9662579067064934e-01, 7.1942726118760139e-02,
          1.3780320178885912e-02, 2.1200268444670272e-03,
          3.3018605304435837e-02, 1.2290089594023050e-02,
          -4.6806370476537807e-03, 2.9464132499740166e-02,
          1.4367485749905878e-01, 7.1942726118760139e-02,
          7.1928723181246809e-02, 1.4307847966613706e-02,
          4.8109305913952190e-03, 2.0581604815026373e-02,
          1.2195851956060105e-02, -3.5552003757219055e-03,
          1.5310346264576639e-02, 1.2630525079248944e-01,
          1.3780320178885912e-02, 1.4307847966613706e-02,
          5.4096362054337960e-02, 4.8368542924484446e-03,
          4.6306447452173719e-03, -5.7446889741078096e-03,
          -5.4498872279521602e-03, 1.8852267614189420e-03,
          -2.5491943517111187e-02, 2.1200268444670272e-03,
          4.8109305913952207e-03, 4.8368542924484446e-03,
          5.6912326079214107e-02, 2.5606276495761509e-03,
          -1.3300331013505525e-02, 1.3339676229204231e-03,
          1.6253946932657233e-03, -1.5489597148099419e-02,
          3.3018605304435830e-02, 2.0581604815026373e-02,
          4.6306447452173702e-03, 2.5606276495761513e-03,
          2.8135580348400139e-02, 3.5421337699638358e-04,
          -2.5928066352260671e-03, 8.0227106671664078e-03,
