%YAML:1.0
---
groups:
   - intact
   - CD19
   - blast
intactGmmnames:
   - "intact.548.0"
   - "intact.548.1"
   - "intact.548.2"
   - "intact.548.3"
   - "intact.548.4"
intactLabels:
   - FSC-A
   - SSC-A
   - CD20
   - CD10
   - CD45
   - CD34
   - SYTO41
   - CD19
   - CD38
intactMu: !!opencv-matrix
   rows: 5
   cols: 9
   dt: d
   data: [ 9.2294213455537555e-01, 2.9216231015959498e-01,
       9.4367691672919296e-01, 1.2295672234865707e+00,
       1.5846409641705215e+00, 9.7471649060154564e-01,
       2.6518784229147179e+00, 1.0886437285972597e+00,
       1.4753479016362190e+00, 3.1204063358590877e+00,
       3.6283024724620052e+00, 1.4612226624015434e+00,
       2.7015425143223197e+00, 3.1917430144377525e+00,
       1.9888004821248007e+00, 2.6755165770090166e+00,
       2.1240728017086985e+00, 1.5888710440327982e+00,
       1.0830886991424860e+00, 2.8604531301565117e-01,
       1.0351391969697521e+00, 8.4432744983810815e-01,
       3.6188145344678819e+00, 1.3829246900410390e+00,
       3.2200371393981375e+00, 1.2359800581796927e+00,
       1.8808638798334083e+00, 1.7460300793185122e+00,
       7.4984523241681422e-01, 1.2255389014756359e+00,
       1.1615509751227411e+00, 3.4056373842204728e+00,
       1.7921306184625223e+00, 2.5090947494967639e+00,
       1.4430859647991694e+00, 2.1719739835125433e+00,
       1.5421182827004400e+00, 4.9831868158093040e-01,
       1.1986789598237237e+00, 1.6992432573070753e+00,
       2.0314819626146567e+00, 1.1195170619171193e+00,
       3.2049374992047217e+00, 1.2301810452778499e+00,
       1.6640928520377545e+00 ]
intactSigma:
   - !!opencv-matrix
      rows: 9
      cols: 9
      dt: d
      data: [ 5.4533903310055476e-02, 4.9654852284661960e-03,
          5.7869640775979067e-03, -2.6000978476816354e-03,
          -3.0935172766978227e-03, 7.2901588580419113e-04,
          -8.1244473529617535e-03, 1.9890523505035227e-03,
          -3.4458094753475198e-04, 4.9654852284661960e-03,
          5.5884341180230217e-03, 4.7759204008753489e-03,
          5.7140161609723307e-03, 5.3836998398156238e-03,
          1.3709302125303777e-03, -3.2814255096284932e-03,
          2.4765913591538562e-03, 9.5928218664849949e-04,
          5.7869640775979076e-03, 4.7759204008753497e-03,
          4.3347433969973453e-02, 5.0067376593415699e-03,
          8.9434659444771383e-03, -6.5593968335404300e-05,
          -1.2699539117744751e-02, 2.6873757611934074e-03,
          8.5031008848674111e-04, -2.6000978476816367e-03,
          5.7140161609723307e-03, 5.0067376593415699e-03,
          1.9038849904828392e-01, 4.7107409011618979e-02,
          1.4835051262696243e-03, 4.1251439772320674e-02,
          3.1490102352235037e-03, 1.5085184936545011e-02,
          -3.0935172766978214e-03, 5.3836998398156238e-03,
          8.9434659444771400e-03, 4.7107409011618993e-02,
          1.4667930654188571e-01, 2.1470031047589760e-03,
          1.1700753125229972e-02, 1.6491183113767302e-03,
          1.2428730339783089e-02, 7.2901588580419113e-04,
          1.3709302125303777e-03, -6.5593968335404056e-05,
          1.4835051262696232e-03, 2.1470031047589751e-03,
          4.5440355493545220e-02, -2.2897502961798898e-03,
          6.1882695387681104e-04, 7.4634492047272454e-04,
          -8.1244473529617500e-03, -3.2814255096284932e-03,
          -1.2699539117744749e-02, 4.1251439772320667e-02,
          1.1700753125229977e-02, -2.2897502961798924e-03,
          3.0434851991282441e-01, -7.9687574943467974e-04,
          7.2844932588876374e-03, 1.9890523505035232e-03,
          2.4765913591538562e-03, 2.6873757611934079e-03,
          3.1490102352235046e-03, 1.6491183113767286e-03,
          6.1882695387681093e-04, -7.9687574943467930e-04,
          1.0493690489665397e-02, -7.2021056605513039e-04,
          -3.4458094753475230e-04, 9.5928218664849949e-04,
          8.5031008848674122e-04, 1.5085184936545010e-02,
          1.2428730339783089e-02, 7.4634492047272432e-04,
          7.2844932588876357e-03, -7.2021056605513017e-04,
          7.7887930600853330e-03 ]
   - !!opencv-matrix
      rows: 9
      cols: 9
      dt: d
      data: [ 5.0624242723829371e-01, 1.1135296006402184e-01,
          2.5096273780137977e-02, -1.8433145704527309e-02,
          1.2432707651138629e-02, 1.1230198295885238e-02,
          -1.5133267171317979e-03, 2.1618513611755125e-02,
          1.1107186258583484e-02, 1.1135296006402184e-01,
          3.0917309061746284e-01, 1.5299686978276793e-02,
          1.0070939366257231e-01, 5.5448847977634309e-02,
          3.8801332114042596e-02, -1.5164104367987275e-03,
          5.4157260888433992e-02, 1.6143393294204575e-03,
          2.5096273780137977e-02, 1.5299686978276793e-02,
          4.6546875552468274e-02, 4.0309963648560319e-03,
          1.4447915061942939e-02, 1.0691115287266321e-02,
          4.1897093171572707e-03, 6.1222041389683794e-03,
          4.9108813481226754e-03, -1.8433145704527309e-02,
          1.0070939366257231e-01, 4.0309963648560293e-03,
          2.6616519000730299e-01, 1.0756344335499840e-01,
          4.9095230252460258e-02, 3.5190575906628402e-03,
          2.2478477895208977e-02, 9.2158343156421613e-04,
          1.2432707651138634e-02, 5.5448847977634309e-02,
          1.4447915061942934e-02, 1.0756344335499840e-01,
          1.2344516159627170e-01, 4.8150417209830591e-02,
          1.8210958518162120e-02, 1.6185752035233446e-02,
          3.5271679872459216e-02, 1.1230198295885238e-02,
          3.8801332114042596e-02, 1.0691115287266321e-02,
          4.9095230252460272e-02, 4.8150417209830591e-02,
          1.3373428792066477e-01, 1.6607048491175263e-02,
          1.0227310114135132e-02, 2.2053946476934396e-02,
          -1.5133267171317986e-03, -1.5164104367987275e-03,
          4.1897093171572716e-03, 3.5190575906628402e-03,
          1.8210958518162113e-02, 1.6607048491175263e-02,
          1.1472728496353141e-01, 2.2902748628767576e-03,
          1.1182235526380013e-02, 2.1618513611755125e-02,
          5.4157260888433985e-02, 6.1222041389683794e-03,
          2.2478477895208977e-02, 1.6185752035233449e-02,
          1.0227310114135132e-02, 2.2902748628767576e-03,
          1.7587142981671564e-02, -1.0184374970033903e-03,
          1.1107186258583474e-02, 1.6143393294204588e-03,
          4.9108813481226737e-03, 9.2158343156421580e-04,
          3.5271679872459216e-02, 2.2053946476934396e-02,
          1.1182235526380009e-02, -1.0184374970033901e-03,
          6.4835362548092010e-02 ]
   - !!opencv-matrix
      rows: 9
      cols: 9
      dt: d
      data: [ 1.1038720777585750e-01, 9.8170881431297180e-03,
          1.4240898345129205e-02, 2.3072015133545824e-03,
          9.0072939994840576e-03, 7.8817733298444624e-03,
          -1.9014453445701841e-02, 4.7139115751742436e-03,
          -4.3830685110661351e-03, 9.8170881431297180e-03,
          8.0268924719007397e-03, 9.9901954973260747e-03,
          3.9276204738660902e-03, 4.6791501274534558e-03,
          5.0482703156734020e-03, -1.3210906977648622e-03,
          4.7859619528602404e-03, -4.5809022772301464e-03,
          1.4240898345129203e-02, 9.9901954973260747e-03,
          5.4246995349506916e-02, 3.6330113462484863e-03,
          6.7756212474141203e-03, 6.3667395028151356e-03,
          -7.2761814430540202e-04, 7.5496896542133780e-03,
          -1.3101348287747503e-02, 2.3072015133545824e-03,
          3.9276204738660885e-03, 3.6330113462484884e-03,
          6.7169354527933392e-02, 2.8076767612426399e-03,
          9.6627178291251194e-04, 1.8617983882545915e-03,
          3.6056669330947065e-03, -7.4630223176203846e-03,
          9.0072939994840558e-03, 4.6791501274534549e-03,
          6.7756212474141203e-03, 2.8076767612426408e-03,
          9.6706300620167593e-03, 4.0872248234055447e-03,
          -2.1510261469562244e-03, 4.6443675066447764e-03,
