%YAML:1.0
---
groups:
   - intact
   - CD19
   - blast
intactGmmnames:
   - "intact.554.0"
   - "intact.554.1"
   - "intact.554.2"
   - "intact.554.3"
   - "intact.554.4"
intactLabels:
   - FSC-A
   - SSC-A
   - CD20
   - CD10
   - CD45
   - CD34
   - SYTO41
   - CD19
   - CD38
intactMu: !!opencv-matrix
   rows: 5
   cols: 9
   dt: d
   data: [ 1.3027365715839596e+00, 4.6106736855580815e-01,
       8.1909249355603153e-01, 1.1197364963165171e+00,
       1.4207272145544543e+00, 1.0157929330040607e+00,
       3.4677466530277572e+00, 9.9721217921395877e-01,
       1.4948438942757787e+00, 2.8200927134473517e+00,
       3.9186734770934364e+00, 1.0807817710733687e+00,
       3.0292372653979740e+00, 3.3085934326654467e+00,
       1.2761365560476661e+00, 3.1427827827316457e+00,
       1.9470967169532094e+00, 1.5701188229679650e+00,
       1.6548181028941202e+00, 5.9053132792555652e-01,
       8.9325782475983451e-01, 8.5244188230500151e-01,
       3.6838080965121200e+00, 1.2736335996803816e+00,
       3.3573333589505756e+00, 1.0272252899977454e+00,
       2.0033810818390885e+00, 2.9169845231568838e+00,
       2.4868432671368215e+00, 1.3367403878789508e+00,
       1.4820594739834874e+00, 3.2896379478348257e+00,
       1.4583462133498668e+00, 3.3994440714830167e+00,
       1.8251524618055261e+00, 2.2156849712978377e+00,
       2.4950949697685374e+00, 1.2306707715792573e+00,
       9.5909363022923422e-01, 1.2291817519080497e+00,
       1.7041411244224203e+00, 1.1013875695520312e+00,
       3.6266946089479246e+00, 1.3665734422057949e+00,
       1.5571725365822628e+00 ]
intactSigma:
   - !!opencv-matrix
      rows: 9
      cols: 9
      dt: d
      data: [ 6.6655786194372429e-02, 1.8963689855532567e-02,
          2.6724890541932815e-03, 1.0780342393940323e-02,
          2.0343510011637051e-02, 2.9497211258877258e-03,
          1.9637375223612995e-02, 8.4196269929264610e-03,
          3.4826726239178718e-03, 1.8963689855532567e-02,
          2.9986940871771277e-02, 8.1869458031379651e-03,
          1.6083774039704703e-02, 2.1274788397962881e-02,
          3.5380786034077093e-03, 8.7728933128140389e-03,
          1.4301679907521863e-02, 3.3875540169481895e-03,
          2.6724890541932802e-03, 8.1869458031379651e-03,
          4.1295628649317240e-02, 1.0017662678861337e-02,
          1.2794552109967546e-02, 5.1224060851083684e-04,
          -2.0775382603361082e-02, 4.6934163106910776e-03,
          1.5217012423749728e-03, 1.0780342393940320e-02,
          1.6083774039704703e-02, 1.0017662678861334e-02,
          1.4684954083897211e-01, 4.7508359780733048e-02,
          2.3971399483787995e-03, -1.4356389885124879e-02,
          8.8014489193232702e-03, 1.0961596059975723e-02,
          2.0343510011637055e-02, 2.1274788397962881e-02,
          1.2794552109967550e-02, 4.7508359780733048e-02,
          2.1202907211297661e-01, 1.1387022657006229e-03,
          -4.0444996835702178e-03, 9.6696375606389485e-03,
          1.8122500141315907e-02, 2.9497211258877245e-03,
          3.5380786034077101e-03, 5.1224060851083727e-04,
          2.3971399483788004e-03, 1.1387022657006229e-03,
          4.1701529346881233e-02, 4.7325586114287431e-03,
          3.1109608463436933e-03, 2.7341075999207597e-04,
          1.9637375223612998e-02, 8.7728933128140407e-03,
          -2.0775382603361085e-02, -1.4356389885124884e-02,
          -4.0444996835702195e-03, 4.7325586114287414e-03,
          1.0469246446624904e-01, 6.1990912503014145e-03,
          -8.8504475560872487e-04, 8.4196269929264610e-03,
          1.4301679907521866e-02, 4.6934163106910768e-03,
          8.8014489193232702e-03, 9.6696375606389467e-03,
          3.1109608463436946e-03, 6.1990912503014127e-03,
          4.2966880017403883e-02, -8.1255653482793615e-04,
          3.4826726239178710e-03, 3.3875540169481895e-03,
          1.5217012423749728e-03, 1.0961596059975723e-02,
          1.8122500141315903e-02, 2.7341075999207575e-04,
          -8.8504475560872487e-04, -8.1255653482793626e-04,
          1.0239705796443505e-02 ]
   - !!opencv-matrix
      rows: 9
      cols: 9
      dt: d
      data: [ 2.0808360070806045e-01, 3.6575624905509280e-02,
          9.7462046377075149e-03, -1.0007631571864487e-04,
          2.6838434294600430e-03, 8.3063781252339826e-03,
          -6.2904860544968676e-03, 2.5329285662884182e-02,
          8.2759223030298267e-03, 3.6575624905509280e-02,
          2.2266472550542576e-01, 1.0263797141044834e-02,
          2.9713057334397374e-03, 2.7668457004015965e-03,
          6.3934440311581887e-03, 3.1625460027842186e-03,
          2.4762673274083550e-02, 1.0939251240678460e-03,
          9.7462046377075184e-03, 1.0263797141044830e-02,
          4.4418500085020782e-02, 2.0531465395909900e-03,
          1.0567547138810303e-03, 2.9855930690566180e-03,
          -1.1180206431410566e-03, 2.1808427525528617e-03,
          4.1128653228827673e-04, -1.0007631571864442e-04,
          2.9713057334397369e-03, 2.0531465395909900e-03,
          5.9281251496323933e-02, 1.5802695566709418e-02,
          7.8799682227706953e-03, -3.2073328523425609e-03,
          1.4273391734317680e-03, -8.2789225516958934e-04,
          2.6838434294600439e-03, 2.7668457004015965e-03,
          1.0567547138810303e-03, 1.5802695566709418e-02,
          1.8893944625377537e-02, 3.8406261071336559e-03,
          -4.6403411172767145e-03, 1.2821186385131608e-03,
          -1.3469359875322202e-05, 8.3063781252339774e-03,
          6.3934440311581879e-03, 2.9855930690566197e-03,
          7.8799682227706971e-03, 3.8406261071336567e-03,
          1.5110417581188595e-01, 1.2734437039733308e-03,
          5.1467513154209851e-03, 2.6855753609328820e-03,
          -6.2904860544968676e-03, 3.1625460027842178e-03,
          -1.1180206431410571e-03, -3.2073328523425609e-03,
          -4.6403411172767145e-03, 1.2734437039733303e-03,
          2.6718349486820551e-02, 5.8125546355884544e-03,
          1.3184592704654000e-03, 2.5329285662884182e-02,
          2.4762673274083553e-02, 2.1808427525528622e-03,
          1.4273391734317673e-03, 1.2821186385131608e-03,
          5.1467513154209868e-03, 5.8125546355884544e-03,
          2.7031026158011662e-02, 7.8186435671853140e-04,
          8.2759223030298250e-03, 1.0939251240678477e-03,
          4.1128653228827663e-04, -8.2789225516958890e-04,
          -1.3469359875322033e-05, 2.6855753609328803e-03,
          1.3184592704653991e-03, 7.8186435671853194e-04,
          3.0235080473002159e-02 ]
   - !!opencv-matrix
      rows: 9
      cols: 9
      dt: d
      data: [ 1.7100194641873850e-01, 6.1241765780013016e-02,
          2.6276437751063648e-02, 4.0845888565508685e-03,
          2.2267246728797971e-02, 6.8433025334320458e-03,
          -6.2714717003120146e-02, 3.0776792318472326e-02,
          8.1934713506144466e-02, 6.1241765780013016e-02,
          7.3390793069116056e-02, 2.1436870211708953e-02,
          7.6476653258714961e-03, 1.4246569365672795e-02,
          1.1496633978383084e-02, -3.1131498252324481e-02,
          2.9421310681365196e-02, 9.0271665323522779e-02,
          2.6276437751063652e-02, 2.1436870211708953e-02,
          4.2060358858675817e-02, -4.7629710819035791e-04,
          7.0307045362708242e-03, 1.0697055827335916e-03,
          -1.3701858712248136e-02, 6.4700228331565982e-03,
          1.3562552227421297e-02, 4.0845888565508703e-03,
          7.6476653258714944e-03, -4.7629710819035819e-04,
          6.8199016544410462e-02, 1.4328064523007073e-03,
          -1.6225228508821338e-03, -1.5208092058629755e-03,
          2.3528227394219300e-03, -4.7689065847326580e-03,
          2.2267246728797964e-02, 1.4246569365672795e-02,
          7.0307045362708234e-03, 1.4328064523007073e-03,
          1.6068413450362973e-02, 4.4226974366505184e-03,
          -1.0592568153685351e-02, 4.2203742786166920e-03,
