%YAML:1.0
---
groups:
   - intact
   - CD19
   - blast
intactGmmnames:
   - "intact.555.0"
   - "intact.555.1"
   - "intact.555.2"
   - "intact.555.3"
   - "intact.555.4"
intactLabels:
   - FSC-A
   - SSC-A
   - CD20
   - CD10
   - CD45
   - CD34
   - SYTO41
   - CD19
   - CD38
intactMu: !!opencv-matrix
   rows: 5
   cols: 9
   dt: d
   data: [ 1.2139556713803448e+00, 5.5408460791684810e-01,
       9.9239809753795927e-01, 1.0849989673817162e+00,
       3.8415709951532855e+00, 1.3703937807751341e+00,
       3.1529630950232219e+00, 1.3091427982744208e+00,
       1.9295747315611846e+00, 1.8052392935437294e+00,
       2.8345527525079830e+00, 1.2941395732286167e+00,
       2.0344938309355109e+00, 3.5082969537646398e+00,
       1.4415832004420344e+00, 3.1949985280583828e+00,
       1.8439735821043788e+00, 2.0198348695028514e+00,
       8.5337926616503701e-01, 4.2151332319414903e-01,
       8.7147824517390471e-01, 1.0759951074974781e+00,
       3.7462917570460683e+00, 1.3101178635007633e+00,
       3.4867120434605212e+00, 1.2455842006837770e+00,
       2.0641444186702436e+00, 1.2556923660305628e+00,
       9.3603769086691169e-01, 9.6905112962964490e-01,
       1.2269195899969361e+00, 1.7134015048302287e+00,
       1.5048477872124773e+00, 3.2285450652068546e+00,
       1.3237912583025391e+00, 1.8217638160274456e+00,
       1.2905970675355916e+00, 8.0475010291011795e-01,
       9.7788510161672770e-01, 1.0895630556086646e+00,
       3.9560044218005674e+00, 1.4648732568453451e+00,
       2.9105589924789235e+00, 1.3904854115156005e+00,
       2.5258237224861064e+00 ]
intactSigma:
   - !!opencv-matrix
      rows: 9
      cols: 9
      dt: d
      data: [ 4.5065785904768237e-02, 1.2009906721744557e-02,
          4.1869531248080478e-03, 8.7029600668438970e-04,
          5.6407670463862834e-03, 4.8588190303497491e-03,
          -1.0625490002879975e-02, 3.8810814370902045e-03,
          -2.2894935326697630e-03, 1.2009906721744555e-02,
          2.6686020706956689e-02, 1.0169711830064071e-02,
          1.9414062808054617e-03, 1.0260875816149682e-02,
          1.0564038683472939e-02, -9.9394555970484903e-03,
          1.0567245594424462e-02, -6.0483496995841800e-04,
          4.1869531248080469e-03, 1.0169711830064073e-02,
          4.7405795093409836e-02, -1.8599312557522873e-04,
          2.0251127274233532e-03, 4.2688733325245212e-03,
          -1.0585112966108724e-03, 4.3650418803458301e-03,
          -2.0222462436757229e-03, 8.7029600668438970e-04,
          1.9414062808054615e-03, -1.8599312557522857e-04,
          8.2894093110993609e-03, 5.3593032299902531e-04,
          -2.3289976687029339e-03, -7.1098745806518924e-04,
          7.3352876704339755e-04, -3.2692419535303418e-04,
          5.6407670463862834e-03, 1.0260875816149680e-02,
          2.0251127274233537e-03, 5.3593032299902520e-04,
          1.1184791072710448e-02, 7.1669437130256457e-03,
          -6.9865283081268900e-03, 5.9479720058629197e-03,
          1.0721868955214939e-03, 4.8588190303497491e-03,
          1.0564038683472938e-02, 4.2688733325245221e-03,
          -2.3289976687029348e-03, 7.1669437130256449e-03,
          1.7474721788947767e-01, -4.9483903745816422e-03,
          7.8653954035160113e-03, 1.7013479524846330e-03,
          -1.0625490002879975e-02, -9.9394555970484869e-03,
          -1.0585112966108724e-03, -7.1098745806518924e-04,
          -6.9865283081268900e-03, -4.9483903745816422e-03,
          1.9292709217266321e-02, -4.3858007803282096e-03,
          1.4166513100390170e-04, 3.8810814370902049e-03,
          1.0567245594424462e-02, 4.3650418803458301e-03,
          7.3352876704339755e-04, 5.9479720058629188e-03,
          7.8653954035160113e-03, -4.3858007803282096e-03,
          3.5991773608169790e-02, -1.0242247275733039e-03,
          -2.2894935326697638e-03, -6.0483496995841790e-04,
          -2.0222462436757229e-03, -3.2692419535303440e-04,
          1.0721868955214943e-03, 1.7013479524846330e-03,
          1.4166513100390173e-04, -1.0242247275733039e-03,
          7.7842580041834579e-03 ]
   - !!opencv-matrix
      rows: 9
      cols: 9
      dt: d
      data: [ 4.4309825569050881e-01, 5.1002943700116710e-01,
          5.5930592125019413e-02, 3.7143817420363830e-02,
          1.9577678945906955e-02, 5.9762885588177696e-02,
          -4.5884368812510047e-02, 1.0080975306777820e-01,
          5.2615395804033660e-03, 5.1002943700116710e-01,
          1.8996441105726862e+00, 2.5592801508892309e-02,
          4.3200757303141002e-01, 7.9873841622533984e-02,
          -1.4630293913857778e-02, -1.0873787194575195e-01,
          3.3941119460220021e-01, -8.0937415674066718e-02,
          5.5930592125019413e-02, 2.5592801508892302e-02,
          2.3561359991553923e-01, 2.7811908198316124e-02,
          9.1541381992641044e-03, 2.7817876895417502e-02,
          -2.5088125826515394e-02, 6.7724370685357513e-02,
          9.5684638611546764e-03, 3.7143817420363830e-02,
          4.3200757303141002e-01, 2.7811908198316124e-02,
          4.2119050381258338e-01, 5.7611201862980327e-02,
          -2.6285230880094112e-02, -4.4014276092985478e-02,
          9.0093633417875518e-02, -5.3610385855575593e-02,
          1.9577678945906962e-02, 7.9873841622534011e-02,
          9.1541381992641113e-03, 5.7611201862980334e-02,
          2.5363132718342624e-01, -4.0606275040067905e-02,
          9.9867229529674618e-03, 2.6731133442245633e-02,
          2.2703530034926631e-02, 5.9762885588177696e-02,
          -1.4630293913857782e-02, 2.7817876895417502e-02,
          -2.6285230880094112e-02, -4.0606275040067905e-02,
          2.4282558153062256e-01, -7.1898937242527959e-03,
          5.6346833284484348e-03, 6.3584741688575740e-03,
          -4.5884368812510047e-02, -1.0873787194575195e-01,
          -2.5088125826515401e-02, -4.4014276092985472e-02,
          9.9867229529674618e-03, -7.1898937242527933e-03,
          1.3000849986262111e-01, -2.3714471408122911e-02,
          7.3115365617043154e-03, 1.0080975306777820e-01,
          3.3941119460220026e-01, 6.7724370685357513e-02,
          9.0093633417875532e-02, 2.6731133442245644e-02,
          5.6346833284484366e-03, -2.3714471408122901e-02,
          1.1509377856397328e-01, 2.0652982856231112e-03,
          5.2615395804033642e-03, -8.0937415674066718e-02,
          9.5684638611546764e-03, -5.3610385855575593e-02,
          2.2703530034926631e-02, 6.3584741688575731e-03,
          7.3115365617043154e-03, 2.0652982856231112e-03,
          9.5094804031790520e-02 ]
   - !!opencv-matrix
      rows: 9
      cols: 9
      dt: d
      data: [ 7.0736404722409427e-02, 9.2571714320434772e-03,
          2.8061732986473239e-02, 1.0264727777188664e-03,
          1.1470056682379753e-02, 4.0614932240637504e-03,
          -5.1319728126701686e-02, 2.0355514914440708e-03,
          9.3785040058597269e-03, 9.2571714320434772e-03,
          1.3121789968392431e-02, 1.0310902138154037e-02,
          1.6004494769234553e-03, 4.1139832502976688e-03,
          2.7548036787231607e-03, -5.3517452830277200e-03,
          4.7188620203745778e-03, -2.0181711192334729e-03,
          2.8061732986473235e-02, 1.0310902138154037e-02,
          6.7416873784905393e-02, -5.0011704090982632e-04,
          7.9528289867686168e-03, 5.7261058800528947e-03,
          -2.1419181918263655e-02, 4.6220757767268935e-03,
          -4.4429115610129083e-04, 1.0264727777188666e-03,
          1.6004494769234553e-03, -5.0011704090982632e-04,
          7.8089593109680862e-03, 5.2116941343667165e-04,
          -1.5583630610215035e-03, -6.2504607762487699e-04,
          8.7579611449347186e-04, -9.8527492757316537e-04,
          1.1470056682379753e-02, 4.1139832502976688e-03,
          7.9528289867686168e-03, 5.2116941343667176e-04,
          7.3430259440957144e-03, 2.1384141646120245e-03,
