%YAML:1.0
---
groups:
   - intact
   - CD19
intactGmmnames:
   - "intact.567.0"
   - "intact.567.1"
   - "intact.567.2"
   - "intact.567.3"
   - "intact.567.4"
intactLabels:
   - FSC-A
   - SSC-A
   - CD20
   - CD10
   - CD45
   - CD34
   - SYTO41
   - CD19
   - CD38
intactMu: !!opencv-matrix
   rows: 5
   cols: 9
   dt: d
   data: [ 2.8832381138661640e+00, 3.5222511924693078e+00,
       9.5440042490091415e-01, 2.7409691552947764e+00,
       3.0991688796936026e+00, 1.1757203783670256e+00,
       3.5257154108410154e+00, 1.8627466465642781e+00,
       1.5448031796405264e+00, 1.3854633315928258e+00,
       4.2178278043927397e-01, 8.3800281433080115e-01,
       7.8029867361420802e-01, 3.7509941531694415e+00,
       1.2886549657984729e+00, 3.6793532993007760e+00,
       1.2103452205410614e+00, 1.8453340500368012e+00,
       1.6888547487684376e+00, 6.7706560115330860e-01,
       8.6491603629785008e-01, 7.8578914017888868e-01,
       3.8482252706543241e+00, 1.4071938411733769e+00,
       3.4243190396086476e+00, 1.3032646020492566e+00,
       2.4860526597209565e+00, 2.1452816434868578e+00,
       1.1845564435536313e+00, 1.0188599301521999e+00,
       1.0201945016533911e+00, 2.3950591938834442e+00,
       1.3495353773285708e+00, 2.7123757523235459e+00,
       1.3952912023989790e+00, 1.5992986738965351e+00,
       2.1815962974192931e+00, 1.8354378983166837e+00,
       1.1050232922885685e+00, 1.4688175126267471e+00,
       2.8427713759318864e+00, 1.3320900070800177e+00,
       3.5496362942670716e+00, 1.5802802804804632e+00,
       2.0539238537367002e+00 ]
intactSigma:
   - !!opencv-matrix
      rows: 9
      cols: 9
      dt: d
      data: [ 2.3774657196050333e-01, 1.2639063055773825e-01,
          2.2196642649525516e-02, 5.9920337239024986e-03,
          2.3097675322068831e-02, -1.3918840541142839e-05,
          -3.2794685152863760e-02, 2.3624628567021019e-02,
          1.2730476389706938e-02, 1.2639063055773825e-01,
          2.8831148765622666e-01, 2.2893074526010262e-02,
          2.7329114280631825e-02, 1.8492276886215082e-02,
          7.1314770627582879e-03, -6.3358282317424706e-03,
          5.4871868488002649e-02, 7.4154166507336122e-03,
          2.2196642649525519e-02, 2.2893074526010262e-02,
          5.0009198192903621e-02, -8.6468493227337927e-04,
          -1.5803309529189367e-03, 1.1482027493468800e-03,
          -4.6706959663495015e-02, 4.7314047229677064e-03,
          -6.7763405747234327e-04, 5.9920337239024995e-03,
          2.7329114280631825e-02, -8.6468493227337872e-04,
          1.0603552255218050e-01, 5.3914422182610833e-02,
          1.1487235073241162e-02, 5.7986861423566186e-03,
          6.5840618296512084e-03, 1.4771964375176272e-02,
          2.3097675322068825e-02, 1.8492276886215082e-02,
          -1.5803309529189367e-03, 5.3914422182610840e-02,
          6.4588480015819780e-02, 8.1593908112651686e-03,
          7.7048908474120709e-03, 3.8581546819263690e-03,
          1.8460965096411763e-02, -1.3918840541142486e-05,
          7.1314770627582879e-03, 1.1482027493468791e-03,
          1.1487235073241165e-02, 8.1593908112651756e-03,
          9.1454754517630785e-02, 2.2633466631812958e-03,
          3.1451551934969894e-03, 4.4796320478088791e-03,
          -3.2794685152863753e-02, -6.3358282317424750e-03,
          -4.6706959663495015e-02, 5.7986861423566186e-03,
          7.7048908474120709e-03, 2.2633466631812953e-03,
          1.4027083455261891e-01, 1.1777374518192170e-04,
          1.9042773236617821e-03, 2.3624628567021015e-02,
          5.4871868488002649e-02, 4.7314047229677081e-03,
          6.5840618296512084e-03, 3.8581546819263690e-03,
          3.1451551934969907e-03, 1.1777374518192142e-04,
          2.2514579617285434e-02, -3.2130170624934842e-03,
          1.2730476389706936e-02, 7.4154166507336113e-03,
          -6.7763405747234371e-04, 1.4771964375176271e-02,
          1.8460965096411763e-02, 4.4796320478088800e-03,
          1.9042773236617823e-03, -3.2130170624934846e-03,
          4.4006157757930701e-02 ]
   - !!opencv-matrix
      rows: 9
      cols: 9
      dt: d
      data: [ 5.6902374319248453e-02, 1.1966183851735602e-02,
          1.5016406833217439e-02, 5.0145138944814958e-03,
          9.5220135274233526e-03, -7.1018855832155202e-04,
          -2.0385011955683409e-02, 4.0535831862735143e-03,
          -1.4102475815131981e-02, 1.1966183851735602e-02,
          1.2427724304776493e-02, 1.1595307904776246e-02,
          3.4339888602450668e-03, 6.2308625663191680e-03,
          3.3819798054073448e-03, -1.0705856582395524e-02,
          4.6490103786548777e-03, -9.1759149349913780e-03,
          1.5016406833217442e-02, 1.1595307904776246e-02,
          4.0070174622759760e-02, 1.3956270639136628e-03,
          7.4342367889495380e-03, 3.1341255385910045e-03,
          -2.0466320794266784e-02, 5.5918795135604911e-03,
          -1.0353996074317230e-02, 5.0145138944814966e-03,
          3.4339888602450668e-03, 1.3956270639136628e-03,
          3.7833582122716126e-02, 1.1953344685494225e-03,
          -5.0057562112358527e-03, -5.4983087266770878e-03,
          1.4678072304385966e-03, -4.6172326100071097e-03,
          9.5220135274233526e-03, 6.2308625663191680e-03,
          7.4342367889495354e-03, 1.1953344685494227e-03,
          8.4127210177468471e-03, 1.7155656191954977e-03,
          -8.4147761542322543e-03, 2.8183035027774602e-03,
          -6.3564437487717484e-03, -7.1018855832155137e-04,
          3.3819798054073444e-03, 3.1341255385910053e-03,
          -5.0057562112358518e-03, 1.7155656191954988e-03,
          1.7614749916672917e-01, -3.6353269753635932e-03,
          3.6155154175841354e-03, -5.9784597438434291e-04,
          -2.0385011955683409e-02, -1.0705856582395524e-02,
          -2.0466320794266784e-02, -5.4983087266770878e-03,
          -8.4147761542322543e-03, -3.6353269753635932e-03,
          3.8748934043101348e-02, -4.6993455081984162e-03,
          8.4440666225391505e-03, 4.0535831862735143e-03,
          4.6490103786548786e-03, 5.5918795135604911e-03,
          1.4678072304385966e-03, 2.8183035027774597e-03,
          3.6155154175841367e-03, -4.6993455081984154e-03,
          2.9351498717413757e-02, -8.1317266356645129e-03,
          -1.4102475815131981e-02, -9.1759149349913780e-03,
          -1.0353996074317228e-02, -4.6172326100071097e-03,
          -6.3564437487717467e-03, -5.9784597438434334e-04,
          8.4440666225391505e-03, -8.1317266356645129e-03,
          9.2356750832716480e-02 ]
   - !!opencv-matrix
      rows: 9
      cols: 9
      dt: d
      data: [ 5.5496636522593353e-02, 1.1409248153177568e-02,
          4.6467688502699811e-03, 1.6482107383063228e-03,
          8.8302351789113170e-04, 2.3608011022563354e-03,
          -2.1466355424610011e-03, 3.7711402246050937e-03,
          -3.3635440324164853e-03, 1.1409248153177572e-02,
          2.3261245073770420e-02, 6.0263024974441508e-03,
          4.1725452884329413e-03, -5.8309724374902877e-06,
          3.9603809301729043e-03, -3.5859414297630876e-03,
          6.0847470554200233e-03, 3.9623361887053017e-02,
          4.6467688502699811e-03, 6.0263024974441517e-03,
          3.3382470332817979e-02, 8.4853355130674792e-04,
          1.5328050477034195e-03, 2.2235994875228868e-03,
          -3.5957856028583687e-02, 1.1928968536049694e-03,
          1.0012897049887215e-03, 1.6482107383063228e-03,
          4.1725452884329405e-03, 8.4853355130674836e-04,
          3.6831274332738695e-02, -1.7111027660946185e-04,
          -6.3011457599266704e-03, -7.3264227042817674e-03,
          1.3040078600104507e-03, 4.0896469247746843e-04,
          8.8302351789113149e-04, -5.8309724374903139e-06,
          1.5328050477034193e-03, -1.7111027660946136e-04,
          1.2602184371342737e-02, 7.0791995925901172e-03,
          -5.0777346519772937e-03, 3.6627312304570812e-03,
