%YAML:1.0
---
groups:
   - intact
   - CD19
   - blast
intactGmmnames:
   - "intact.570.0"
   - "intact.570.1"
   - "intact.570.2"
   - "intact.570.3"
   - "intact.570.4"
intactLabels:
   - FSC-A
   - SSC-A
   - CD20
   - CD10
   - CD45
   - CD34
   - SYTO41
   - CD19
   - CD38
intactMu: !!opencv-matrix
   rows: 5
   cols: 9
   dt: d
   data: [ 1.4371137747119123e+00, 4.5768893048736126e-01,
       9.7817431251195108e-01, 8.4558117056941551e-01,
       3.5667887081652436e+00, 1.2256185747572581e+00,
       3.3064070249773203e+00, 1.2300314893430095e+00,
       1.8228759305798727e+00, 2.4253391553126624e+00,
       2.2142731592313094e+00, 1.4781493930808476e+00,
       1.5609897331238649e+00, 3.2758087485600913e+00,
       1.4779170210967969e+00, 3.3159685251917987e+00,
       1.8113339041968417e+00, 1.8828055464412592e+00,
       1.0641969334884402e+00, 3.0722165229672765e-01,
       8.9060477184440545e-01, 8.2240591795148432e-01,
       3.4414417127709074e+00, 1.1668337811989649e+00,
       3.4573287401089829e+00, 1.1563762927837591e+00,
       1.8450728913989789e+00, 1.9863703874011320e+00,
       1.0104126079890963e+00, 1.1201632667760442e+00,
       1.1589318450795323e+00, 1.8791284536845405e+00,
       1.3510212492110074e+00, 3.0337149495365865e+00,
       1.3844819720696491e+00, 1.7665596211589678e+00,
       1.4415628938329379e+00, 5.5597732856756221e-01,
       8.9939715213827531e-01, 8.3291445173196843e-01,
       3.5752289688355310e+00, 1.2086552041907499e+00,
       3.3111582222926734e+00, 1.2415286615200525e+00,
       2.0788856111035985e+00 ]
intactSigma:
   - !!opencv-matrix
      rows: 9
      cols: 9
      dt: d
      data: [ 1.0580037314463824e-01, 1.5127747190327704e-02,
          3.8750076365084052e-03, -3.7658489352421914e-03,
          2.0958466853556013e-02, -8.2474659761577751e-05,
          -1.8989411601180443e-02, 5.3963543821570273e-03,
          1.5765836914492510e-03, 1.5127747190327707e-02,
          2.5762166173196092e-02, 1.3887490023026815e-02,
          5.0602346276633018e-03, 1.1379664110015422e-02,
          5.6447517229977016e-03, -3.9390705662118563e-03,
          9.1533636654921296e-03, 1.4030776011235136e-03,
          3.8750076365084043e-03, 1.3887490023026812e-02,
          5.7206527419660834e-02, 7.4034016297938989e-04,
          2.4050093319465276e-03, 5.1087435453811992e-03,
          1.1744909255551716e-03, 7.5207248713748936e-03,
          2.8890351678432001e-06, -3.7658489352421932e-03,
          5.0602346276633018e-03, 7.4034016297938989e-04,
          4.7253188811665923e-02, -1.7562660644146878e-03,
          -2.0931704076823216e-03, 2.8265712328079803e-03,
          4.0588798631127389e-03, -4.9708318189715115e-04,
          2.0958466853556013e-02, 1.1379664110015422e-02,
          2.4050093319465289e-03, -1.7562660644146874e-03,
          2.0389624525104670e-02, 2.1832128973317696e-03,
          -7.4485873746702727e-03, 5.3262281522027041e-03,
          1.6960187268874206e-03, -8.2474659761577941e-05,
          5.6447517229977024e-03, 5.1087435453812009e-03,
          -2.0931704076823216e-03, 2.1832128973317700e-03,
          1.6745269357440681e-01, 2.4857608991484411e-03,
          7.5363188810431553e-03, 8.0982300784623233e-04,
          -1.8989411601180443e-02, -3.9390705662118546e-03,
          1.1744909255551725e-03, 2.8265712328079807e-03,
          -7.4485873746702727e-03, 2.4857608991484415e-03,
          2.2187698805760946e-02, -1.2951721112927383e-03,
          -1.4514905118558619e-03, 5.3963543821570282e-03,
          9.1533636654921296e-03, 7.5207248713748944e-03,
          4.0588798631127397e-03, 5.3262281522027041e-03,
          7.5363188810431527e-03, -1.2951721112927385e-03,
          3.2779247976055303e-02, -5.9858596057154332e-04,
          1.5765836914492510e-03, 1.4030776011235136e-03,
          2.8890351678432569e-06, -4.9708318189715071e-04,
          1.6960187268874210e-03, 8.0982300784623233e-04,
          -1.4514905118558619e-03, -5.9858596057154353e-04,
          3.1709028559542859e-03 ]
   - !!opencv-matrix
      rows: 9
      cols: 9
      dt: d
      data: [ 6.2247182620034380e-01, 4.9248267899018328e-01,
          -1.8223190761141810e-02, 2.8451681431846173e-02,
          1.5971362560385016e-02, 8.0299069212937890e-02,
          -9.6614873884939556e-03, 7.3146739368170177e-02,
          1.3358254915424705e-02, 4.9248267899018328e-01,
          1.5431228236709436e+00, 5.9741178866053318e-02,
          4.5166553789241942e-01, 8.4759699504095027e-03,
          7.8509903024195110e-02, -1.2168798035536162e-01,
          2.2407133013796357e-01, -3.6736544188401977e-02,
          -1.8223190761141810e-02, 5.9741178866053304e-02,
          2.7605033320143285e-01, 5.7276664204535498e-03,
          1.3333878668765934e-02, 9.4153517297460940e-03,
          -3.1974166657379163e-02, 1.2415640668343689e-01,
          -5.9923020386738780e-03, 2.8451681431846173e-02,
          4.5166553789241942e-01, 5.7276664204535480e-03,
          5.2193851002359470e-01, -4.9399799921447688e-03,
          -3.4247560482129604e-04, -4.8180575403982955e-02,
          2.1011574720996066e-03, -2.6014077672238348e-02,
          1.5971362560385026e-02, 8.4759699504094992e-03,
          1.3333878668765934e-02, -4.9399799921447749e-03,
          1.9777162476587376e-01, 3.1189244410601152e-02,
          4.7789017418822400e-03, 2.8726485643919393e-02,
          3.1996098974436107e-03, 8.0299069212937890e-02,
          7.8509903024195110e-02, 9.4153517297460940e-03,
          -3.4247560482129940e-04, 3.1189244410601152e-02,
          3.5543971873783325e-01, -1.8528971140829662e-02,
          5.6374566904990042e-02, 2.5735819878613380e-02,
          -9.6614873884939608e-03, -1.2168798035536162e-01,
          -3.1974166657379170e-02, -4.8180575403982955e-02,
          4.7789017418822400e-03, -1.8528971140829666e-02,
          1.0288548993309643e-01, -3.5314412513412878e-02,
          8.3818278911895767e-03, 7.3146739368170177e-02,
          2.2407133013796357e-01, 1.2415640668343689e-01,
          2.1011574720996066e-03, 2.8726485643919386e-02,
          5.6374566904990042e-02, -3.5314412513412878e-02,
          1.7149578968975751e-01, -5.2281729056665328e-03,
          1.3358254915424703e-02, -3.6736544188401977e-02,
          -5.9923020386738780e-03, -2.6014077672238348e-02,
          3.1996098974436120e-03, 2.5735819878613373e-02,
          8.3818278911895784e-03, -5.2281729056665345e-03,
          4.2443478475345395e-02 ]
   - !!opencv-matrix
      rows: 9
      cols: 9
      dt: d
      data: [ 2.7896233323597797e-02, 3.3220654520453732e-04,
          3.9824940892624304e-03, -2.0915441081769472e-04,
          1.4860013986304655e-03, 2.4470056521276709e-04,
          -6.1054878571360710e-03, 2.6975887844963903e-04,
          8.8984636941018158e-05, 3.3220654520453726e-04,
          8.7065490763459010e-03, 7.8128064880366443e-03,
          3.5796047751034390e-03, 2.0596617015586154e-03,
          1.1085147098723845e-03, 1.0232960350880001e-03,
          2.9071329028451023e-03, -6.6236892373641959e-04,
          3.9824940892624304e-03, 7.8128064880366443e-03,
          5.9889614162494824e-02, -5.7144693752527321e-04,
          3.3970709648984184e-03, 3.1276280012278402e-03,
          -1.1703165098164066e-03, 5.5217543123644254e-03,
          -2.2537490117289882e-03, -2.0915441081769485e-04,
          3.5796047751034408e-03, -5.7144693752527343e-04,
          3.9369450565702485e-02, 5.4737288840060185e-04,
          -4.9487476208238288e-03, 2.4774376285090942e-04,
          1.9305722460979547e-03, -6.1250482469474526e-04,
          1.4860013986304655e-03, 2.0596617015586154e-03,
          3.3970709648984180e-03, 5.4737288840060196e-04,
          6.3940249771128489e-03, 1.3981727133267241e-03,
          5.8324323262607959e-05, 1.2549682326240756e-03,
