%YAML:1.0
---
groups:
   - intact
   - CD19
   - blast
intactGmmnames:
   - "intact.582.0"
   - "intact.582.1"
   - "intact.582.2"
   - "intact.582.3"
   - "intact.582.4"
intactLabels:
   - FSC-A
   - SSC-A
   - CD20
   - CD10
   - CD45
   - CD34
   - SYTO41
   - CD19
   - CD38
intactMu: !!opencv-matrix
   rows: 5
   cols: 9
   dt: d
   data: [ 1.3563556859378725e+00, 3.9473821842704448e-01,
       1.0842566553107187e+00, 1.0538024817905147e+00,
       3.4648283754217042e+00, 1.0629103918370473e+00,
       2.5522586359480535e+00, 1.0873458503354683e+00,
       1.6353532847006671e+00, 2.3891196164213220e+00,
       1.7967661323534163e+00, 1.3634690812189234e+00,
       1.4110944930703144e+00, 2.4373752261075623e+00,
       1.2331683846004242e+00, 2.6725889693393476e+00,
       1.3873456112367093e+00, 1.7895132189096432e+00,
       9.2391035040946357e-01, 3.6543952361850951e-01,
       9.3688496286498379e-01, 1.1164689467635023e+00,
       1.2567813598353492e+00, 1.0628852026191922e+00,
       2.8888319140096042e+00, 1.0602718820004662e+00,
       1.2785707116768206e+00, 1.1010963343674725e+00,
       2.3917170082098405e-01, 9.8099609263315513e-01,
       9.2803141633307384e-01, 3.3628558057274964e+00,
       1.0461774390992753e+00, 3.0319303536623563e+00,
       1.0421288945940990e+00, 1.5487525677357887e+00,
       2.4551207546359159e+00, 2.9791837335148021e+00,
       1.3044952517418500e+00, 2.7264372989143348e+00,
       2.9006671432147271e+00, 1.1527834837623792e+00,
       2.7082177929682967e+00, 1.5580539367115598e+00,
       1.5007071627651216e+00 ]
intactSigma:
   - !!opencv-matrix
      rows: 9
      cols: 9
      dt: d
      data: [ 6.6545420381831671e-02, 6.0621169543829739e-03,
          7.9243682596591529e-03, -8.2010051856127204e-03,
          7.1233005573362014e-04, 4.8828727989159082e-03,
          -3.3956077126374176e-02, 2.7065772532374149e-03,
          7.9766747018888921e-03, 6.0621169543829739e-03,
          9.1538607923725580e-03, 5.2099782394510706e-03,
          -2.2373076757665890e-03, 2.6161833414951709e-03,
          -2.1741754054845557e-04, -1.3143101545239660e-02,
          1.6915793550900170e-03, 5.8759413488504606e-03,
          7.9243682596591529e-03, 5.2099782394510706e-03,
          4.8909597819386232e-02, -4.7585761230455968e-03,
          6.4344824558119395e-03, -1.4304282700510435e-03,
          -1.3807117342803587e-02, 2.3886372740287596e-03,
          -2.0684014413128834e-02, -8.2010051856127204e-03,
          -2.2373076757665885e-03, -4.7585761230455959e-03,
          8.0820982176452810e-02, 6.5375314692455713e-03,
          -4.3044615224357048e-03, 4.0736555658424552e-03,
          1.6047251367341830e-03, -2.4751325703993465e-02,
          7.1233005573361993e-04, 2.6161833414951705e-03,
          6.4344824558119395e-03, 6.5375314692455713e-03,
          1.4761982816675224e-02, -3.0147330074454613e-03,
          -1.5421088200067528e-02, 3.4147332322538739e-04,
          -1.7657621216344319e-02, 4.8828727989159082e-03,
          -2.1741754054845552e-04, -1.4304282700510430e-03,
          -4.3044615224357031e-03, -3.0147330074454608e-03,
          1.5811140580867486e-01, 7.5876597057691871e-03,
          -4.6325024929689948e-03, 2.2339896710118535e-02,
          -3.3956077126374169e-02, -1.3143101545239660e-02,
          -1.3807117342803587e-02, 4.0736555658424560e-03,
          -1.5421088200067528e-02, 7.5876597057691854e-03,
          1.7893329084457463e-01, -2.9971052782700276e-03,
          -1.0744442066089585e-02, 2.7065772532374149e-03,
          1.6915793550900170e-03, 2.3886372740287596e-03,
          1.6047251367341819e-03, 3.4147332322538733e-04,
          -4.6325024929689939e-03, -2.9971052782700276e-03,
          1.8962897087273802e-02, -6.5342222651031175e-03,
          7.9766747018888921e-03, 5.8759413488504606e-03,
          -2.0684014413128827e-02, -2.4751325703993465e-02,
          -1.7657621216344319e-02, 2.2339896710118535e-02,
          -1.0744442066089587e-02, -6.5342222651031184e-03,
          3.2377389197286122e-01 ]
   - !!opencv-matrix
      rows: 9
      cols: 9
      dt: d
      data: [ 8.1130391656195866e-01, 6.4615312146792703e-01,
          -5.0506512930754369e-03, -7.9441389479714998e-03,
          1.7142309636195163e-01, -1.4960189480764725e-02,
          -2.4968490903324396e-03, 1.0312785007305024e-01,
          7.5007487833326197e-02, 6.4615312146792703e-01,
          1.1157390393443467e+00, 1.1678084968051143e-02,
          7.7212479666379674e-02, 2.6520134960902764e-01,
          -5.7180100391441342e-02, -4.0774479695035441e-02,
          1.8875506296714464e-01, 9.8044938679317017e-02,
          -5.0506512930754369e-03, 1.1678084968051160e-02,
          2.0645177187912073e-01, 7.4029699066112800e-02,
          1.1731413180749703e-01, 2.0976399152838082e-02,
          6.0073991522511930e-02, 5.3863851774635055e-02,
          7.8799077311207652e-02, -7.9441389479714877e-03,
          7.7212479666379646e-02, 7.4029699066112800e-02,
          1.9367475722011990e-01, 4.9186378538283788e-02,
          1.8431783107235752e-02, 3.0980023530022403e-02,
          3.4460369891244652e-02, 3.2173120707766435e-02,
          1.7142309636195163e-01, 2.6520134960902764e-01,
          1.1731413180749703e-01, 4.9186378538283788e-02,
          4.2850558768443447e-01, -1.7244432081948747e-02,
          8.2137595120099882e-02, 8.2530467267863172e-02,
          1.9446901376459974e-01, -1.4960189480764722e-02,
          -5.7180100391441349e-02, 2.0976399152838082e-02,
          1.8431783107235748e-02, -1.7244432081948757e-02,
          1.1395342508765008e-01, 9.8056067230108991e-03,
          -8.7116499664365056e-03, 4.2667466326518008e-02,
          -2.4968490903324375e-03, -4.0774479695035441e-02,
          6.0073991522511923e-02, 3.0980023530022410e-02,
          8.2137595120099882e-02, 9.8056067230108939e-03,
          3.6388694743087396e-01, -7.2541137505151062e-03,
          1.4469110517650896e-01, 1.0312785007305024e-01,
          1.8875506296714464e-01, 5.3863851774635048e-02,
          3.4460369891244666e-02, 8.2530467267863172e-02,
          -8.7116499664365056e-03, -7.2541137505151019e-03,
          7.3923363718167698e-02, 2.7524548850590854e-02,
          7.5007487833326197e-02, 9.8044938679317017e-02,
          7.8799077311207652e-02, 3.2173120707766435e-02,
          1.9446901376459974e-01, 4.2667466326518008e-02,
          1.4469110517650893e-01, 2.7524548850590851e-02,
          3.9735811649702246e-01 ]
   - !!opencv-matrix
      rows: 9
      cols: 9
      dt: d
      data: [ 9.8128606695331203e-02, 2.3942106954469140e-02,
          2.6349249668621316e-02, 2.4158256921208782e-02,
          3.0685281177355538e-02, 7.6572721584306110e-04,
          -4.2513615064394723e-02, 5.0028890677191289e-03,
          7.8417585542874986e-03, 2.3942106954469140e-02,
          1.7308878886655027e-02, 1.5971667174237106e-02,
          1.6746953583070830e-02, 1.7766905042210686e-02,
          1.5973860092680123e-03, 6.2064772528663556e-03,
          4.2438981814382432e-03, 4.3446648579853883e-03,
          2.6349249668621316e-02, 1.5971667174237109e-02,
          6.2565503266586137e-02, 1.6463536702132769e-02,
          1.9128316867321436e-02, 1.1978009740537497e-03,
          -2.2855334978960869e-02, 4.1608955397867010e-03,
          4.9625153468223345e-03, 2.4158256921208782e-02,
          1.6746953583070830e-02, 1.6463536702132776e-02,
          1.2733464807890538e-01, 3.5489405984710690e-02,
          -8.9812246039091832e-04, 2.9686293849592663e-02,
          4.7139870819858203e-03, 1.2030778508947650e-02,
          3.0685281177355531e-02, 1.7766905042210686e-02,
          1.9128316867321443e-02, 3.5489405984710683e-02,
          1.4654533952976401e-01, -1.3116076920344403e-04,
          3.1383136929800062e-02, 4.2587393158721992e-03,
