%YAML:1.0
---
groups:
   - intact
   - CD19
   - blast
intactGmmnames:
   - "intact.583.0"
   - "intact.583.1"
   - "intact.583.2"
   - "intact.583.3"
   - "intact.583.4"
intactLabels:
   - FSC-A
   - SSC-A
   - CD20
   - CD10
   - CD45
   - CD34
   - SYTO41
   - CD19
   - CD38
intactMu: !!opencv-matrix
   rows: 5
   cols: 9
   dt: d
   data: [ 2.9256671619015591e+00, 3.0852746247179388e+00,
       1.0596473321539659e+00, 2.1639678896239269e+00,
       2.3778732643280569e+00, 1.0185347114636687e+00,
       3.1533756222316831e+00, 1.5455501211742322e+00,
       1.3130261396931715e+00, 1.0315908677220349e+00,
       3.3138086620139590e-01, 7.6908729175732027e-01,
       1.0969330128219130e+00, 1.1606923195381207e+00,
       9.8317629193469136e-01, 3.2884835809562674e+00,
       1.0261007775804925e+00, 1.2545631343514259e+00,
       1.2888536057839757e+00, 4.0393446030730273e-01,
       8.9861065203924551e-01, 7.9779409850185179e-01,
       3.4208342340795475e+00, 9.1984719817325256e-01,
       3.1520470593773213e+00, 1.0271463534852436e+00,
       1.3076221057305781e+00, 2.1495311030779125e+00,
       1.6070756890142996e+00, 1.0986956170992146e+00,
       1.5778800668126391e+00, 2.2742091240906075e+00,
       1.0945081395664682e+00, 3.1727860459956791e+00,
       1.3108946961772225e+00, 1.9141220387866977e+00,
       1.4812326167497025e+00, 5.5451048872257702e-01,
       8.7853912935043454e-01, 7.6000290652364721e-01,
       3.3612436904923455e+00, 9.7444270584221104e-01,
       2.9394361400991231e+00, 1.0446086361830635e+00,
       2.5037474217113518e+00 ]
intactSigma:
   - !!opencv-matrix
      rows: 9
      cols: 9
      dt: d
      data: [ 2.9621828269240830e-01, 1.1369002909053018e-01,
          2.7107132895895888e-02, -9.9034215198946410e-02,
          -4.6166339142564274e-02, 4.0993682254442092e-03,
          1.0026336982927732e-03, 2.2634146137366185e-02,
          1.5352462695973873e-02, 1.1369002909053019e-01,
          4.5019514244570757e-01, 4.6713407004116449e-02,
          1.0899333176912157e-01, 2.5796293680563433e-02,
          6.4356763996542502e-03, -9.3497704139895291e-02,
          7.7711072623032895e-02, -1.5545090645394256e-02,
          2.7107132895895888e-02, 4.6713407004116463e-02,
          2.9793258242763174e-02, 3.2053678723200376e-03,
          8.2723369977766087e-04, 9.4346988853449842e-05,
          -2.0722738957952118e-02, 8.4420219057890801e-03,
          1.8214317268557189e-03, -9.9034215198946424e-02,
          1.0899333176912157e-01, 3.2053678723200367e-03,
          2.2604153674435873e-01, 6.3408563639566484e-02,
          2.4291928233575746e-03, -4.4769195901496604e-02,
          1.6506791817982754e-02, -1.9983559569898793e-02,
          -4.6166339142564274e-02, 2.5796293680563433e-02,
          8.2723369977766065e-04, 6.3408563639566484e-02,
          5.3111010603971623e-02, -2.5740968526569079e-03,
          -1.9742843414582101e-02, 3.3433928174896013e-03,
          -5.9748491084634699e-03, 4.0993682254442049e-03,
          6.4356763996542520e-03, 9.4346988853449774e-05,
          2.4291928233575746e-03, -2.5740968526569074e-03,
          4.9561547376982248e-02, -6.2664146171519564e-04,
          1.0597090752749300e-03, 1.5790206607261331e-03,
          1.0026336982927712e-03, -9.3497704139895291e-02,
          -2.0722738957952118e-02, -4.4769195901496604e-02,
          -1.9742843414582097e-02, -6.2664146171519618e-04,
          1.1012021894956139e-01, -1.4997668993312625e-02,
          9.2849079194761862e-04, 2.2634146137366189e-02,
          7.7711072623032923e-02, 8.4420219057890784e-03,
          1.6506791817982754e-02, 3.3433928174896018e-03,
          1.0597090752749300e-03, -1.4997668993312625e-02,
          2.5444308161737181e-02, -8.0361073240424116e-03,
          1.5352462695973873e-02, -1.5545090645394256e-02,
          1.8214317268557189e-03, -1.9983559569898789e-02,
          -5.9748491084634699e-03, 1.5790206607261322e-03,
          9.2849079194761862e-04, -8.0361073240424116e-03,
          3.5544458410073206e-02 ]
   - !!opencv-matrix
      rows: 9
      cols: 9
      dt: d
      data: [ 6.8089057070461451e-02, 1.5602491486483282e-02,
          8.8075323675992339e-03, 1.1624079047973673e-02,
          7.7224214984728239e-03, 8.7447640551657334e-04,
          -1.4172611958505473e-02, 2.9847511268135231e-03,
          1.5811613319138367e-03, 1.5602491486483282e-02,
          1.2451606202311902e-02, 6.0148162007204308e-03,
          6.4942071295708090e-03, 6.8530442293153609e-03,
          5.0024223087599619e-04, -1.0411629663836830e-02,
          2.5044190586090607e-03, 1.4004694083447579e-03,
          8.8075323675992304e-03, 6.0148162007204291e-03,
          3.1930315182930873e-02, -6.7639796231688167e-03,
          4.8670949940275276e-03, 1.8868951626529410e-04,
          -5.4993815320566741e-02, 1.1828947331112615e-03,
          -1.6400911714642816e-03, 1.1624079047973673e-02,
          6.4942071295708082e-03, -6.7639796231688176e-03,
          1.5051072639901833e-01, 7.3434449288639963e-03,
          -1.2336130959107780e-03, 4.1522067170708811e-02,
          9.2533230635007059e-04, 9.3409470745145599e-03,
          7.7224214984728239e-03, 6.8530442293153609e-03,
          4.8670949940275302e-03, 7.3434449288639972e-03,
          4.1759821631283618e-02, -7.8405637929867460e-04,
          -1.2068689413284159e-02, 8.2300382587631557e-04,
          5.6989511318531298e-03, 8.7447640551657389e-04,
          5.0024223087599597e-04, 1.8868951626529380e-04,
          -1.2336130959107786e-03, -7.8405637929867373e-04,
          1.6083862022205984e-02, -2.9579550048530125e-03,
          -1.9119598447549273e-04, -1.3037653386760635e-04,
          -1.4172611958505473e-02, -1.0411629663836830e-02,
          -5.4993815320566741e-02, 4.1522067170708804e-02,
          -1.2068689413284163e-02, -2.9579550048530125e-03,
          3.5694817032229303e-01, -1.0149472673153682e-03,
          1.0414387771109876e-02, 2.9847511268135231e-03,
          2.5044190586090607e-03, 1.1828947331112612e-03,
          9.2533230635007081e-04, 8.2300382587631557e-04,
          -1.9119598447549268e-04, -1.0149472673153675e-03,
          4.4613428954853752e-03, -1.0013140992916889e-03,
          1.5811613319138369e-03, 1.4004694083447579e-03,
          -1.6400911714642813e-03, 9.3409470745145582e-03,
          5.6989511318531298e-03, -1.3037653386760629e-04,
          1.0414387771109878e-02, -1.0013140992916887e-03,
          1.0526730878547370e-02 ]
   - !!opencv-matrix
      rows: 9
      cols: 9
      dt: d
      data: [ 5.7610190629145408e-02, 8.4272415159045884e-03,
          7.8691169380338249e-03, 2.1551469617913802e-03,
          3.6735241138360197e-03, -6.2871817552945112e-04,
          -1.8099379944946665e-02, 4.5259153995962460e-03,
          -2.6754411888638874e-03, 8.4272415159045884e-03,
          1.5042286341403591e-02, 1.0497160516025639e-02,
          3.3258857656735499e-03, 1.1651362487138387e-02,
          -5.1887190780888477e-04, -2.2874134931358918e-02,
          4.0462977060477436e-03, -1.1169100483846773e-02,
          7.8691169380338249e-03, 1.0497160516025639e-02,
          5.4463787868418101e-02, 6.2962610938063291e-03,
          7.5284823137231069e-03, -1.5475449380565152e-03,
          -2.6099014885713943e-02, 2.2942180631721265e-02,
          -9.1340790680612353e-03, 2.1551469617913798e-03,
          3.3258857656735486e-03, 6.2962610938063282e-03,
          5.4244451943020904e-02, 1.6892821363485259e-03,
          -4.1509182999443714e-03, -5.2056500634875668e-03,
          7.9017747147294148e-03, -1.0013909616180894e-03,
          3.6735241138360192e-03, 1.1651362487138387e-02,
          7.5284823137231104e-03, 1.6892821363485259e-03,
          2.0043975020763060e-02, -4.4733994490711321e-03,
