%YAML:1.0
---
groups:
   - intact
   - CD19
   - blast
intactGmmnames:
   - "intact.593.0"
   - "intact.593.1"
   - "intact.593.2"
   - "intact.593.3"
   - "intact.593.4"
intactLabels:
   - FSC-A
   - SSC-A
   - CD20
   - CD10
   - CD45
   - CD34
   - SYTO41
   - CD19
   - CD38
intactMu: !!opencv-matrix
   rows: 5
   cols: 9
   dt: d
   data: [ 1.2098771543475340e+00, 3.7637344104039971e-01,
       8.8440742799917738e-01, 1.0749148612904826e+00,
       1.4619194770803989e+00, 1.0820613104791739e+00,
       3.4292672622896054e+00, 1.0594826285133641e+00,
       1.5982642467607584e+00, 1.2297997301494628e+00,
       2.8966831197488485e-01, 7.7903943628487116e-01,
       8.0720692827908713e-01, 3.4862304621510898e+00,
       9.8084436771520211e-01, 3.2787497923440414e+00,
       1.0119340396596916e+00, 1.8702454376499276e+00,
       2.5621405899489043e+00, 1.9276947242093680e+00,
       1.1767847333518366e+00, 2.0224974588630809e+00,
       3.1306897018712259e+00, 1.3041216300059626e+00,
       3.2928070410712578e+00, 1.4281873188225458e+00,
       2.0019569397428918e+00, 1.7896371890869445e+00,
       5.6801530854060622e-01, 1.0666470236885306e+00,
       1.2292644578089715e+00, 1.7167371828263138e+00,
       1.1590051488725606e+00, 3.0957149366470698e+00,
       1.1591824603377168e+00, 1.6544106119127251e+00,
       1.1016641931758850e+00, 2.9665158153964205e-01,
       8.5179296791621195e-01, 8.9397743608046543e-01,
       1.2054101599339453e+00, 9.7899499938810308e-01,
       3.1580316260224350e+00, 1.0408799498498542e+00,
       1.5631778021685192e+00 ]
intactSigma:
   - !!opencv-matrix
      rows: 9
      cols: 9
      dt: d
      data: [ 1.1561265698904272e-01, 2.1411194725924204e-02,
          2.1017920339753565e-02, 1.2664908254915870e-02,
          2.7459638344736779e-02, -8.7809565747702482e-03,
          1.1219097712766380e-02, 6.5113391306199165e-03,
          1.5766289620077650e-03, 2.1411194725924208e-02,
          1.3251449670243682e-02, 7.9298005864614114e-03,
          7.7725647632659288e-03, 1.5298794131685960e-02,
          -4.4397062356035556e-03, 9.4252642008031389e-03,
          4.1198237950639937e-03, 1.0999614536213022e-03,
          2.1017920339753565e-02, 7.9298005864614132e-03,
          4.3838757789993466e-02, 7.2029048220517938e-04,
          1.3530628832244745e-02, -1.2273092004752380e-03,
          -1.2456419210353937e-02, 2.9862054582561180e-03,
          1.5219429308575635e-04, 1.2664908254915872e-02,
          7.7725647632659288e-03, 7.2029048220517906e-04,
          1.0826953778941784e-01, 2.2038358260235716e-02,
          -1.0538641388819166e-02, 1.1160532006599394e-02,
          3.3106525888791419e-03, 3.2270724563696058e-03,
          2.7459638344736779e-02, 1.5298794131685960e-02,
          1.3530628832244748e-02, 2.2038358260235716e-02,
          1.6519240998031887e-01, -1.6790349193931554e-02,
          1.5286232942110076e-02, 3.9860775081391377e-03,
          6.0701297407621414e-03, -8.7809565747702482e-03,
          -4.4397062356035556e-03, -1.2273092004752375e-03,
          -1.0538641388819161e-02, -1.6790349193931554e-02,
          2.2311643719393169e-02, -8.8507684414583562e-03,
          -1.5803361409190229e-03, -1.9130390204756705e-03,
          1.1219097712766378e-02, 9.4252642008031389e-03,
          -1.2456419210353937e-02, 1.1160532006599390e-02,
          1.5286232942110076e-02, -8.8507684414583544e-03,
          6.3106991036837617e-02, 4.0326720400638448e-03,
          2.1511596109528657e-03, 6.5113391306199165e-03,
          4.1198237950639928e-03, 2.9862054582561180e-03,
          3.3106525888791411e-03, 3.9860775081391377e-03,
          -1.5803361409190229e-03, 4.0326720400638448e-03,
          8.3092090112462502e-03, -4.7746430914708091e-04,
          1.5766289620077643e-03, 1.0999614536213024e-03,
          1.5219429308575640e-04, 3.2270724563696067e-03,
          6.0701297407621414e-03, -1.9130390204756711e-03,
          2.1511596109528657e-03, -4.7746430914708096e-04,
          2.2342859855172246e-03 ]
   - !!opencv-matrix
      rows: 9
      cols: 9
      dt: d
      data: [ 1.1445063150082925e-01, 2.4701864160663362e-02,
          1.4894807743049314e-02, 5.4760667980728898e-03,
          2.0242591501765602e-02, 8.2749472439044656e-03,
          -3.7419447643275705e-02, 6.7318038813975641e-03,
          3.8648627815463035e-02, 2.4701864160663355e-02,
          1.5864454354819289e-02, 7.5675328697352249e-03,
          4.2417013211558793e-03, 1.0440751838556691e-02,
          6.2206666601443581e-03, -1.4719749431340239e-02,
          4.5168664934605923e-03, 2.5281902105184346e-02,
          1.4894807743049314e-02, 7.5675328697352232e-03,
          3.2523995282747777e-02, -1.0003657242405907e-03,
          6.1002328580789557e-03, -6.3385375869124295e-04,
          -8.2713139839312617e-03, 2.2804642363133945e-03,
          2.4229659091079382e-03, 5.4760667980728898e-03,
          4.2417013211558793e-03, -1.0003657242405909e-03,
          4.2913121169313784e-02, 2.2408838257555919e-03,
          -3.3846185919822400e-03, -3.2216314576523279e-03,
          1.7153856958702592e-03, 3.8278321148078778e-03,
          2.0242591501765602e-02, 1.0440751838556691e-02,
          6.1002328580789557e-03, 2.2408838257555919e-03,
          1.4163599807498780e-02, 6.5076184973132201e-04,
          -1.1389700496971926e-02, 2.4215472339133293e-03,
          1.1188391019781672e-02, 8.2749472439044604e-03,
          6.2206666601443581e-03, -6.3385375869124381e-04,
          -3.3846185919822382e-03, 6.5076184973132233e-04,
          1.6560037635597749e-01, -6.0491660306465312e-03,
          -2.2239996937155099e-03, 1.7511600634878388e-02,
          -3.7419447643275705e-02, -1.4719749431340239e-02,
          -8.2713139839312617e-03, -3.2216314576523275e-03,
          -1.1389700496971926e-02, -6.0491660306465312e-03,
          3.8480196096992658e-02, -3.7267105466094927e-03,
          -3.2666740816683047e-02, 6.7318038813975641e-03,
          4.5168664934605940e-03, 2.2804642363133945e-03,
          1.7153856958702603e-03, 2.4215472339133306e-03,
          -2.2239996937155112e-03, -3.7267105466094927e-03,
          2.2910883297803789e-02, 5.1074842969730475e-03,
          3.8648627815463035e-02, 2.5281902105184349e-02,
          2.4229659091079391e-03, 3.8278321148078787e-03,
          1.1188391019781672e-02, 1.7511600634878381e-02,
          -3.2666740816683047e-02, 5.1074842969730493e-03,
          1.4196359147980139e-01 ]
   - !!opencv-matrix
      rows: 9
      cols: 9
      dt: d
      data: [ 6.8110049413815976e-01, 5.8078992778606897e-01,
          7.2341082523362188e-02, 1.6077439195826571e-01,
          2.7740042019704271e-04, 2.9263781315643025e-02,
          -6.2931137059873436e-03, 1.2124054659539252e-01,
          -5.1508232341261187e-02, 5.8078992778606897e-01,
          1.2084647679539555e+00, 1.1723249224532636e-01,
          5.8944948848542811e-01, 4.1974641608463273e-02,
          -3.6659313120684330e-02, -1.3192065759124957e-01,
          2.6631316307578384e-01, -2.3436095955535655e-01,
          7.2341082523362188e-02, 1.1723249224532636e-01,
          1.3231862414887427e-01, 4.9260286869786646e-02,
          9.0588441512115124e-04, 1.1242703801650426e-03,
          -1.3403612563632060e-02, 5.2804286850300697e-02,
          -2.3652554487593336e-02, 1.6077439195826568e-01,
          5.8944948848542811e-01, 4.9260286869786646e-02,
          7.4413650221223948e-01, 5.7069119930270681e-02,
          -6.2192223364067427e-02, -1.0855300798721096e-01,
          1.4188024195587487e-01, -2.1920411391178515e-01,
          2.7740042019703946e-04, 4.1974641608463273e-02,
          9.0588441512114962e-04, 5.7069119930270688e-02,
          1.6446455607087845e-01, -1.3674150866667303e-02,
          -1.1401851797145911e-02, 5.9270051294334309e-03,
