%YAML:1.0
---
groups:
   - intact
   - CD19
   - blast
intactGmmnames:
   - "intact.594.0"
   - "intact.594.1"
   - "intact.594.2"
   - "intact.594.3"
   - "intact.594.4"
intactLabels:
   - FSC-A
   - SSC-A
   - CD20
   - CD10
   - CD45
   - CD34
   - SYTO41
   - CD19
   - CD38
intactMu: !!opencv-matrix
   rows: 5
   cols: 9
   dt: d
   data: [ 1.1352659467299164e+00, 2.3540767918754496e-01,
       8.0829259965803812e-01, 8.0917590038376919e-01,
       3.2517460113083643e+00, 9.9225065471737928e-01,
       3.2556298725700352e+00, 1.0139440897938532e+00,
       1.4047038558377243e+00, 1.3472800861954346e+00,
       5.1797618157375491e-01, 9.4809803318223185e-01,
       1.2824705725402137e+00, 1.2286823428967044e+00,
       1.0427738383823559e+00, 3.2090278704288995e+00,
       1.0900478897803259e+00, 1.2687674401577373e+00,
       2.6475853154343798e+00, 2.7320908394808057e+00,
       1.0786625997524861e+00, 2.4178466133794210e+00,
       2.8801426467720082e+00, 1.0501891513893999e+00,
       2.6759349329495232e+00, 1.5660817897029651e+00,
       1.3488037695443282e+00, 9.8901762125048864e-01,
       2.9713290055766323e-01, 8.1299362117090057e-01,
       9.4296799644688467e-01, 9.9244007410816371e-01,
       1.0042772708105572e+00, 2.8300737800931306e+00,
       1.0232337001993430e+00, 1.2447614873947757e+00,
       1.8637864667641031e+00, 7.0749587991337126e-01,
       1.1188264750280614e+00, 1.1549277031420437e+00,
       2.7280018148083522e+00, 1.1793107116473480e+00,
       2.8890633187711159e+00, 1.1876300628827816e+00,
       1.7764793883185654e+00 ]
intactSigma:
   - !!opencv-matrix
      rows: 9
      cols: 9
      dt: d
      data: [ 1.0986739246215359e-01, 7.1666515099782458e-03,
          1.4832656795454775e-02, 2.0712882228701964e-03,
          1.4159502559658626e-02, 5.0466412990224656e-04,
          -3.3818332288325349e-02, 1.5162528064774300e-03,
          -3.3042579355915236e-03, 7.1666515099782450e-03,
          4.3490118478696875e-03, 4.8955703338743007e-03,
          1.7412739497008555e-03, 3.3995858806214075e-03,
          5.6781563712240111e-04, -1.4759040302873634e-03,
          1.1640731282575817e-03, -2.4228187347765809e-03,
          1.4832656795454776e-02, 4.8955703338743007e-03,
          3.7159465058650983e-02, -2.1295179316281779e-03,
          4.3134812359770505e-03, 6.5392736337806223e-04,
          -4.1781783070941880e-03, 2.0089181650637571e-03,
          -6.0632727159927995e-03, 2.0712882228701972e-03,
          1.7412739497008555e-03, -2.1295179316281779e-03,
          3.4116789250321862e-02, 1.2577112428195894e-03,
          -4.4130116521844094e-03, 2.7020540064320755e-04,
          5.7354383321345888e-04, -1.8192559502749439e-03,
          1.4159502559658624e-02, 3.3995858806214079e-03,
          4.3134812359770514e-03, 1.2577112428195894e-03,
          1.0307332605651413e-02, -2.3665938528381848e-03,
          -4.2789635666500890e-03, 3.6158488978428794e-04,
          -3.2478940941135740e-03, 5.0466412990224656e-04,
          5.6781563712240111e-04, 6.5392736337806223e-04,
          -4.4130116521844060e-03, -2.3665938528381848e-03,
          1.1837165199491356e-01, -6.2225847696871717e-05,
          -9.3828451140335126e-04, 1.9853213459482153e-03,
          -3.3818332288325342e-02, -1.4759040302873634e-03,
          -4.1781783070941880e-03, 2.7020540064320777e-04,
          -4.2789635666500890e-03, -6.2225847696871798e-05,
          2.2889465389070406e-02, 2.1262488008041576e-04,
          -2.6329653749122286e-03, 1.5162528064774309e-03,
          1.1640731282575819e-03, 2.0089181650637571e-03,
          5.7354383321345888e-04, 3.6158488978428783e-04,
          -9.3828451140335169e-04, 2.1262488008041576e-04,
          1.4116945784498229e-02, -3.9147550304579181e-03,
          -3.3042579355915232e-03, -2.4228187347765814e-03,
          -6.0632727159927995e-03, -1.8192559502749435e-03,
          -3.2478940941135736e-03, 1.9853213459482158e-03,
          -2.6329653749122294e-03, -3.9147550304579172e-03,
          4.6727055712351279e-02 ]
   - !!opencv-matrix
      rows: 9
      cols: 9
      dt: d
      data: [ 1.7082885433707246e-01, 4.1105819134339160e-02,
          3.5949109891845389e-02, 1.1547508874626038e-02,
          4.2854534066858789e-02, -4.9171331637081258e-03,
          2.6760337910102350e-02, 9.8711942418210300e-03,
          1.3806183401742628e-03, 4.1105819134339153e-02,
          5.0637352513442625e-02, 2.3539027909890944e-02,
          1.2160109424541481e-02, 3.0946615157736144e-02,
          2.8735344521200275e-04, 1.2148751505581624e-02,
          1.3670815446111463e-02, -2.2948916545130905e-04,
          3.5949109891845382e-02, 2.3539027909890944e-02,
          5.3182626094468027e-02, 1.7468269218764896e-03,
          1.9734375847961411e-02, -1.3819224429296713e-04,
          -7.0622532693123104e-03, 6.6015258017598473e-03,
          7.0130911996698004e-05, 1.1547508874626038e-02,
          1.2160109424541481e-02, 1.7468269218764917e-03,
          1.7091538580363000e-01, 1.5816351246702613e-02,
          -5.7080335176316098e-03, 2.9799963978050501e-03,
          3.4246338223772894e-03, 1.2388766696283461e-03,
          4.2854534066858810e-02, 3.0946615157736144e-02,
          1.9734375847961411e-02, 1.5816351246702616e-02,
          1.4537457648172752e-01, -4.8814059647279487e-03,
          1.7084845244076607e-02, 8.9579942222768917e-03,
          2.4128130214088857e-03, -4.9171331637081258e-03,
          2.8735344521200302e-04, -1.3819224429296792e-04,
          -5.7080335176316098e-03, -4.8814059647279496e-03,
          2.1562438946644679e-02, -4.3673120894821291e-03,
          -1.5011898930586057e-04, -1.2847962248924150e-04,
          2.6760337910102350e-02, 1.2148751505581624e-02,
          -7.0622532693123095e-03, 2.9799963978050488e-03,
          1.7084845244076600e-02, -4.3673120894821291e-03,
          1.1110613227088940e-01, 3.7444727298825563e-03,
          7.9959690827705661e-04, 9.8711942418210300e-03,
          1.3670815446111463e-02, 6.6015258017598473e-03,
          3.4246338223772894e-03, 8.9579942222768865e-03,
          -1.5011898930586062e-04, 3.7444727298825550e-03,
          1.0669347669830812e-02, -1.6226682153842890e-03,
          1.3806183401742630e-03, -2.2948916545130897e-04,
          7.0130911996697733e-05, 1.2388766696283466e-03,
          2.4128130214088866e-03, -1.2847962248924150e-04,
          7.9959690827705694e-04, -1.6226682153842890e-03,
          4.9284008631272011e-03 ]
   - !!opencv-matrix
      rows: 9
      cols: 9
      dt: d
      data: [ 3.3179128732467217e-01, 9.9550874079609511e-02,
          2.9102650622295473e-02, -7.7416278436574143e-02,
          -6.2563852525856041e-03, 6.5795236176763739e-03,
          2.8940877079534958e-03, 1.9309809724651454e-02,
          1.3331929389936431e-02, 9.9550874079609511e-02,
          3.3432165114959944e-01, 3.7748208030140139e-02,
          9.2341356524578630e-02, 4.0814359882659010e-02,
          4.4344149324524957e-03, -6.0472633087121277e-03,
          6.5110290083644523e-02, 3.4676530857399536e-03,
          2.9102650622295462e-02, 3.7748208030140139e-02,
          4.4388721061177284e-02, 7.2616859554439266e-03,
          7.3607506165594729e-03, 2.1287870288692634e-03,
          -7.1410624019551620e-03, 8.7654017226957946e-03,
          1.2514727721811155e-03, -7.7416278436574157e-02,
          9.2341356524578644e-02, 7.2616859554439266e-03,
          2.8854867219206459e-01, 7.5028597370222744e-02,
          4.4314520441789606e-03, -4.1038578198669164e-03,
          1.6905112592164775e-02, -2.4503166176911930e-03,
          -6.2563852525856067e-03, 4.0814359882659010e-02,
          7.3607506165594729e-03, 7.5028597370222758e-02,
          7.0505914003269166e-02, -5.5902480242899053e-04,
