%YAML:1.0
---
groups:
   - intact
   - CD19
intactGmmnames:
   - "intact.601.0"
   - "intact.601.1"
   - "intact.601.2"
   - "intact.601.3"
   - "intact.601.4"
intactLabels:
   - FSC-A
   - SSC-A
   - CD20
   - CD10
   - CD45
   - CD34
   - SYTO41
   - CD19
   - CD38
intactMu: !!opencv-matrix
   rows: 5
   cols: 9
   dt: d
   data: [ 8.8911822185915923e-01, 2.4836716719809282e-01,
       7.6382015146673721e-01, 8.8311528253814597e-01,
       3.2509896875060118e+00, 1.0455269453553540e+00,
       3.5691944342415987e+00, 1.0421746539651913e+00,
       1.5154182216255248e+00, 2.3390938272838535e+00,
       2.4491573757145710e+00, 1.2647539956029745e+00,
       2.3221935711248864e+00, 2.7984189249829790e+00,
       1.2623836222671128e+00, 3.0116054421223977e+00,
       1.5109667559094719e+00, 1.4088638513735170e+00,
       1.9090033561754913e+00, 5.6647306254178342e-01,
       9.1697875912719540e-01, 9.5450450972613987e-01,
       3.4299740382823867e+00, 1.1344354837420507e+00,
       3.1096008343545885e+00, 1.0974381825782293e+00,
       1.9059352624375767e+00, 1.3551478112653357e+00,
       4.4319222324720242e-01, 8.6142315010286430e-01,
       1.0105317625836223e+00, 1.3249449025304993e+00,
       1.2532423242276285e+00, 3.0286881324088775e+00,
       1.1089241290172263e+00, 1.3267968709756652e+00,
       1.6108990283402631e+00, 2.7334733705107001e-01,
       8.7947504361927931e-01, 8.8069271383569059e-01,
       3.2922318975043776e+00, 1.0296435979273180e+00,
       3.2168306128300386e+00, 1.0333447856072770e+00,
       1.4749013561412132e+00 ]
intactSigma:
   - !!opencv-matrix
      rows: 9
      cols: 9
      dt: d
      data: [ 6.5501097313057421e-02, 1.5387294408046948e-03,
          1.1205064990289768e-02, 1.1060155212741091e-03,
          8.2938137178539678e-03, 2.3399046131048272e-03,
          -2.1945407875546271e-02, -1.2392114262295012e-03,
          -4.3792739688259400e-03, 1.5387294408046948e-03,
          7.4184635852983152e-03, 6.3337442009032902e-03,
          6.0136208492228968e-03, 1.4461465988617082e-03,
          1.9741627591572633e-03, 5.6081057903443739e-04,
          2.2286482055953257e-03, -3.1883825560945528e-03,
          1.1205064990289771e-02, 6.3337442009032902e-03,
          4.7786796361184575e-02, -4.7410807810091728e-04,
          3.2797136884321117e-03, 9.9990241563075789e-04,
          -4.7708683999981988e-03, 1.7884080989847475e-03,
          -7.3618291592402922e-03, 1.1060155212741093e-03,
          6.0136208492228959e-03, -4.7410807810091771e-04,
          4.2215473009452754e-02, 6.8861970850796043e-04,
          -1.4011841778617210e-03, -3.2747413907633808e-04,
          2.5043053263017301e-03, -2.3807896143551647e-03,
          8.2938137178539678e-03, 1.4461465988617082e-03,
          3.2797136884321117e-03, 6.8861970850795989e-04,
          6.8803684259023936e-03, -2.0461535866613460e-03,
          -2.6143287462433249e-03, -6.8871800092139659e-04,
          -2.2271587192943870e-03, 2.3399046131048272e-03,
          1.9741627591572629e-03, 9.9990241563075941e-04,
          -1.4011841778617221e-03, -2.0461535866613460e-03,
          1.0470785602629709e-01, 1.9588257455327402e-04,
          -1.6691579865184103e-03, 8.1992341142379289e-04,
          -2.1945407875546271e-02, 5.6081057903443750e-04,
          -4.7708683999981988e-03, -3.2747413907633803e-04,
          -2.6143287462433249e-03, 1.9588257455327340e-04,
          1.3382039097288497e-02, 8.7951356591238657e-04,
          -7.3750457336064536e-04, -1.2392114262295003e-03,
          2.2286482055953257e-03, 1.7884080989847475e-03,
          2.5043053263017292e-03, -6.8871800092139659e-04,
          -1.6691579865184103e-03, 8.7951356591238689e-04,
          1.4502252267929960e-02, -3.4690684238630350e-03,
          -4.3792739688259408e-03, -3.1883825560945528e-03,
          -7.3618291592402931e-03, -2.3807896143551639e-03,
          -2.2271587192943874e-03, 8.1992341142379213e-04,
          -7.3750457336064568e-04, -3.4690684238630350e-03,
          6.0640824383269669e-02 ]
   - !!opencv-matrix
      rows: 9
      cols: 9
      dt: d
      data: [ 6.0368465086173917e-01, 3.0400618018036862e-01,
          3.2480478834220471e-02, 4.4752980925908299e-02,
          6.4032464354180058e-02, 1.4385345781213225e-02,
          3.1793825339442830e-03, 4.2656854451817910e-02,
          1.1681618636033732e-02, 3.0400618018036873e-01,
          7.4161079189681955e-01, -7.4928982432997514e-03,
          1.7296396794416616e-01, 9.2280760144718199e-02,
          6.9467709041655199e-03, 6.2012567123811337e-03,
          1.0927331299426071e-01, -2.0425400153590095e-02,
          3.2480478834220464e-02, -7.4928982432997471e-03,
          1.2191199727106042e-01, -5.5437174665174576e-03,
          4.0307478047996392e-02, 1.9965879088150593e-02,
          2.2379761080831291e-02, 3.1745841768680880e-02,
          1.3477614265314136e-02, 4.4752980925908299e-02,
          1.7296396794416616e-01, -5.5437174665174558e-03,
          3.2408587695459573e-01, 1.0746410772678357e-01,
          6.7157555000499896e-03, 9.7518196100043805e-03,
          1.3342994014328006e-02, -3.2976843864615621e-02,
          6.4032464354180071e-02, 9.2280760144718199e-02,
          4.0307478047996392e-02, 1.0746410772678358e-01,
          1.8726605518306960e-01, 1.0010190750389166e-03,
          6.3526269353329681e-02, 2.5553203953098434e-02,
          1.6051679474027095e-02, 1.4385345781213225e-02,
          6.9467709041655199e-03, 1.9965879088150590e-02,
          6.7157555000499896e-03, 1.0010190750389164e-03,
          1.5205040890338128e-01, 5.2416346177610691e-03,
          6.0635706269477024e-04, 1.8860381586254218e-02,
          3.1793825339442830e-03, 6.2012567123811303e-03,
          2.2379761080831295e-02, 9.7518196100043787e-03,
          6.3526269353329695e-02, 5.2416346177610665e-03,
          1.2963855338820834e-01, 8.2292702722745574e-03,
          1.6899404764226057e-02, 4.2656854451817910e-02,
          1.0927331299426071e-01, 3.1745841768680880e-02,
          1.3342994014328006e-02, 2.5553203953098430e-02,
          6.0635706269476959e-04, 8.2292702722745574e-03,
          5.4019475850477998e-02, -5.1692279389932462e-03,
          1.1681618636033732e-02, -2.0425400153590095e-02,
          1.3477614265314141e-02, -3.2976843864615621e-02,
          1.6051679474027095e-02, 1.8860381586254218e-02,
          1.6899404764226061e-02, -5.1692279389932445e-03,
          6.7284235401280201e-02 ]
   - !!opencv-matrix
      rows: 9
      cols: 9
      dt: d
      data: [ 5.2401577484225004e-01, 5.4810626202682733e-02,
          3.1269174677544524e-02, 1.2345198385643139e-02,
          1.5066707380114510e-02, -1.5285073869658028e-03,
          -9.3546690158087573e-02, 9.1894697238481815e-03,
          -3.6534999277421008e-02, 5.4810626202682733e-02,
          9.7192380756601415e-02, 3.1578343942828081e-02,
          3.3129674504789645e-02, -1.2759292159610269e-03,
          3.4225297147792308e-02, 1.0760737227455221e-02,
          2.6798202402858441e-02, 2.8443537810782842e-02,
          3.1269174677544524e-02, 3.1578343942828081e-02,
          6.4253061859881166e-02, 1.3904350218270897e-02,
          1.5175976640854336e-03, 1.8413988267193006e-02,
          -8.7984983071301790e-03, 1.3287755540892104e-02,
          7.7496809492654771e-03, 1.2345198385643139e-02,
          3.3129674504789645e-02, 1.3904350218270901e-02,
          7.2423417298384071e-02, 2.3560094308181350e-04,
          2.2376832087554983e-02, 8.6104029904018574e-03,
          1.0896769070852443e-02, 5.5604835367841224e-05,
          1.5066707380114510e-02, -1.2759292159610263e-03,
          1.5175976640854336e-03, 2.3560094308181382e-04,
          3.2518500162081777e-02, -1.5366697135715500e-02,
          -9.1344914549164550e-03, -5.7701616580767947e-03,
