%YAML:1.0
---
groups:
   - intact
   - CD19
intactGmmnames:
   - "intact.603.0"
   - "intact.603.1"
   - "intact.603.2"
   - "intact.603.3"
   - "intact.603.4"
intactLabels:
   - FSC-A
   - SSC-A
   - CD20
   - CD10
   - CD45
   - CD34
   - SYTO41
   - CD19
   - CD38
intactMu: !!opencv-matrix
   rows: 5
   cols: 9
   dt: d
   data: [ 1.9991312248240027e+00, 9.8680112123671782e-01,
       1.1670574992991005e+00, 1.4208535593982448e+00,
       1.4932868802102395e+00, 1.3394298782495879e+00,
       3.0329347572084582e+00, 1.2421027493397432e+00,
       1.4471165168039655e+00, 2.0783095978764501e+00,
       6.7891060087592681e-01, 8.8762603124492578e-01,
       8.8956865306288024e-01, 3.3710048042590115e+00,
       1.0411455541194661e+00, 2.9951240940669588e+00,
       1.1159701699715363e+00, 1.8762069579928875e+00,
       2.4935197269028899e+00, 2.8315296080855314e+00,
       1.0611972413048367e+00, 2.6060384650633361e+00,
       2.7275272101987129e+00, 1.1478390605932445e+00,
       3.1138262965487349e+00, 1.5477135875802530e+00,
       1.5007422151931389e+00, 1.7728226424584634e+00,
       3.4907442409148887e-01, 8.5902152880692861e-01,
       8.7290294809164548e-01, 3.3428812315209355e+00,
       1.0178901482805864e+00, 3.0665442465208392e+00,
       1.0437516130890478e+00, 1.4851584828834306e+00,
       2.3780348733003325e+00, 1.6756633532201073e+00,
       1.4519112262261376e+00, 1.8111496920673755e+00,
       3.0273976640113744e+00, 1.4121354493374079e+00,
       3.0962722140502836e+00, 1.4303481264334525e+00,
       1.9500365992180382e+00 ]
intactSigma:
   - !!opencv-matrix
      rows: 9
      cols: 9
      dt: d
      data: [ 8.8520899640990702e-01, 2.0738809866277352e-01,
          1.3621047935839620e-01, 1.5827074427136029e-01,
          1.5428118101440891e-01, 1.1425115219541024e-01,
          -8.8988221370047596e-02, 5.9532971527312725e-02,
          1.5437053964407621e-02, 2.0738809866277347e-01,
          6.4123182193092254e-01, 1.7448828793938137e-01,
          2.1003626169885001e-01, 1.8889842918693403e-01,
          1.2362981879266807e-01, -5.6156435448477662e-02,
          1.4821034563627028e-01, -5.0641094256381868e-03,
          1.3621047935839620e-01, 1.7448828793938137e-01,
          1.6703749685390271e-01, 1.5235588492084470e-01,
          1.3478225177626371e-01, 9.0602662079279250e-02,
          -5.0597799205094496e-02, 4.9209857735612678e-02,
          7.4602916169877092e-03, 1.5827074427136029e-01,
          2.1003626169885001e-01, 1.5235588492084470e-01,
          3.5253482319779672e-01, 2.6116714418561060e-01,
          2.0129705884613677e-01, -1.0542076123382481e-01,
          6.1974248978237875e-02, 2.1719017306272983e-02,
          1.5428118101440891e-01, 1.8889842918693400e-01,
          1.3478225177626374e-01, 2.6116714418561060e-01,
          3.1083782950822575e-01, 1.6321390625902249e-01,
          -6.3706307960785621e-02, 5.4290121713076372e-02,
          2.0784620284251421e-02, 1.1425115219541025e-01,
          1.2362981879266807e-01, 9.0602662079279236e-02,
          2.0129705884613677e-01, 1.6321390625902249e-01,
          1.7150501915358296e-01, -6.9536173834346834e-02,
          3.7583468610440124e-02, 1.6124513320561567e-02,
          -8.8988221370047596e-02, -5.6156435448477662e-02,
          -5.0597799205094496e-02, -1.0542076123382481e-01,
          -6.3706307960785635e-02, -6.9536173834346821e-02,
          1.6001845871287101e-01, -1.5382021064372531e-02,
          -6.7277606452507055e-03, 5.9532971527312739e-02,
          1.4821034563627025e-01, 4.9209857735612678e-02,
          6.1974248978237889e-02, 5.4290121713076372e-02,
          3.7583468610440124e-02, -1.5382021064372527e-02,
          4.4377771789190210e-02, -6.7114338222453449e-04,
          1.5437053964407621e-02, -5.0641094256381868e-03,
          7.4602916169877092e-03, 2.1719017306272976e-02,
          2.0784620284251428e-02, 1.6124513320561567e-02,
          -6.7277606452507063e-03, -6.7114338222453449e-04,
          5.9681670821294924e-03 ]
   - !!opencv-matrix
      rows: 9
      cols: 9
      dt: d
      data: [ 2.1351460794787114e-01, 4.6781996975161652e-02,
          1.2245857685787842e-02, 8.4452191129446054e-03,
          1.8138241211173977e-02, -4.1334459284547188e-03,
          -2.0931631032761855e-02, 7.9332552229216986e-03,
          -3.5543390872713465e-02, 4.6781996975161652e-02,
          5.8087124515509070e-02, 1.3545292912547840e-02,
          5.3288717627444152e-03, 1.0964849432036827e-02,
          -2.2125414656318470e-03, -7.1421434060381398e-03,
          1.1602130109367295e-02, -1.9105990837857828e-02,
          1.2245857685787842e-02, 1.3545292912547840e-02,
          5.0204231695332960e-02, 8.9536221571434886e-04,
          6.8244870425635271e-03, -1.6991857463385782e-03,
          1.0731281894272963e-03, 4.3173915980495910e-03,
          -1.5552161700886559e-02, 8.4452191129446054e-03,
          5.3288717627444152e-03, 8.9536221571434908e-04,
          3.0994011203772449e-02, 1.5128837651080282e-03,
          -4.0133930840480486e-03, 1.6498063630320744e-03,
          2.2108001603544742e-03, -4.0708480298133169e-03,
          1.8138241211173977e-02, 1.0964849432036827e-02,
          6.8244870425635262e-03, 1.5128837651080277e-03,
          1.8998629113859786e-02, -2.1605923753427476e-03,
          -7.6710025049166325e-03, 6.3735613475496202e-04,
          -7.0535420705515077e-03, -4.1334459284547206e-03,
          -2.2125414656318470e-03, -1.6991857463385769e-03,
          -4.0133930840480486e-03, -2.1605923753427476e-03,
          1.1971740233347018e-01, -2.3039177121348900e-04,
          -1.1536125684520398e-03, 1.2755636908297055e-02,
          -2.0931631032761858e-02, -7.1421434060381398e-03,
          1.0731281894272963e-03, 1.6498063630320744e-03,
          -7.6710025049166308e-03, -2.3039177121348967e-04,
          3.3612629066005560e-02, 3.0444506268492456e-04,
          -3.0596629100974784e-02, 7.9332552229216986e-03,
          1.1602130109367293e-02, 4.3173915980495919e-03,
          2.2108001603544742e-03, 6.3735613475496224e-04,
          -1.1536125684520398e-03, 3.0444506268492445e-04,
          1.7723913164408814e-02, -6.9589157254098749e-03,
          -3.5543390872713465e-02, -1.9105990837857821e-02,
          -1.5552161700886562e-02, -4.0708480298133178e-03,
          -7.0535420705515094e-03, 1.2755636908297062e-02,
          -3.0596629100974784e-02, -6.9589157254098741e-03,
          2.6911165183067043e-01 ]
   - !!opencv-matrix
      rows: 9
      cols: 9
      dt: d
      data: [ 4.9090941754554501e-01, 3.1241015121414750e-01,
          4.9580376755130766e-02, 1.8513060839839786e-02,
          5.5632502583869654e-02, -1.3304837610386564e-02,
          -7.2876501520454523e-02, 4.8399649821408763e-02,
          7.6772037317092067e-03, 3.1241015121414750e-01,
          5.1243926052394972e-01, 5.8308669357070055e-02,
          4.9138011014111235e-02, 6.6908175952405585e-02,
          -5.3093363062242085e-04, -5.7767478265258070e-02,
          8.3879658071795857e-02, 3.9681840416825997e-03,
          4.9580376755130766e-02, 5.8308669357070055e-02,
          5.4871050056122618e-02, 2.3493955384308946e-02,
          1.5446711486418426e-02, 2.2798390041221957e-03,
          -1.3336129668232151e-02, 8.8266230243975660e-03,
          4.5037235679269670e-03, 1.8513060839839796e-02,
          4.9138011014111235e-02, 2.3493955384308957e-02,
          1.9709575680876898e-01, 6.2602750361086076e-02,
          -9.0337544677997943e-04, -3.3664785707314820e-02,
          6.6474755373387038e-03, 4.6346825614232631e-03,
          5.5632502583869654e-02, 6.6908175952405585e-02,
          1.5446711486418423e-02, 6.2602750361086076e-02,
          7.8449023609579990e-02, -8.3228729127744656e-03,
          -5.1357317330602621e-02, 9.2871421757597279e-03,
