%YAML:1.0
---
groups:
   - intact
   - CD19
   - blast
intactGmmnames:
   - "intact.604.0"
   - "intact.604.1"
   - "intact.604.2"
   - "intact.604.3"
   - "intact.604.4"
intactLabels:
   - FSC-A
   - SSC-A
   - CD20
   - CD10
   - CD45
   - CD34
   - SYTO41
   - CD19
   - CD38
intactMu: !!opencv-matrix
   rows: 5
   cols: 9
   dt: d
   data: [ 1.1929752487366652e+00, 7.5343320900601551e-01,
       8.0274920542063555e-01, 9.1945528209901006e-01,
       3.2073016935881382e+00, 1.1034041954451408e+00,
       3.0025590949909144e+00, 1.1138263051230322e+00,
       2.5979576939765634e+00, 2.3221426140150752e+00,
       2.9083480201832739e+00, 9.9349914371040304e-01,
       2.5361826102285647e+00, 2.6266836806519862e+00,
       1.0605253437403126e+00, 3.0820866409386332e+00,
       1.5390117090489419e+00, 1.5365376649355873e+00,
       2.8977080439484344e+00, 2.1843775177930431e+00,
       9.7081134116783763e-01, 1.1068435691425693e+00,
       2.4720143860832393e+00, 1.0626716393098956e+00,
       3.5014729027219271e+00, 1.4179572312668982e+00,
       1.9544781878728772e+00, 8.2844964642744057e-01,
       3.1577206840776262e-01, 7.2997941476108308e-01,
       8.1797205399287032e-01, 3.4216369085059184e+00,
       9.5820774753664795e-01, 3.4354043946588804e+00,
       1.0272347062639786e+00, 1.6120176843411007e+00,
       2.3308865699500836e+00, 3.0552323666539638e+00,
       1.4571903361017382e+00, 1.6716891403443426e+00,
       2.9642953540077661e+00, 1.1239413266341216e+00,
       2.9823279545811041e+00, 1.6499523026680205e+00,
       1.5781617320515617e+00 ]
intactSigma:
   - !!opencv-matrix
      rows: 9
      cols: 9
      dt: d
      data: [ 6.7306613985820829e-02, 5.4183939322847326e-02,
          1.2599169268246651e-02, 1.4989231729364482e-02,
          -1.6776294373196273e-02, 1.0841587982401413e-02,
          -1.2938724075384189e-02, 1.1765065069084190e-02,
          8.7532795074282323e-03, 5.4183939322847326e-02,
          1.3838343509173240e-01, 1.8781132658285890e-02,
          3.0133627636539650e-02, -3.1380533885490204e-02,
          2.4824666354583101e-02, 6.1419825592360310e-04,
          2.8374920897660895e-02, 1.1203059745381357e-01,
          1.2599169268246653e-02, 1.8781132658285887e-02,
          2.5250713255164703e-02, 8.5373984354910181e-03,
          -1.2264337637987242e-03, 1.4384064251462753e-03,
          -1.5221569383887575e-02, 5.1964248588068310e-03,
          -1.1936604772923264e-02, 1.4989231729364482e-02,
          3.0133627636539654e-02, 8.5373984354910181e-03,
          4.5585895380150683e-02, -4.9555894899984843e-03,
          -4.0837450848492966e-03, -4.6894370427957395e-03,
          8.8108450153628094e-03, -2.3081979303876333e-02,
          -1.6776294373196273e-02, -3.1380533885490211e-02,
          -1.2264337637987242e-03, -4.9555894899984852e-03,
          3.5556320541358453e-02, -1.2649809556685208e-02,
          -1.0135164412027832e-02, -3.7797962476706698e-03,
          -3.3179172676798756e-02, 1.0841587982401412e-02,
          2.4824666354583112e-02, 1.4384064251462758e-03,
          -4.0837450848492940e-03, -1.2649809556685203e-02,
          1.2391642241817044e-01, -1.0423050794928998e-03,
          2.7850650950528712e-03, 6.2161221688122589e-02,
          -1.2938724075384189e-02, 6.1419825592360310e-04,
          -1.5221569383887575e-02, -4.6894370427957403e-03,
          -1.0135164412027832e-02, -1.0423050794928985e-03,
          9.8888463441627883e-02, -1.9392609132109463e-03,
          1.1835759287942041e-02, 1.1765065069084190e-02,
          2.8374920897660895e-02, 5.1964248588068328e-03,
          8.8108450153628077e-03, -3.7797962476706693e-03,
          2.7850650950528707e-03, -1.9392609132109463e-03,
          2.3924658022783124e-02, 1.3786707891033740e-02,
          8.7532795074282323e-03, 1.1203059745381352e-01,
          -1.1936604772923267e-02, -2.3081979303876326e-02,
          -3.3179172676798756e-02, 6.2161221688122575e-02,
          1.1835759287942041e-02, 1.3786707891033740e-02,
          5.8060851478228725e-01 ]
   - !!opencv-matrix
      rows: 9
      cols: 9
      dt: d
      data: [ 1.9499946979177407e-01, 1.1389527670962545e-01,
          1.8513104068141727e-02, -5.2881085116576382e-02,
          -1.6188926512383642e-02, 4.7568606182695093e-03,
          -1.0330270328712152e-02, 2.1613816373287562e-02,
          3.2210486560981758e-02, 1.1389527670962545e-01,
          3.1812410735308833e-01, 4.4913596908235147e-02,
          1.8056672881269803e-02, 1.6183566328307915e-02,
          3.8607287627005983e-03, -7.9870387832192441e-02,
          6.2481395765670987e-02, 3.1712303199685460e-02,
          1.8513104068141724e-02, 4.4913596908235147e-02,
          3.1575863533164134e-02, 5.5015661106699830e-03,
          3.9595523820591845e-03, 3.2842854398713471e-04,
          -2.6437088780374186e-02, 9.2799819340692244e-03,
          4.7139143944427853e-03, -5.2881085116576382e-02,
          1.8056672881269803e-02, 5.5015661106699830e-03,
          1.2528839101035116e-01, 3.7274378801781700e-02,
          -2.0192362844579951e-03, -1.3455815629024094e-02,
          5.0285688842596722e-03, -1.3874951218058569e-02,
          -1.6188926512383638e-02, 1.6183566328307912e-02,
          3.9595523820591845e-03, 3.7274378801781700e-02,
          3.7221636700498273e-02, -3.6251221160296570e-03,
          -1.5631382049890150e-02, 3.5691498222268597e-03,
          -3.0432569582508483e-03, 4.7568606182695075e-03,
          3.8607287627005983e-03, 3.2842854398713493e-04,
          -2.0192362844579951e-03, -3.6251221160296570e-03,
          4.1572063896345365e-02, 9.1142729030032504e-04,
          1.0119349693231732e-04, 1.9608436073196124e-03,
          -1.0330270328712152e-02, -7.9870387832192441e-02,
          -2.6437088780374186e-02, -1.3455815629024094e-02,
          -1.5631382049890147e-02, 9.1142729030032504e-04,
          1.2388239829089977e-01, -1.6712137964636560e-02,
          -4.8528145731452730e-03, 2.1613816373287562e-02,
          6.2481395765671001e-02, 9.2799819340692227e-03,
          5.0285688842596722e-03, 3.5691498222268593e-03,
          1.0119349693231694e-04, -1.6712137964636553e-02,
          2.4806679579497209e-02, 1.9138469470216960e-03,
          3.2210486560981758e-02, 3.1712303199685453e-02,
          4.7139143944427853e-03, -1.3874951218058573e-02,
          -3.0432569582508483e-03, 1.9608436073196129e-03,
          -4.8528145731452747e-03, 1.9138469470216960e-03,
          4.7706755325105002e-02 ]
   - !!opencv-matrix
      rows: 9
      cols: 9
      dt: d
      data: [ 2.1762411395634954e-01, 1.6409844741252014e-01,
          5.1863442376820744e-02, 2.7562213220207025e-02,
          1.8201695160812398e-02, 7.9111254137882309e-03,
          -2.1746922707715312e-02, 3.4485040218708997e-02,
          4.9298211987714530e-02, 1.6409844741252014e-01,
          3.8102732536783640e-01, 6.1628350549332168e-02,
          7.0215421171344564e-02, 1.7467225495909417e-02,
          8.7747711640074489e-03, -6.1040298293927910e-02,
          7.2664951585131268e-02, 2.3803525335251239e-02,
          5.1863442376820744e-02, 6.1628350549332168e-02,
          4.5516379913167190e-02, 9.3122843231597148e-03,
          9.6665241071874439e-03, 2.7978136517381519e-03,
          -1.7099399529985522e-02, 1.3604325825310347e-02,
          2.4594559088701184e-02, 2.7562213220207018e-02,
          7.0215421171344578e-02, 9.3122843231597183e-03,
          5.1732409080763951e-02, 3.7717518610899479e-03,
          6.0420940123343653e-04, -1.4596678790493466e-02,
          1.3804720020241152e-02, -8.0417279495429144e-04,
          1.8201695160812402e-02, 1.7467225495909421e-02,
          9.6665241071874439e-03, 3.7717518610899479e-03,
          2.6045267361884433e-02, -1.7474953358160436e-04,
