%YAML:1.0
---
groups:
   - intact
   - CD19
   - blast
intactGmmnames:
   - "intact.612.0"
   - "intact.612.1"
   - "intact.612.2"
   - "intact.612.3"
   - "intact.612.4"
intactLabels:
   - FSC-A
   - SSC-A
   - CD20
   - CD10
   - CD45
   - CD34
   - SYTO41
   - CD19
   - CD38
intactMu: !!opencv-matrix
   rows: 5
   cols: 9
   dt: d
   data: [ 2.1346506305631125e+00, 1.0585483299537195e+00,
       1.2128358481556678e+00, 1.4159745470504366e+00,
       2.5521798183422302e+00, 1.2682670423705460e+00,
       3.2285014343394072e+00, 1.2673439264291737e+00,
       1.7800303865395619e+00, 1.2475850282811303e+00,
       2.7327823699284048e-01, 7.6310888821076550e-01,
       9.1439030671581545e-01, 1.4313070067238411e+00,
       1.0312079114652677e+00, 3.1574923672939681e+00,
       1.0391614233035671e+00, 1.2456091794070543e+00,
       1.2646249912782772e+00, 2.1901559810515100e-01,
       7.8635862719744787e-01, 8.0735975307530361e-01,
       3.3503419526152536e+00, 1.0098698190294884e+00,
       3.2277870152362569e+00, 9.9212776713313799e-01,
       1.4045140460543220e+00, 2.2281597081765900e+00,
       1.7153262685402588e+00, 1.1561681446729211e+00,
       2.0665526746303504e+00, 2.3185267098437659e+00,
       1.1399221734210299e+00, 2.3745341069817658e+00,
       1.3839511352029761e+00, 1.1073285229365835e+00,
       3.3440547727601291e+00, 2.6270359691961622e+00,
       1.2550224063955153e+00, 2.2418437391280670e+00,
       3.0757655291149311e+00, 1.1872657451668014e+00,
       2.8791707560041582e+00, 1.5793237939158988e+00,
       1.2628158915441481e+00 ]
intactSigma:
   - !!opencv-matrix
      rows: 9
      cols: 9
      dt: d
      data: [ 6.4147598215654356e-01, 3.1996181574830662e-01,
          9.9359469688708763e-02, 8.3884836494254045e-02,
          1.7771372952517875e-01, 7.0857739923786703e-02,
          4.6926796401115878e-03, 6.4423278923254071e-02,
          1.7571771541730530e-01, 3.1996181574830662e-01,
          5.0675072205035032e-01, 1.5923392292086702e-01,
          1.8349997462655543e-01, 1.3684076943248943e-01,
          8.5581291050660549e-02, -6.5553272085727490e-02,
          1.2316408420390908e-01, 9.8568626215602181e-02,
          9.9359469688708763e-02, 1.5923392292086702e-01,
          1.8425880915991918e-01, 8.8469807653386426e-02,
          7.5329896619623485e-02, 5.7972434959000334e-02,
          -5.3463750247793117e-02, 5.5147563679234644e-02,
          5.0242500931022276e-02, 8.3884836494254045e-02,
          1.8349997462655543e-01, 8.8469807653386426e-02,
          3.2305062967027565e-01, 6.6552463250433611e-02,
          6.3445916005712713e-02, -3.7233438393605156e-02,
          6.6182049549023111e-02, 5.4880607403250191e-04,
          1.7771372952517875e-01, 1.3684076943248943e-01,
          7.5329896619623485e-02, 6.6552463250433597e-02,
          5.7539252178457756e-01, 5.3883430938038664e-02,
          -5.1602323249942739e-02, 3.1189012482191678e-02,
          2.0877409722988680e-01, 7.0857739923786703e-02,
          8.5581291050660549e-02, 5.7972434959000334e-02,
          6.3445916005712713e-02, 5.3883430938038664e-02,
          2.0878033713930891e-01, -3.9122223204641218e-02,
          1.6089858553727337e-02, 7.8150752695943765e-02,
          4.6926796401115913e-03, -6.5553272085727490e-02,
          -5.3463750247793096e-02, -3.7233438393605170e-02,
          -5.1602323249942753e-02, -3.9122223204641218e-02,
          1.9722722144479854e-01, -2.0796919671349182e-02,
          -2.4832170593398747e-02, 6.4423278923254071e-02,
          1.2316408420390908e-01, 5.5147563679234658e-02,
          6.6182049549023111e-02, 3.1189012482191671e-02,
          1.6089858553727340e-02, -2.0796919671349189e-02,
          6.2097883873378557e-02, 1.5873751980958122e-02,
          1.7571771541730533e-01, 9.8568626215602195e-02,
          5.0242500931022269e-02, 5.4880607403250061e-04,
          2.0877409722988682e-01, 7.8150752695943765e-02,
          -2.4832170593398747e-02, 1.5873751980958122e-02,
          4.2883276890132460e-01 ]
   - !!opencv-matrix
      rows: 9
      cols: 9
      dt: d
      data: [ 6.6962582741673340e-02, 8.2764790558633190e-03,
          9.6504150680477054e-03, 1.7114474608153679e-03,
          2.1259179565094937e-03, -7.1024619796405399e-04,
          -2.1238718791154604e-02, 2.2715835705481029e-03,
          -2.7567134107717080e-04, 8.2764790558633172e-03,
          7.9924922004178164e-03, 5.2555823212391229e-03,
          5.4957676908437714e-03, 9.5821019001989596e-03,
          7.9933577394744745e-04, 5.3441142184138283e-03,
          2.1842169746475655e-03, 3.7477614543642108e-03,
          9.6504150680477088e-03, 5.2555823212391238e-03,
          4.1315746149830371e-02, -9.2480804409447574e-04,
          8.2749348629549101e-03, 6.5259810259961262e-04,
          -7.2816400719866404e-03, 2.2559041002967713e-03,
          2.4428491432040094e-03, 1.7114474608153681e-03,
          5.4957676908437714e-03, -9.2480804409447617e-04,
          6.2212233130585680e-02, 1.7701958368252457e-02,
          -4.2767357802544847e-04, 1.2870740800818320e-02,
          1.9037545294621895e-03, 8.4172624405129941e-03,
          2.1259179565094946e-03, 9.5821019001989596e-03,
          8.2749348629549083e-03, 1.7701958368252457e-02,
          1.7127494582333141e-01, -9.9015528658925097e-04,
          1.5598768364586513e-02, 3.7272140158571476e-03,
          2.2321029946628851e-02, -7.1024619796405378e-04,
          7.9933577394744766e-04, 6.5259810259961262e-04,
          -4.2767357802544841e-04, -9.9015528658925140e-04,
          2.5372388481565804e-02, 1.8290137978197339e-03,
          -1.6728001680089960e-04, 1.0898624257106874e-03,
          -2.1238718791154604e-02, 5.3441142184138283e-03,
          -7.2816400719866439e-03, 1.2870740800818322e-02,
          1.5598768364586516e-02, 1.8290137978197332e-03,
          9.8328367299402017e-02, 1.2940111213768095e-03,
          1.0090807428006068e-02, 2.2715835705481033e-03,
          2.1842169746475655e-03, 2.2559041002967704e-03,
          1.9037545294621893e-03, 3.7272140158571476e-03,
          -1.6728001680089963e-04, 1.2940111213768095e-03,
          5.2434989335495676e-03, -5.1532804993155044e-04,
          -2.7567134107717091e-04, 3.7477614543642108e-03,
          2.4428491432040094e-03, 8.4172624405129976e-03,
          2.2321029946628851e-02, 1.0898624257106874e-03,
          1.0090807428006068e-02, -5.1532804993155044e-04,
          2.2101274689935731e-02 ]
   - !!opencv-matrix
      rows: 9
      cols: 9
      dt: d
      data: [ 7.6151360807373544e-02, 6.0859176438917556e-03,
          8.5396310233755868e-03, 8.6505648520021725e-04,
          6.0620174012687208e-03, -3.8041327988092043e-04,
          -1.7744298845033951e-02, 1.5124706601324369e-03,
          -5.0631908634346670e-03, 6.0859176438917556e-03,
          4.2740667619368868e-03, 4.8770989784612225e-03,
          2.0294274412102618e-03, 2.6048752364475820e-03,
          -1.0968669173787700e-05, -1.8179384100640390e-03,
          9.7137938855476440e-04, -4.9878387068636072e-03,
          8.5396310233755851e-03, 4.8770989784612225e-03,
          4.7457383618611862e-02, -2.0874844407796096e-03,
          4.0298782016051221e-03, 1.0215915906960711e-03,
          -1.7451433808405427e-03, 1.9830719262656804e-03,
          -1.1580362550381938e-02, 8.6505648520021758e-04,
          2.0294274412102618e-03, -2.0874844407796091e-03,
          4.6526364274542396e-02, 1.6589020725182775e-03,
          -5.9387966543798269e-03, 3.6826243488981866e-04,
          1.7486210437752893e-03, -4.7038349412075334e-03,
          6.0620174012687208e-03, 2.6048752364475820e-03,
          4.0298782016051221e-03, 1.6589020725182781e-03,
          6.5978647335905782e-03, -2.3349354301022132e-03,
          -1.9090970356937928e-03, -1.2701921310292395e-04,
