%YAML:1.0
---
groups:
   - intact
   - CD19
   - blast
intactGmmnames:
   - "intact.629.0"
   - "intact.629.1"
   - "intact.629.2"
   - "intact.629.3"
   - "intact.629.4"
intactLabels:
   - FSC-A
   - SSC-A
   - CD20
   - CD10
   - CD45
   - CD34
   - SYTO41
   - CD19
   - CD38
intactMu: !!opencv-matrix
   rows: 5
   cols: 9
   dt: d
   data: [ 2.6106348209793273e+00, 2.7938401395910919e+00,
       1.1160200084850651e+00, 2.6319621874782553e+00,
       2.9970378576939742e+00, 1.1851308468787882e+00,
       3.9621316970180418e+00, 1.2231808317871824e+00,
       1.5826600381530684e+00, 1.6017455826910887e+00,
       4.4033341687163408e-01, 1.1375855187850525e+00,
       8.9452863861354603e-01, 3.7372364737760311e+00,
       1.0937524156375169e+00, 3.7423522485097935e+00,
       1.0082071454855770e+00, 1.7078954749586202e+00,
       2.7395664772057025e+00, 3.3581829994716186e+00,
       1.3255515858707621e+00, 2.8879131750431508e+00,
       3.1484191420215502e+00, 1.2610041549874511e+00,
       3.5071976318271165e+00, 1.5635049811238095e+00,
       1.5754579676494207e+00, 2.8598678841935246e+00,
       3.3344582909965648e+00, 1.4255618863427755e+00,
       2.5651794603716822e+00, 2.9365763992900611e+00,
       1.1168185780118194e+00, 3.5736802594827912e+00,
       1.5249108355399612e+00, 1.4791371063515626e+00,
       2.0831610477016369e+00, 1.6305325835770244e+00,
       1.3727918568566000e+00, 1.2195065712791853e+00,
       2.6913602086005950e+00, 1.4692415501489284e+00,
       3.3685231307107593e+00, 1.2998438381006308e+00,
       1.8937037766571740e+00 ]
intactSigma:
   - !!opencv-matrix
      rows: 9
      cols: 9
      dt: d
      data: [ 2.4754801925804953e-01, 9.0845776532540043e-02,
          2.2673991090555921e-02, -3.4712629194960834e-02,
          -3.1950874058598831e-02, 6.5767486843725650e-03,
          -8.6445018566314643e-03, 2.0099159617356421e-02,
          5.5473106628390375e-04, 9.0845776532540043e-02,
          2.7532164951341209e-01, 3.0711718452112548e-02,
          3.3522636069619069e-02, 1.1661001048173275e-02,
          1.3380814133677522e-02, -1.6903426535133419e-02,
          4.7365171634097245e-02, 1.2585445212770406e-02,
          2.2673991090555921e-02, 3.0711718452112544e-02,
          1.1293850365177893e-01, -4.4990311787040218e-03,
          7.8580817412545595e-04, 7.8342296863223720e-03,
          1.2719406133505303e-02, -7.7369213006108408e-03,
          5.4798384040875446e-03, -3.4712629194960834e-02,
          3.3522636069619069e-02, -4.4990311787040200e-03,
          1.3368227580560726e-01, 5.0930828856742820e-02,
          4.9397288900220777e-03, -5.9549590095221436e-03,
          9.9947883260532045e-03, 4.7178615321122122e-03,
          -3.1950874058598824e-02, 1.1661001048173275e-02,
          7.8580817412545563e-04, 5.0930828856742820e-02,
          5.7726726314653191e-02, 2.2883650292009759e-03,
          -3.0141895096444089e-04, 7.5786911784292009e-04,
          1.3008370159813445e-02, 6.5767486843725659e-03,
          1.3380814133677522e-02, 7.8342296863223703e-03,
          4.9397288900220777e-03, 2.2883650292009746e-03,
          7.8762326693070039e-02, -1.0454182735333676e-03,
          2.0337720962224325e-03, 4.9851322659933391e-03,
          -8.6445018566314643e-03, -1.6903426535133419e-02,
          1.2719406133505303e-02, -5.9549590095221436e-03,
          -3.0141895096444084e-04, -1.0454182735333678e-03,
          4.7622024813860325e-02, -4.3163839973695800e-02,
          1.3987764765672714e-02, 2.0099159617356418e-02,
          4.7365171634097245e-02, -7.7369213006108408e-03,
          9.9947883260532045e-03, 7.5786911784291998e-04,
          2.0337720962224307e-03, -4.3163839973695807e-02,
          5.3318777072475364e-02, -1.6167416725242426e-02,
          5.5473106628390527e-04, 1.2585445212770410e-02,
          5.4798384040875437e-03, 4.7178615321122096e-03,
          1.3008370159813445e-02, 4.9851322659933374e-03,
          1.3987764765672714e-02, -1.6167416725242426e-02,
          7.7048489042407978e-02 ]
   - !!opencv-matrix
      rows: 9
      cols: 9
      dt: d
      data: [ 9.3267041973596726e-02, 2.4258691848239363e-02,
          2.9331896287977069e-02, 2.0118072701724898e-02,
          1.3050446349612811e-02, 1.5389568089560967e-03,
          -5.5736099206185212e-02, 3.5207535084883841e-02,
          -8.6040695104983144e-03, 2.4258691848239363e-02,
          2.2904322138860553e-02, 1.9962623595864981e-02,
          1.1648545675807226e-02, 9.9679542848857654e-03,
          1.7388159218181085e-03, -3.2087409929997195e-02,
          1.8869056367830483e-02, 1.3255666190003824e-03,
          2.9331896287977069e-02, 1.9962623595864981e-02,
          1.2717630208491831e-01, 1.3199916729919067e-02,
          1.0783993666489302e-02, -1.7327035808647380e-03,
          -3.5903163431151033e-02, 2.6221199128361072e-02,
          -3.6396713099312084e-02, 2.0118072701724894e-02,
          1.1648545675807226e-02, 1.3199916729919069e-02,
          3.0944345786486561e-02, 7.4942705442557827e-03,
          -3.3076199683762736e-03, -3.6048711740764960e-02,
          2.3288089924569107e-02, -1.2291795011750987e-02,
          1.3050446349612811e-02, 9.9679542848857654e-03,
          1.0783993666489303e-02, 7.4942705442557819e-03,
          2.9749934733814203e-02, 1.4137189580445679e-03,
          -2.1759860890758379e-02, 1.2267814925044605e-02,
          9.8680289180928370e-04, 1.5389568089560974e-03,
          1.7388159218181078e-03, -1.7327035808647384e-03,
          -3.3076199683762719e-03, 1.4137189580445677e-03,
          1.7362841387855193e-01, -1.0872140138066342e-03,
          1.6710223763495725e-03, 1.7108848226414310e-02,
          -5.5736099206185212e-02, -3.2087409929997195e-02,
          -3.5903163431151040e-02, -3.6048711740764960e-02,
          -2.1759860890758372e-02, -1.0872140138066327e-03,
          1.1323760919963688e-01, -6.3241727787842525e-02,
          2.0880740245975186e-02, 3.5207535084883841e-02,
          1.8869056367830483e-02, 2.6221199128361072e-02,
          2.3288089924569107e-02, 1.2267814925044605e-02,
          1.6710223763495727e-03, -6.3241727787842525e-02,
          4.9460337365590447e-02, -1.9080471259349547e-02,
          -8.6040695104983179e-03, 1.3255666190003833e-03,
          -3.6396713099312090e-02, -1.2291795011750987e-02,
          9.8680289180928544e-04, 1.7108848226414303e-02,
          2.0880740245975186e-02, -1.9080471259349547e-02,
          2.8955416852275445e-01 ]
   - !!opencv-matrix
      rows: 9
      cols: 9
      dt: d
      data: [ 2.0247496440070384e-01, 1.3928647212481066e-01,
          2.7104597686301114e-02, -1.0442601040516317e-02,
          -1.7050561395698677e-02, 8.2719501470636374e-03,
          3.0748956919426077e-04, 2.4299450950582245e-02,
          3.5625726264925544e-03, 1.3928647212481066e-01,
          3.5192454150766111e-01, 4.7161095796562844e-02,
          2.0964588742522765e-02, 3.8036223139725558e-03,
          1.0876144706339311e-02, -3.2273045122505728e-02,
          6.5027980086315995e-02, 1.0559359604603070e-02,
          2.7104597686301118e-02, 4.7161095796562851e-02,
          6.0195154016082733e-02, 4.6396038590877488e-03,
          2.2608785328681220e-03, 8.1226603580176436e-03,
          1.5966438881092788e-03, 9.2437703387974156e-03,
          5.2808537015349988e-03, -1.0442601040516317e-02,
          2.0964588742522765e-02, 4.6396038590877479e-03,
          5.1516389684280170e-02, 1.7525271398972517e-02,
          -1.1911748015439138e-03, -8.8019110440365981e-03,
          5.5836828367725007e-03, 2.3695014083746080e-03,
          -1.7050561395698677e-02, 3.8036223139725558e-03,
          2.2608785328681212e-03, 1.7525271398972517e-02,
          2.4811548932464664e-02, 4.7681929312399916e-04,
          -5.4683279279961619e-03, 1.6302832371314563e-03,
