%YAML:1.0
---
groups:
   - intact
   - CD19
   - blast
intactGmmnames:
   - "intact.629.0"
   - "intact.629.1"
   - "intact.629.2"
   - "intact.629.3"
   - "intact.629.4"
intactLabels:
   - FSC-A
   - SSC-A
   - CD20
   - CD10
   - CD45
   - CD34
   - SYTO41
   - CD19
   - CD38
intactMu: !!opencv-matrix
   rows: 5
   cols: 9
   dt: d
   data: [ 2.6106348209793273e+00, 2.7938401395910919e+00,
       1.1160200084850651e+00, 2.6319621874782553e+00,
       2.9970378576939742e+00, 1.1851308468787882e+00,
       3.9621316970180418e+00, 1.2231808317871824e+00,
       1.5826600381530684e+00, 1.6017455826910887e+00,
       4.4033341687163408e-01, 1.1375855187850525e+00,
       8.9452863861354603e-01, 3.7372364737760311e+00,
       1.0937524156375169e+00, 3.7423522485097935e+00,
       1.0082071454855770e+00, 1.7078954749586202e+00,
       2.7395664772057025e+00, 3.3581829994716186e+00,
       1.3255515858707621e+00, 2.8879131750431508e+00,
       3.1484191420215502e+00, 1.2610041549874511e+00,
       3.5071976318271165e+00, 1.5635049811238095e+00,
       1.5754579676494207e+00, 2.8598678841935246e+00,
       3.3344582909965648e+00, 1.4255618863427755e+00,
       2.5651794603716822e+00, 2.9365763992900611e+00,
       1.1168185780118194e+00, 3.5736802594827912e+00,
       1.5249108355399612e+00, 1.4791371063515626e+00,
       2.0831610477016369e+00, 1.6305325835770244e+00,
       1.3727918568566000e+00, 1.2195065712791853e+00,
       2.6913602086005950e+00, 1.4692415501489284e+00,
       3.3685231307107593e+00, 1.2998438381006308e+00,
       1.8937037766571740e+00 ]
intactSigma:
   - !!opencv-matrix
      rows: 9
      cols: 9
      dt: d
      data: [ 2.4754801925804953e-01, 9.0845776532540043e-02,
          2.2673991090555921e-02, -3.4712629194960834e-02,
          -3.1950874058598831e-02, 6.5767486843725650e-03,
          -8.6445018566314643e-03, 2.0099159617356421e-02,
          5.5473106628390375e-04, 9.0845776532540043e-02,
          2.7532164951341209e-01, 3.0711718452112548e-02,
          3.3522636069619069e-02, 1.1661001048173275e-02,
          1.3380814133677522e-02, -1.6903426535133419e-02,
          4.7365171634097245e-02, 1.2585445212770406e-02,
          2.2673991090555921e-02, 3.0711718452112544e-02,
          1.1293850365177893e-01, -4.4990311787040218e-03,
          7.8580817412545595e-04, 7.8342296863223720e-03,
          1.2719406133505303e-02, -7.7369213006108408e-03,
          5.4798384040875446e-03, -3.4712629194960834e-02,
          3.3522636069619069e-02, -4.4990311787040200e-03,
          1.3368227580560726e-01, 5.0930828856742820e-02,
          4.9397288900220777e-03, -5.9549590095221436e-03,
          9.9947883260532045e-03, 4.7178615321122122e-03,
          -3.1950874058598824e-02, 1.1661001048173275e-02,
          7.8580817412545563e-04, 5.0930828856742820e-02,
          5.7726726314653191e-02, 2.2883650292009759e-03,
          -3.0141895096444089e-04, 7.5786911784292009e-04,
          1.3008370159813445e-02, 6.5767486843725659e-03,
          1.3380814133677522e-02, 7.8342296863223703e-03,
          4.9397288900220777e-03, 2.2883650292009746e-03,
          7.8762326693070039e-02, -1.0454182735333676e-03,
          2.0337720962224325e-03, 4.9851322659933391e-03,
          -8.6445018566314643e-03, -1.6903426535133419e-02,
          1.2719406133505303e-02, -5.9549590095221436e-03,
          -3.0141895096444084e-04, -1.0454182735333678e-03,
          4.7622024813860325e-02, -4.3163839973695800e-02,
          1.3987764765672714e-02, 2.0099159617356418e-02,
          4.7365171634097245e-02, -7.7369213006108408e-03,
          9.9947883260532045e-03, 7.5786911784291998e-04,
          2.0337720962224307e-03, -4.3163839973695807e-02,
          5.3318777072475364e-02, -1.6167416725242426e-02,
          5.5473106628390527e-04, 1.2585445212770410e-02,
          5.4798384040875437e-03, 4.7178615321122096e-03,
          1.3008370159813445e-02, 4.9851322659933374e-03,
          1.3987764765672714e-02, -1.6167416725242426e-02,
          7.7048489042407978e-02 ]
   - !!opencv-matrix
      rows: 9
      cols: 9
      dt: d
      data: [ 9.3267041973596726e-02, 2.4258691848239363e-02,
          2.9331896287977069e-02, 2.0118072701724898e-02,
          1.3050446349612811e-02, 1.5389568089560967e-03,
          -5.5736099206185212e-02, 3.5207535084883841e-02,
          -8.6040695104983144e-03, 2.4258691848239363e-02,
          2.2904322138860553e-02, 1.9962623595864981e-02,
          1.1648545675807226e-02, 9.9679542848857654e-03,
          1.7388159218181085e-03, -3.2087409929997195e-02,
          1.8869056367830483e-02, 1.3255666190003824e-03,
          2.9331896287977069e-02, 1.9962623595864981e-02,
          1.2717630208491831e-01, 1.3199916729919067e-02,
          1.0783993666489302e-02, -1.7327035808647380e-03,
          -3.5903163431151033e-02, 2.6221199128361072e-02,
          -3.6396713099312084e-02, 2.0118072701724894e-02,
          1.1648545675807226e-02, 1.3199916729919069e-02,
          3.0944345786486561e-02, 7.4942705442557827e-03,
          -3.3076199683762736e-03, -3.6048711740764960e-02,
          2.3288089924569107e-02, -1.2291795011750987e-02,
          1.3050446349612811e-02, 9.9679542848857654e-03,
          1.0783993666489303e-02, 7.4942705442557819e-03,
          2.9749934733814203e-02, 1.4137189580445679e-03,
          -2.1759860890758379e-02, 1.2267814925044605e-02,
          9.8680289180928370e-04, 1.5389568089560974e-03,
          1.7388159218181078e-03, -1.7327035808647384e-03,
          -3.3076199683762719e-03, 1.4137189580445677e-03,
          1.7362841387855193e-01, -1.0872140138066342e-03,
          1.6710223763495725e-03, 1.7108848226414310e-02,
          -5.5736099206185212e-02, -3.2087409929997195e-02,
          -3.5903163431151040e-02, -3.6048711740764960e-02,
          -2.1759860890758372e-02, -1.0872140138066327e-03,
          1.1323760919963688e-01, -6.3241727787842525e-02,
          2.0880740245975186e-02, 3.5207535084883841e-02,
          1.8869056367830483e-02, 2.6221199128361072e-02,
          2.3288089924569107e-02, 1.2267814925044605e-02,
          1.6710223763495727e-03, -6.3241727787842525e-02,
          4.9460337365590447e-02, -1.9080471259349547e-02,
          -8.6040695104983179e-03, 1.3255666190003833e-03,
          -3.6396713099312090e-02, -1.2291795011750987e-02,
          9.8680289180928544e-04, 1.7108848226414303e-02,
          2.0880740245975186e-02, -1.9080471259349547e-02,
          2.8955416852275445e-01 ]
   - !!opencv-matrix
      rows: 9
      cols: 9
      dt: d
      data: [ 2.0247496440070384e-01, 1.3928647212481066e-01,
          2.7104597686301114e-02, -1.0442601040516317e-02,
          -1.7050561395698677e-02, 8.2719501470636374e-03,
          3.0748956919426077e-04, 2.4299450950582245e-02,
          3.5625726264925544e-03, 1.3928647212481066e-01,
          3.5192454150766111e-01, 4.7161095796562844e-02,
          2.0964588742522765e-02, 3.8036223139725558e-03,
          1.0876144706339311e-02, -3.2273045122505728e-02,
          6.5027980086315995e-02, 1.0559359604603070e-02,
          2.7104597686301118e-02, 4.7161095796562851e-02,
          6.0195154016082733e-02, 4.6396038590877488e-03,
          2.2608785328681220e-03, 8.1226603580176436e-03,
          1.5966438881092788e-03, 9.2437703387974156e-03,
          5.2808537015349988e-03, -1.0442601040516317e-02,
          2.0964588742522765e-02, 4.6396038590877479e-03,
          5.1516389684280170e-02, 1.7525271398972517e-02,
          -1.1911748015439138e-03, -8.8019110440365981e-03,
          5.5836828367725007e-03, 2.3695014083746080e-03,
          -1.7050561395698677e-02, 3.8036223139725558e-03,
          2.2608785328681212e-03, 1.7525271398972517e-02,
          2.4811548932464664e-02, 4.7681929312399916e-04,
          -5.4683279279961619e-03, 1.6302832371314563e-03,
          3.2059369054816037e-03, 8.2719501470636409e-03,
          1.0876144706339311e-02, 8.1226603580176436e-03,
          -1.1911748015439121e-03, 4.7681929312399883e-04,
          1.0263238714396247e-01, 2.8977959259332596e-03,
          1.6064855146892417e-03, 4.5472856044973097e-03,
          3.0748956919426056e-04, -3.2273045122505728e-02,
          1.5966438881092795e-03, -8.8019110440365981e-03,
          -5.4683279279961611e-03, 2.8977959259332592e-03,
          7.0536564497962001e-02, -2.1122575918248804e-02,
          9.3964211570591975e-03, 2.4299450950582245e-02,
          6.5027980086316009e-02, 9.2437703387974156e-03,
          5.5836828367725007e-03, 1.6302832371314572e-03,
          1.6064855146892417e-03, -2.1122575918248804e-02,
          2.7784586208594007e-02, -7.3467369801532316e-03,
          3.5625726264925505e-03, 1.0559359604603070e-02,
          5.2808537015349988e-03, 2.3695014083746080e-03,
          3.2059369054816028e-03, 4.5472856044973115e-03,
          9.3964211570591975e-03, -7.3467369801532316e-03,
          1.0868437515285122e-01 ]
   - !!opencv-matrix
      rows: 9
      cols: 9
      dt: d
      data: [ 2.2328302744944928e-01, 1.2766530753418462e-01,
          2.1686276771756517e-02, -2.0971620980299244e-02,
          -2.4098845054221402e-02, 1.2219803955821821e-02,
          5.7299943615997922e-03, 1.9638975781319568e-02,
          1.5297377061034068e-03, 1.2766530753418462e-01,
          3.7269846648474408e-01, 3.8709953890920072e-02,
          2.0480039321907811e-02, 8.1885851440665503e-03,
          1.3724323863072348e-02, -4.9480098843612159e-02,
          7.3298711406135766e-02, -1.1601796193767146e-02,
          2.1686276771756517e-02, 3.8709953890920072e-02,
          2.4306881166317931e-02, 4.6166058398550156e-03,
          4.4320748540416016e-03, 6.6819628030419557e-04,
          -1.4025203424040096e-03, 6.4977327225365818e-03,
          3.4473410808393058e-03, -2.0971620980299244e-02,
          2.0480039321907811e-02, 4.6166058398550164e-03,
          1.2550840117076154e-01, 4.3705115461095762e-02,
          -1.5290120696457507e-02, -1.3222261183096834e-02,
          4.2990977710103771e-03, 8.1209693092560587e-03,
          -2.4098845054221402e-02, 8.1885851440665503e-03,
          4.4320748540415998e-03, 4.3705115461095762e-02,
          7.1254624181850787e-02, -1.2368072569676857e-02,
          -7.6847929950578384e-03, 1.5535907335041863e-03,
          1.9360013984865577e-02, 1.2219803955821824e-02,
          1.3724323863072345e-02, 6.6819628030419568e-04,
          -1.5290120696457504e-02, -1.2368072569676857e-02,
          6.0556515358382246e-02, 3.1995955633270980e-03,
          2.0572025475300484e-03, 7.8199890019856142e-04,
          5.7299943615997922e-03, -4.9480098843612159e-02,
          -1.4025203424040099e-03, -1.3222261183096832e-02,
          -7.6847929950578401e-03, 3.1995955633270993e-03,
          7.0529816474714055e-02, -2.9338043436267884e-02,
          1.7835795101580204e-02, 1.9638975781319568e-02,
          7.3298711406135766e-02, 6.4977327225365844e-03,
          4.2990977710103797e-03, 1.5535907335041863e-03,
          2.0572025475300484e-03, -2.9338043436267884e-02,
          3.1520877231087943e-02, -1.5652029520985461e-02,
          1.5297377061034068e-03, -1.1601796193767144e-02,
          3.4473410808393058e-03, 8.1209693092560587e-03,
          1.9360013984865577e-02, 7.8199890019856099e-04,
          1.7835795101580204e-02, -1.5652029520985461e-02,
          9.4006651252731235e-02 ]
   - !!opencv-matrix
      rows: 9
      cols: 9
      dt: d
      data: [ 7.9784286004889426e-01, 6.6130469552509730e-01,
          1.3018804029733330e-01, 9.2452268868399037e-02,
          3.6493522915954935e-01, -3.1494367237927421e-03,
          1.6470428669472412e-01, 7.2055055261839099e-02,
          1.6651686128079901e-01, 6.6130469552509730e-01,
          1.0799514927406866e+00, 1.9508849069342402e-01,
          1.9076642354077555e-01, 3.9098936323169203e-01,
          1.3989983373271750e-01, 1.3972515883981731e-01,
          1.5135935126977315e-01, 1.4869370208099666e-01,
          1.3018804029733330e-01, 1.9508849069342402e-01,
          2.2867770337591733e-01, 6.8294305632152330e-02,
          1.8013185090231612e-01, 7.9817518743063878e-02,
          3.6346082860326250e-02, 8.6539061029280787e-02,
          9.4159014975837216e-02, 9.2452268868399037e-02,
          1.9076642354077555e-01, 6.8294305632152330e-02,
          1.6296672516728408e-01, 8.9896767197813213e-02,
          5.2508804596408658e-02, -4.8353633606645810e-04,
          5.2726295928085053e-02, 2.7621409938996824e-02,
          3.6493522915954946e-01, 3.9098936323169203e-01,
          1.8013185090231612e-01, 8.9896767197813213e-02,
          7.0522347548848074e-01, 1.3551970985938347e-01,
          7.5439703840699604e-02, 8.7469895947592968e-02,
          2.9347291277142495e-01, -3.1494367237927460e-03,
          1.3989983373271753e-01, 7.9817518743063878e-02,
          5.2508804596408658e-02, 1.3551970985938347e-01,
          2.5356142511410107e-01, -4.0061206989358014e-02,
          4.2730243836344266e-02, 8.0666136758982210e-02,
          1.6470428669472412e-01, 1.3972515883981731e-01,
          3.6346082860326250e-02, -4.8353633606645820e-04,
          7.5439703840699604e-02, -4.0061206989358021e-02,
          3.0157276105447628e-01, -7.1265453411658089e-02,
          8.2750916592338464e-02, 7.2055055261839099e-02,
          1.5135935126977312e-01, 8.6539061029280787e-02,
          5.2726295928085060e-02, 8.7469895947592996e-02,
          4.2730243836344266e-02, -7.1265453411658075e-02,
          1.1477777192538131e-01, -2.7044076312933837e-03,
          1.6651686128079901e-01, 1.4869370208099669e-01,
          9.4159014975837202e-02, 2.7621409938996835e-02,
          2.9347291277142495e-01, 8.0666136758982196e-02,
          8.2750916592338464e-02, -2.7044076312933833e-03,
          3.9233809352973276e-01 ]
intactC: !!opencv-matrix
   rows: 1
   cols: 5
   dt: d
   data: [ 1.2621524626312081e-01, 2.2206816984094718e-01,
       2.6387209380430993e-01, 2.2778046424108073e-01,
       3.8215560528638608e-02 ]
intactNumEvents: 215321.
intactMaxVals: !!opencv-matrix
   rows: 1
   cols: 9
   dt: d
   data: [ 4.5000000000000000e+00, 4.5000000000000000e+00,
       4.5000000000000000e+00, 4.5000000000000000e+00,
       4.5000000000000000e+00, 4.5000000000000000e+00,
       4.5000000000000000e+00, 4.5000000000000000e+00,
       4.5000000000000000e+00 ]
intactScales: !!opencv-matrix
   rows: 1
   cols: 9
   dt: d
   data: [ 1., 1., 1., 1., 1., 1., 1., 1., 1. ]
CD19Gmmnames:
   - "CD19.629.0"
   - "CD19.629.1"
CD19Labels:
   - FSC-A
   - SSC-A
   - CD20
   - CD10
   - CD45
   - CD34
   - SYTO41
   - CD19
   - CD38
CD19Mu: !!opencv-matrix
   rows: 2
   cols: 9
   dt: d
   data: [ 1.6506955919463937e+00, 4.7644228461950106e-01,
       2.9662152987320893e+00, 9.2250812811441718e-01,
       3.5750498854049861e+00, 1.1091996176162129e+00,
       3.4672212044730188e+00, 2.8237874264934040e+00,
       1.6012308491771059e+00, 1.5628641690267577e+00,
       3.6783204791852941e-01, 3.0635493495258856e+00,
       9.6779485149387112e-01, 3.6878074382072330e+00,
       1.1189564111905066e+00, 3.3478095755790203e+00,
       2.9225101144176655e+00, 1.7349654069273166e+00 ]
CD19Sigma:
   - !!opencv-matrix
      rows: 9
      cols: 9
      dt: d
      data: [ 1.0699906933817846e-01, 1.9088533420086679e-02,
          1.7652236950248933e-02, 1.1576925524528683e-02,
          2.4349661252629766e-02, 6.5751150705086496e-03,
          -2.7211599138778766e-02, 1.8890842739659894e-02,
          2.8552912019442992e-03, 1.9088533420086679e-02,
          2.9889440928675362e-02, 2.7934816403453494e-02,
          8.7816933383601439e-03, 2.1968442362336228e-02,
          6.6886370841631832e-03, -1.1709559759424778e-02,
          2.4691158850784826e-02, 7.6723728009530038e-03,
          1.7652236950248937e-02, 2.7934816403453494e-02,
          9.2780326712418218e-02, 1.7588201697888504e-03,
          4.8636329056318948e-02, 8.4687742769965144e-03,
          -1.6432012839710203e-02, 4.2308284395331942e-02,
          6.5039389631985633e-03, 1.1576925524528683e-02,
          8.7816933383601439e-03, 1.7588201697888504e-03,
          7.3502018384819082e-02, 5.0686747407661372e-03,
          1.2606186124320292e-03, -3.1237683345718640e-02,
          7.0396738793369858e-03, -5.4661875910505782e-03,
          2.4349661252629766e-02, 2.1968442362336228e-02,
          4.8636329056318948e-02, 5.0686747407661355e-03,
          5.6049009065311212e-02, 3.5537376710518573e-03,
          -8.7419278427542744e-03, 2.1065626641495659e-02,
          9.0561636183855813e-03, 6.5751150705086496e-03,
          6.6886370841631832e-03, 8.4687742769965092e-03,
          1.2606186124320276e-03, 3.5537376710518577e-03,
          1.4160857328728013e-01, -3.6285491287218132e-03,
          8.3638561487344130e-03, 7.2170629072328407e-03,
          -2.7211599138778766e-02, -1.1709559759424774e-02,
          -1.6432012839710200e-02, -3.1237683345718640e-02,
          -8.7419278427542744e-03, -3.6285491287218106e-03,
          1.5359526246710442e-01, -2.5498407094431835e-02,
          2.3606170186107972e-02, 1.8890842739659894e-02,
          2.4691158850784826e-02, 4.2308284395331942e-02,
          7.0396738793369841e-03, 2.1065626641495666e-02,
          8.3638561487344130e-03, -2.5498407094431842e-02,
          7.6509404980991805e-02, -1.6568369091962049e-02,
          2.8552912019443001e-03, 7.6723728009530038e-03,
          6.5039389631985607e-03, -5.4661875910505765e-03,
          9.0561636183855779e-03, 7.2170629072328381e-03,
          2.3606170186107972e-02, -1.6568369091962049e-02,
          3.2424220727717945e-01 ]
   - !!opencv-matrix
      rows: 9
      cols: 9
      dt: d
      data: [ 4.8983173087515666e-02, 6.2401178444212784e-03,
          6.7180835356995365e-03, 9.2812479377106100e-03,
          6.3835658619348142e-03, -1.3051169200840390e-03,
          -3.8855192763038685e-02, 6.4354409070770694e-03,
          2.9395729329602565e-03, 6.2401178444212784e-03,
          6.9898365217049858e-03, 5.7750723003830136e-03,
          4.6565074310087268e-03, 3.8615612635094984e-03,
          -6.0143020528012900e-05, -8.7200222719336223e-03,
          3.3768306827345932e-03, 2.0309567914586928e-03,
          6.7180835356995365e-03, 5.7750723003830136e-03,
          3.1105014665854008e-02, 3.0989545443514364e-03,
          1.3539268435145163e-02, 9.6302857242554891e-04,
          -1.6845155486889415e-02, 1.0006473360704298e-02,
          9.0551439329043873e-03, 9.2812479377106100e-03,
          4.6565074310087277e-03, 3.0989545443514364e-03,
          1.1880433448842452e-01, 2.7110966878669076e-03,
          -5.7898055662368442e-03, -2.3036069080858396e-02,
          -4.7870158077257179e-04, 1.1481762858590245e-02,
          6.3835658619348108e-03, 3.8615612635094984e-03,
          1.3539268435145163e-02, 2.7110966878669076e-03,
          1.6450367453763739e-02, -1.3176644392253662e-03,
          -1.2043352243400522e-02, 4.6084949854027805e-03,
          6.6836859308291923e-03, -1.3051169200840381e-03,
          -6.0143020528012629e-05, 9.6302857242554847e-04,
          -5.7898055662368442e-03, -1.3176644392253658e-03,
          1.8403576884351844e-01, 1.6071548744632212e-03,
          -1.9376572290304595e-03, 2.4010791834459607e-03,
          -3.8855192763038678e-02, -8.7200222719336241e-03,
          -1.6845155486889418e-02, -2.3036069080858396e-02,
          -1.2043352243400524e-02, 1.6071548744632221e-03,
          1.5770155451661755e-01, -1.5542817626530897e-02,
          -2.3880259719482730e-03, 6.4354409070770694e-03,
          3.3768306827345932e-03, 1.0006473360704300e-02,
          -4.7870158077257158e-04, 4.6084949854027805e-03,
          -1.9376572290304599e-03, -1.5542817626530897e-02,
          2.7660723990383041e-02, -4.9716791271583859e-03,
          2.9395729329602565e-03, 2.0309567914586933e-03,
          9.0551439329043873e-03, 1.1481762858590247e-02,
          6.6836859308291897e-03, 2.4010791834459567e-03,
          -2.3880259719482734e-03, -4.9716791271583859e-03,
          2.9984435960550387e-01 ]
CD19C: !!opencv-matrix
   rows: 1
   cols: 2
   dt: d
   data: [ 3.1783361279050230e-02, 8.9808168831309265e-02 ]
CD19NumEvents: 29814.
CD19MaxVals: !!opencv-matrix
   rows: 1
   cols: 9
   dt: d
   data: [ 4.5000000000000000e+00, 4.5000000000000000e+00,
       4.5000000000000000e+00, 4.5000000000000000e+00,
       4.5000000000000000e+00, 4.5000000000000000e+00,
       4.5000000000000000e+00, 4.5000000000000000e+00,
       4.5000000000000000e+00 ]
CD19Scales: !!opencv-matrix
   rows: 1
   cols: 9
   dt: d
   data: [ 1., 1., 1., 1., 1., 1., 1., 1., 1. ]
blastGmmnames:
   - "blast.629.0"
blastLabels:
   - FSC-A
   - SSC-A
   - CD20
   - CD10
   - CD45
   - CD34
   - SYTO41
   - CD19
   - CD38
blastMu: !!opencv-matrix
   rows: 1
   cols: 9
   dt: d
   data: [ 1.9703349802229138e+00, 4.8929670263850494e-01,
       7.9842056139993167e-01, 3.9460158953590998e+00,
       1.7106483232170815e+00, 1.4773504573201375e+00,
       4.2930109765794544e+00, 2.7052591376834445e+00,
       3.1350457176329596e+00 ]
blastSigma:
   - !!opencv-matrix
      rows: 9
      cols: 9
      dt: d
      data: [ 1.2301290229853748e-01, 4.6647345168655116e-03,
          -6.1548938164632007e-03, -1.0214812268525188e-02,
          -1.1897381425356712e-02, 1.2596563595714514e-02,
          -1.8116570938647283e-02, 2.4356066326722731e-02,
          -1.3934381935277762e-03, 4.6647345168655116e-03,
          1.0418131634118364e-02, 8.2278814735687773e-03,
          2.7590640401036997e-03, 7.3473290293331304e-05,
          1.0991501763356752e-02, 7.2671457809613210e-04,
          6.5366296683918900e-03, 1.4934508039864936e-03,
          -6.1548938164632007e-03, 8.2278814735687773e-03,
          4.8510672707088159e-01, -2.7300109049532676e-02,
          3.5716500596356261e-02, -2.8074883453780768e-02,
          -2.7418374670314283e-03, 4.9848523867754542e-03,
          -2.1350327018524663e-02, -1.0214812268525188e-02,
          2.7590640401036997e-03, -2.7300109049532676e-02,
          6.4232591829988292e-02, 4.1486869251068842e-02,
          -2.3006235154048114e-02, 1.0380586209767947e-02,
          -1.2683295168528327e-02, 3.7244095739972623e-02,
          -1.1897381425356712e-02, 7.3473290293331304e-05,
          3.5716500596356261e-02, 4.1486869251068842e-02,
          6.6112322581503280e-01, -1.4806825949000371e-01,
          -2.5594722813144552e-02, -6.0259739099364834e-03,
          8.1234221392269143e-02, 1.2596563595714514e-02,
          1.0991501763356752e-02, -2.8074883453780768e-02,
          -2.3006235154048114e-02, -1.4806825949000371e-01,
          1.9832365854891693e-01, 1.1705658685369146e-02,
          1.6948257909546509e-02, -1.2876692451028036e-02,
          -1.8116570938647283e-02, 7.2671457809613210e-04,
          -2.7418374670314283e-03, 1.0380586209767947e-02,
          -2.5594722813144552e-02, 1.1705658685369146e-02,
          2.7454915223231940e-02, -1.4613180483428552e-02,
          -1.9134753170989404e-03, 2.4356066326722731e-02,
          6.5366296683918900e-03, 4.9848523867754542e-03,
          -1.2683295168528327e-02, -6.0259739099364834e-03,
          1.6948257909546509e-02, -1.4613180483428552e-02,
          5.2456047172464014e-02, -1.1703015539443027e-02,
          -1.3934381935277762e-03, 1.4934508039864936e-03,
          -2.1350327018524663e-02, 3.7244095739972623e-02,
          8.1234221392269143e-02, -1.2876692451028036e-02,
          -1.9134753170989404e-03, -1.1703015539443027e-02,
          9.4342640280572307e-02 ]
blastC: !!opencv-matrix
   rows: 1
   cols: 1
   dt: d
   data: [ 2.5693521154332449e-04 ]
blastNumEvents: 63.
blastMaxVals: !!opencv-matrix
   rows: 1
   cols: 9
   dt: d
   data: [ 4.5000000000000000e+00, 4.5000000000000000e+00,
       4.5000000000000000e+00, 4.5000000000000000e+00,
       4.5000000000000000e+00, 4.5000000000000000e+00,
       4.5000000000000000e+00, 4.5000000000000000e+00,
       4.5000000000000000e+00 ]
blastScales: !!opencv-matrix
   rows: 1
   cols: 9
   dt: d
   data: [ 1., 1., 1., 1., 1., 1., 1., 1., 1. ]
