%YAML:1.0
---
groups:
   - intact
   - CD19
intactGmmnames:
   - "intact.637.0"
   - "intact.637.1"
   - "intact.637.2"
   - "intact.637.3"
   - "intact.637.4"
intactLabels:
   - FSC-A
   - SSC-A
   - CD20
   - CD10
   - CD45
   - CD34
   - SYTO41
   - CD19
   - CD38
intactMu: !!opencv-matrix
   rows: 5
   cols: 9
   dt: d
   data: [ 1.3108345031818749e+00, 3.3144853589254875e-01,
       1.0429778837440618e+00, 8.9381651670046069e-01,
       3.5169472577273018e+00, 1.0789618721374110e+00,
       3.4905856176203485e+00, 9.3429072024125315e-01,
       1.6997027425837525e+00, 1.8880672858044203e+00,
       2.5297963294876675e+00, 1.3154294136929969e+00,
       2.1994338211337099e+00, 2.3856605232754728e+00,
       1.3247470383826234e+00, 3.2021936221225737e+00,
       1.3720968939134119e+00, 1.6413644375556282e+00,
       1.0640885423213799e+00, 5.4476797559481027e-01,
       1.0436183158815597e+00, 1.1427084232761759e+00,
       1.3703573852352444e+00, 1.0593420660950401e+00,
       3.1372688307041008e+00, 1.0494420369241124e+00,
       1.6150264744239116e+00, 1.8516939266906576e+00,
       6.5544087082693214e-01, 1.1120672305818180e+00,
       9.7906247078297659e-01, 3.6987003404448631e+00,
       1.0736342990177039e+00, 2.8951242191489714e+00,
       1.0855868896012455e+00, 1.8751708007649577e+00,
       1.9932309202197924e+00, 1.5871516599663760e+00,
       1.5158765266702774e+00, 1.3035821369089866e+00,
       2.7025495140245530e+00, 1.8406586580703648e+00,
       2.8758266427692258e+00, 1.5969218644605796e+00,
       1.8031244012298309e+00 ]
intactSigma:
   - !!opencv-matrix
      rows: 9
      cols: 9
      dt: d
      data: [ 1.5112044617474704e-01, 1.2153036564709016e-02,
          1.7946054257519235e-02, 1.0386950421332752e-02,
          2.0422617805428860e-02, -9.8173138519990454e-03,
          -5.2715095433422975e-02, 2.2312578796331126e-02,
          -8.0523338484071831e-03, 1.2153036564709016e-02,
          1.2038675123299238e-02, 1.0228784604197129e-02,
          4.9683645180673757e-03, 5.0371132740129037e-03,
          2.0625138949729414e-03, -3.6425438873875686e-03,
          3.3565198618843604e-03, -2.1222218607761028e-03,
          1.7946054257519242e-02, 1.0228784604197131e-02,
          7.8490984545436862e-02, -1.0817418162169105e-03,
          6.5575407267566884e-03, 1.8445641416422881e-03,
          -4.9623809715945728e-03, 5.0454296285230068e-03,
          -4.4105910953034832e-03, 1.0386950421332751e-02,
          4.9683645180673775e-03, -1.0817418162169105e-03,
          4.8138726358260907e-02, 4.0548013500557450e-03,
          -1.8634960302447952e-03, -6.3744824294734645e-03,
          3.2711930876977010e-03, -9.1357915852841119e-04,
          2.0422617805428860e-02, 5.0371132740129037e-03,
          6.5575407267566875e-03, 4.0548013500557450e-03,
          1.3505976429727238e-02, -2.7963705920016619e-03,
          -8.0837611156508917e-03, 2.7214783774175215e-03,
          -3.4763952933241438e-03, -9.8173138519990454e-03,
          2.0625138949729414e-03, 1.8445641416422890e-03,
          -1.8634960302447952e-03, -2.7963705920016619e-03,
          1.2719274081974824e-01, 5.3521566554220910e-03,
          4.8604762375316910e-04, 2.5560788801001024e-03,
          -5.2715095433422975e-02, -3.6425438873875691e-03,
          -4.9623809715945719e-03, -6.3744824294734654e-03,
          -8.0837611156508917e-03, 5.3521566554220910e-03,
          3.5881764702123335e-02, -1.3720160974846440e-02,
          3.8161000014103048e-03, 2.2312578796331126e-02,
          3.3565198618843595e-03, 5.0454296285230059e-03,
          3.2711930876977010e-03, 2.7214783774175220e-03,
          4.8604762375316932e-04, -1.3720160974846440e-02,
          2.1788465013965575e-02, -2.5227230078956036e-03,
          -8.0523338484071831e-03, -2.1222218607761028e-03,
          -4.4105910953034814e-03, -9.1357915852841053e-04,
          -3.4763952933241434e-03, 2.5560788801001016e-03,
          3.8161000014103048e-03, -2.5227230078956036e-03,
          1.4212068312400482e-02 ]
   - !!opencv-matrix
      rows: 9
      cols: 9
      dt: d
      data: [ 4.2281258004391203e-01, 4.7001070065464617e-01,
          -3.7412086926150778e-02, 2.1460139316160812e-01,
          2.4245104520183927e-01, 2.7062873222719476e-02,
          -4.1914947951383931e-02, 7.3454577441651750e-02,
          -1.6397804632708630e-03, 4.7001070065464617e-01,
          1.5427101223942270e+00, -1.5288823653598727e-01,
          7.4183084443775449e-01, 7.6625616179006695e-01,
          1.2806666068712780e-01, -2.8563599550660790e-01,
          3.0108904077523280e-01, -1.7989156224670105e-02,
          -3.7412086926150778e-02, -1.5288823653598727e-01,
          1.1505274323851281e-01, -9.1319311489905658e-02,
          -1.0408695621735521e-01, -1.1842458522344126e-02,
          4.9668118429413384e-02, -2.4705990545907559e-02,
          1.5346525736953476e-03, 2.1460139316160814e-01,
          7.4183084443775438e-01, -9.1319311489905644e-02,
          5.1564707819362410e-01, 4.4686315657610071e-01,
          7.9519079743085030e-02, -1.5589315634918735e-01,
          1.4690565623198251e-01, -6.7294321285612402e-03,
          2.4245104520183927e-01, 7.6625616179006695e-01,
          -1.0408695621735521e-01, 4.4686315657610071e-01,
          5.2870796189762126e-01, 7.8410579120998206e-02,
          -1.5934077967247845e-01, 1.4939521439153416e-01,
          -5.9413538365978378e-03, 2.7062873222719476e-02,
          1.2806666068712780e-01, -1.1842458522344126e-02,
          7.9519079743085030e-02, 7.8410579120998206e-02,
          1.2838534448602246e-01, -1.0457310420832814e-02,
          2.7128000446077462e-02, -5.4707742071441912e-04,
          -4.1914947951383931e-02, -2.8563599550660795e-01,
          4.9668118429413384e-02, -1.5589315634918735e-01,
          -1.5934077967247845e-01, -1.0457310420832817e-02,
          2.1392908570390778e-01, -1.0004963153934825e-01,
          1.1102195189908987e-02, 7.3454577441651750e-02,
          3.0108904077523280e-01, -2.4705990545907563e-02,
          1.4690565623198251e-01, 1.4939521439153416e-01,
          2.7128000446077462e-02, -1.0004963153934825e-01,
          9.8390745514941230e-02, -9.2090104787417061e-03,
          -1.6397804632708639e-03, -1.7989156224670105e-02,
          1.5346525736953480e-03, -6.7294321285612402e-03,
          -5.9413538365978378e-03, -5.4707742071441945e-04,
          1.1102195189908987e-02, -9.2090104787417078e-03,
          6.9948123167994352e-03 ]
   - !!opencv-matrix
      rows: 9
      cols: 9
      dt: d
      data: [ 8.4453129946535060e-02, 2.3030830621223602e-02,
          1.6948528794307176e-02, 2.1299930008640656e-02,
          1.3430700079244604e-02, 7.6313797455988244e-04,
          -4.4409934877518799e-02, 1.3870911040115190e-02,
          -1.3662145245208799e-04, 2.3030830621223602e-02,
          3.9772949368580647e-02, 2.3000675580140930e-02,
          2.2898927943232679e-02, 1.5663867201684573e-02,
          2.5404699981836179e-03, -4.9709187108484196e-03,
          8.9824229738772552e-03, 4.3391234446464545e-04,
          1.6948528794307176e-02, 2.3000675580140930e-02,
          8.4925724954529103e-02, 1.2274238462832441e-02,
          1.0004399426427960e-02, 1.7809011302181350e-03,
          1.1897929428874783e-04, 6.5294441058358710e-03,
          -1.1400801215528653e-04, 2.1299930008640656e-02,
          2.2898927943232679e-02, 1.2274238462832441e-02,
          1.4061636598564037e-01, 1.9869802371497873e-02,
          3.8608133495391305e-04, -1.0982607231185982e-03,
          9.5851329350749911e-03, 1.1291580163524002e-03,
          1.3430700079244608e-02, 1.5663867201684577e-02,
          1.0004399426427960e-02, 1.9869802371497873e-02,
          1.4075613626876091e-01, -9.2427475457981237e-04,
