%YAML:1.0
---
groups:
   - intact
   - CD19
intactGmmnames:
   - "intact.642.0"
   - "intact.642.1"
   - "intact.642.2"
   - "intact.642.3"
   - "intact.642.4"
intactLabels:
   - FSC-A
   - SSC-A
   - CD20
   - CD10
   - CD45
   - CD34
   - SYTO41
   - CD19
   - CD38
intactMu: !!opencv-matrix
   rows: 5
   cols: 9
   dt: d
   data: [ 1.7494632827419769e+00, 6.6416709299047161e-01,
       1.1456603656845916e+00, 9.8554837189977951e-01,
       3.7150033524593917e+00, 1.1468193762059655e+00,
       3.1071248695622797e+00, 1.2114802199080690e+00,
       3.1242853028217077e+00, 2.6726498861897281e+00,
       3.3113749928257663e+00, 1.4073393180785441e+00,
       2.8206122467741350e+00, 3.0381196106895634e+00,
       1.1338688342309522e+00, 3.4260489202661009e+00,
       1.6128459189502469e+00, 1.6654693876926281e+00,
       1.5843938021719783e+00, 3.7849792769273349e-01,
       1.1689646695008267e+00, 9.2954553346899105e-01,
       3.6549454427520933e+00, 1.0732650194422728e+00,
       3.3688931254651115e+00, 1.0778642265466527e+00,
       1.6718819966240139e+00, 1.4191633741575775e+00,
       5.9030929054950476e-01, 1.2213296881970277e+00,
       1.0588463964998260e+00, 1.5802888620440134e+00,
       1.2876398334034815e+00, 3.0852227485204664e+00,
       1.1015287411641648e+00, 1.5778370998536748e+00,
       2.3014139498168453e+00, 2.4389960896931560e+00,
       1.5234043031154207e+00, 1.9060517012570910e+00,
       2.3456385210160691e+00, 1.3115085649303184e+00,
       3.0058164195742068e+00, 1.5572508973058636e+00,
       1.7394233076271168e+00 ]
intactSigma:
   - !!opencv-matrix
      rows: 9
      cols: 9
      dt: d
      data: [ 9.4402434040801189e-02, 3.1370685852896473e-03,
          2.8393719600877088e-03, 5.7297121373949050e-03,
          2.6584416003046221e-03, -1.5028738139314867e-03,
          -8.3505269865584552e-03, 8.6161454254626542e-04,
          -2.0093373434721055e-02, 3.1370685852896464e-03,
          1.9146529245329461e-02, 8.4061260107502842e-03,
          8.5417906044001398e-03, 4.9026079332878392e-03,
          4.5840203264958402e-03, -4.0828619777271867e-03,
          3.5551517236925797e-03, 1.1909773571811780e-02,
          2.8393719600877101e-03, 8.4061260107502877e-03,
          6.5883347809116727e-02, -2.4970642150627560e-03,
          2.7066967225095441e-03, 4.7593698231003199e-03,
          -1.6554953197044753e-04, 1.5322247345401162e-03,
          1.3250889004235177e-03, 5.7297121373949024e-03,
          8.5417906044001398e-03, -2.4970642150627569e-03,
          4.3366488192840828e-02, 2.8835040435062705e-03,
          -8.3702805518890075e-03, -1.0837066493770428e-02,
          3.3086814110806989e-03, 2.1651187493110392e-03,
          2.6584416003046221e-03, 4.9026079332878392e-03,
          2.7066967225095437e-03, 2.8835040435062705e-03,
          1.1341503142897121e-02, -6.1864419335144012e-04,
          -5.6097376167831819e-03, 1.6808773235119170e-03,
          -2.6605418519470210e-03, -1.5028738139314867e-03,
          4.5840203264958402e-03, 4.7593698231003182e-03,
          -8.3702805518890110e-03, -6.1864419335143990e-04,
          1.6415084286298878e-01, 2.6590936559231426e-03,
          1.1149196752331210e-03, 1.7259300669389282e-02,
          -8.3505269865584552e-03, -4.0828619777271858e-03,
          -1.6554953197044762e-04, -1.0837066493770428e-02,
          -5.6097376167831810e-03, 2.6590936559231422e-03,
          6.1649625486518228e-02, -1.1900593364364843e-02,
          5.1040655621772556e-04, 8.6161454254626542e-04,
          3.5551517236925788e-03, 1.5322247345401158e-03,
          3.3086814110806998e-03, 1.6808773235119172e-03,
          1.1149196752331203e-03, -1.1900593364364841e-02,
          2.0116884169135815e-02, 8.0433720526444704e-03,
          -2.0093373434721055e-02, 1.1909773571811782e-02,
          1.3250889004235180e-03, 2.1651187493110379e-03,
          -2.6605418519470218e-03, 1.7259300669389282e-02,
          5.1040655621772632e-04, 8.0433720526444687e-03,
          1.1876383038166449e-01 ]
   - !!opencv-matrix
      rows: 9
      cols: 9
      dt: d
      data: [ 3.2739884641892514e-01, 1.2465658141755831e-01,
          2.6841748430897181e-02, -2.3354343853362748e-02,
          -1.2220115123201401e-02, 3.3414136894736064e-03,
          -3.5643861827287487e-02, 3.6030381529853321e-02,
          1.7449473594890320e-03, 1.2465658141755834e-01,
          3.5026467735425176e-01, 4.0866377825791736e-02,
          2.9672854339734205e-02, 1.5600280284287029e-02,
          7.2656821788672351e-03, -6.6744830572113070e-02,
          8.5259545417206525e-02, 9.5976635886627331e-04,
          2.6841748430897174e-02, 4.0866377825791736e-02,
          5.1677213847218267e-02, -1.0016189928225045e-04,
          -1.9644030650754259e-03, 1.2806012729484151e-03,
          1.4348554355318320e-03, 4.5936521121806928e-03,
          8.2324460298864989e-04, -2.3354343853362741e-02,
          2.9672854339734205e-02, -1.0016189928225018e-04,
          8.5126596085605022e-02, 2.6362049609035904e-02,
          2.1315702676088038e-04, -1.4428708843129067e-02,
          6.3965383779488617e-03, -2.3100813287693311e-03,
          -1.2220115123201402e-02, 1.5600280284287031e-02,
          -1.9644030650754259e-03, 2.6362049609035904e-02,
          3.2360752198178050e-02, -3.9271395302822518e-03,
          -1.4742634416315771e-02, 5.2950805813077179e-03,
          -2.3944867063829521e-03, 3.3414136894736077e-03,
          7.2656821788672351e-03, 1.2806012729484157e-03,
          2.1315702676087998e-04, -3.9271395302822518e-03,
          8.1259551460482957e-02, 3.0148611790045978e-03,
          -6.1522490288169621e-04, 2.2049276639643689e-03,
          -3.5643861827287487e-02, -6.6744830572113070e-02,
          1.4348554355318325e-03, -1.4428708843129067e-02,
          -1.4742634416315773e-02, 3.0148611790045978e-03,
          1.1396662548519518e-01, -5.2711016669093787e-02,
          -2.3107622053874147e-04, 3.6030381529853321e-02,
          8.5259545417206525e-02, 4.5936521121806894e-03,
          6.3965383779488599e-03, 5.2950805813077179e-03,
          -6.1522490288169621e-04, -5.2711016669093787e-02,
          7.2810372539080362e-02, 3.8437121199199026e-03,
          1.7449473594890320e-03, 9.5976635886627407e-04,
          8.2324460298864989e-04, -2.3100813287693311e-03,
          -2.3944867063829521e-03, 2.2049276639643685e-03,
          -2.3107622053874106e-04, 3.8437121199199004e-03,
          2.8661975564728350e-02 ]
   - !!opencv-matrix
      rows: 9
      cols: 9
      dt: d
      data: [ 1.2941332159867230e-01, 2.7145549729693821e-02,
          1.5582135229082535e-02, 1.4238978428607963e-02,
          1.9986765944340262e-02, 2.1609159272386507e-04,
          -5.5389863308267166e-02, 1.5306093681156071e-02,
          -1.3133730399612758e-02, 2.7145549729693821e-02,
          2.5414838349959428e-02, 1.1556780404321747e-02,
          1.0058564161905084e-02, 1.2880267334696755e-02,
          2.0525244461714258e-03, -1.9925108960031291e-02,
          6.6665899870068813e-03, -6.3190531811125467e-03,
          1.5582135229082535e-02, 1.1556780404321747e-02,
          1.5168182163819940e-01, 3.1142253228118380e-03,
          6.2323203974377819e-03, 3.9456859986055307e-03,
          -1.4733106983075407e-02, 3.9724288761213969e-03,
          -2.9185397316255999e-02, 1.4238978428607966e-02,
          1.0058564161905082e-02, 3.1142253228118402e-03,
          4.4741071482751242e-02, 5.3480104455806282e-03,
          -1.9871103097996567e-03, -1.4942607037055838e-02,
          4.8746166052767133e-03, -6.2014145552325315e-03,
          1.9986765944340262e-02, 1.2880267334696755e-02,
          6.2323203974377810e-03, 5.3480104455806282e-03,
          1.6040028961313898e-02, -1.2068788164152492e-03,
          -1.8869048319160066e-02, 5.9428940087621254e-03,
