%YAML:1.0
---
groups:
   - intact
   - CD19
   - blast
intactGmmnames:
   - "intact.644.0"
   - "intact.644.1"
   - "intact.644.2"
   - "intact.644.3"
   - "intact.644.4"
intactLabels:
   - FSC-A
   - SSC-A
   - CD20
   - CD10
   - CD45
   - CD34
   - SYTO41
   - CD19
   - CD38
intactMu: !!opencv-matrix
   rows: 5
   cols: 9
   dt: d
   data: [ 2.0620470909847959e+00, 9.5988600904889965e-01,
       1.3036185276260421e+00, 3.7767699879127745e+00,
       2.6292171091818757e+00, 1.8079147964448494e+00,
       3.7669717949775610e+00, 1.9629582558636560e+00,
       1.8684761579799827e+00, 1.5052163764470170e+00,
       4.1049617254257809e-01, 9.5838244145024620e-01,
       8.4390896401722948e-01, 3.7295900805722964e+00,
       1.0544089516440671e+00, 3.4603208234808371e+00,
       9.3444234318093333e-01, 1.6766081636669499e+00,
       2.9193235930053119e+00, 2.8998219315164149e+00,
       1.1716065255385850e+00, 2.4475073710817647e+00,
       2.8920641241832645e+00, 1.1027122313187379e+00,
       3.5508513648725271e+00, 1.4887843406899612e+00,
       1.7794522813893876e+00, 2.4313654807699066e+00,
       1.7579909321030405e+00, 1.2334253868371443e+00,
       1.5031152094672222e+00, 2.6972255732082289e+00,
       1.1818643461655589e+00, 3.5800015241003642e+00,
       1.2446367497445947e+00, 2.0382889551889809e+00,
       1.4161370422986499e+00, 4.3126188968430462e-01,
       9.5909721341990950e-01, 1.1444579305852005e+00,
       1.4821749670597213e+00, 1.0435398029055634e+00,
       3.6332477717365368e+00, 8.5319537064918538e-01,
       1.5105753988345081e+00 ]
intactSigma:
   - !!opencv-matrix
      rows: 9
      cols: 9
      dt: d
      data: [ 4.9943206878112939e-01, 2.4003076658108538e-01,
          6.6981900688333623e-02, 8.9345390227901056e-02,
          1.3347468930051190e-01, 1.1634081705475076e-01,
          2.2993103313176368e-02, 1.9647361233434010e-01,
          6.6184983452009391e-02, 2.4003076658108541e-01,
          3.2684344336091814e-01, 1.1241684293257483e-01,
          4.2025954155984938e-02, 1.1434635905189000e-01,
          1.0979263298352969e-01, 2.9334752332915028e-02,
          2.4687356064001947e-01, 8.2461684523319867e-02,
          6.6981900688333609e-02, 1.1241684293257483e-01,
          3.0607336305754052e-01, 5.3552080621709616e-02,
          9.4971089678482237e-02, 8.9316356710636910e-02,
          1.1929456604991185e-02, 2.8426606211006539e-01,
          3.2075657780989024e-02, 8.9345390227901056e-02,
          4.2025954155984924e-02, 5.3552080621709616e-02,
          1.5490073025187573e-01, 6.1889625166970823e-02,
          5.7639698251173321e-02, -1.0761506926974804e-03,
          1.5909209564272664e-01, 3.0371803560981328e-03,
          1.3347468930051190e-01, 1.1434635905189000e-01,
          9.4971089678482237e-02, 6.1889625166970823e-02,
          2.5697683610462124e-01, 8.2831067446035453e-02,
          -1.1314084097230623e-03, 2.2139685848140533e-01,
          2.7919904875515839e-02, 1.1634081705475074e-01,
          1.0979263298352969e-01, 8.9316356710636924e-02,
          5.7639698251173335e-02, 8.2831067446035453e-02,
          2.4543887805681966e-01, 1.0375372101335368e-02,
          1.4056527443560060e-01, 4.0986695462995396e-02,
          2.2993103313176368e-02, 2.9334752332915028e-02,
          1.1929456604991185e-02, -1.0761506926974796e-03,
          -1.1314084097230617e-03, 1.0375372101335366e-02,
          2.7835295292525306e-02, 7.0018880370992624e-03,
          1.0645318013826417e-02, 1.9647361233434010e-01,
          2.4687356064001947e-01, 2.8426606211006539e-01,
          1.5909209564272664e-01, 2.2139685848140533e-01,
          1.4056527443560063e-01, 7.0018880370992607e-03,
          7.8019808185730388e-01, 4.5934133741266966e-02,
          6.6184983452009391e-02, 8.2461684523319895e-02,
          3.2075657780989024e-02, 3.0371803560981319e-03,
          2.7919904875515839e-02, 4.0986695462995403e-02,
          1.0645318013826418e-02, 4.5934133741266966e-02,
          2.4704155888585605e-01 ]
   - !!opencv-matrix
      rows: 9
      cols: 9
      dt: d
      data: [ 8.2505754294781186e-02, 1.8800047174584875e-02,
          8.9520916933247645e-03, 4.2922764704514524e-03,
          1.7527802613937004e-02, 1.1387151370215087e-03,
          -1.7632642270197119e-02, 1.6482831293621759e-02,
          2.8007479662651207e-02, 1.8800047174584875e-02,
          1.6176920749412075e-02, 9.6201596215754713e-03,
          3.9463862281379075e-03, 1.3643670018973746e-02,
          2.4383539140909031e-03, -1.1115336585352548e-02,
          9.3525365110191938e-03, 8.2560202829990541e-03,
          8.9520916933247645e-03, 9.6201596215754713e-03,
          6.7072764050114142e-02, 2.9340531225666355e-03,
          1.3939256071873928e-02, -6.6436867442382097e-04,
          -8.3522418338418582e-03, 6.8482717018862474e-03,
          -2.4239597528529493e-02, 4.2922764704514524e-03,
          3.9463862281379075e-03, 2.9340531225666355e-03,
          3.8235598921010000e-02, 4.4525014443849483e-03,
          -6.4011448089623790e-03, -6.5037365881771602e-03,
          5.0160121437048616e-03, -2.8987582390754304e-03,
          1.7527802613937004e-02, 1.3643670018973746e-02,
          1.3939256071873928e-02, 4.4525014443849466e-03,
          2.3638573204703105e-02, -1.8500929681324748e-03,
          -1.2998039344665884e-02, 8.4921088177012504e-03,
          -1.3110531093624936e-02, 1.1387151370215100e-03,
          2.4383539140909022e-03, -6.6436867442382140e-04,
          -6.4011448089623790e-03, -1.8500929681324755e-03,
          1.7750208786196983e-01, -7.8893873509995409e-04,
          3.2915083124804012e-03, 1.5392021772762039e-02,
          -1.7632642270197115e-02, -1.1115336585352548e-02,
          -8.3522418338418565e-03, -6.5037365881771602e-03,
          -1.2998039344665880e-02, -7.8893873509995442e-04,
          3.2531708045747877e-02, -1.3051458217774333e-02,
          -5.3192683005959963e-03, 1.6482831293621759e-02,
          9.3525365110191938e-03, 6.8482717018862457e-03,
          5.0160121437048616e-03, 8.4921088177012487e-03,
          3.2915083124804012e-03, -1.3051458217774333e-02,
          3.8041730133567514e-02, 4.0623577169758129e-03,
          2.8007479662651207e-02, 8.2560202829990541e-03,
          -2.4239597528529493e-02, -2.8987582390754291e-03,
          -1.3110531093624939e-02, 1.5392021772762044e-02,
          -5.3192683005959971e-03, 4.0623577169758129e-03,
          2.6874718829151828e-01 ]
   - !!opencv-matrix
      rows: 9
      cols: 9
      dt: d
      data: [ 3.1220736578151487e-01, 2.1106167497779324e-01,
          3.8113447350522391e-02, -1.1700596263001340e-02,
          -1.8240589285959741e-03, 6.2912239549910631e-03,
          -1.7959040881763661e-02, 6.1665855298620502e-02,
          2.9112178560327211e-02, 2.1106167497779324e-01,
          3.5174291021351778e-01, 4.8288316184993046e-02,
          3.7933575099752127e-02, 2.5441654908747113e-02,
          1.1581281559963678e-02, -1.8895494925453126e-02,
          9.0339245384776168e-02, 3.3428106131872207e-02,
          3.8113447350522391e-02, 4.8288316184993046e-02,
          3.7296411637745094e-02, 5.1766156303035826e-03,
          3.8286353137472738e-03, 9.9738006477881336e-04,
          -3.5545538391632595e-03, 1.4378223309439357e-02,
          5.1405050071220036e-03, -1.1700596263001340e-02,
          3.7933575099752127e-02, 5.1766156303035818e-03,
          1.1020115214415117e-01, 3.5967652868009181e-02,
          2.6404784912873792e-03, -3.9797199491935879e-03,
          1.3176883131868614e-02, 5.8192604310083288e-04,
          -1.8240589285959741e-03, 2.5441654908747106e-02,
          3.8286353137472738e-03, 3.5967652868009181e-02,
          4.0192295622477829e-02, -8.7633640666543561e-04,
          -2.8409974182802725e-03, 7.4159147190349124e-03,
