%YAML:1.0
---
groups:
   - intact
   - CD19
   - blast
intactGmmnames:
   - "intact.646.0"
   - "intact.646.1"
   - "intact.646.2"
   - "intact.646.3"
   - "intact.646.4"
intactLabels:
   - FSC-A
   - SSC-A
   - CD20
   - CD10
   - CD45
   - CD34
   - SYTO41
   - CD19
   - CD38
intactMu: !!opencv-matrix
   rows: 5
   cols: 9
   dt: d
   data: [ 2.7854256676239615e+00, 3.4778341927361636e+00,
       1.1927478270738252e+00, 2.0629158106513059e+00,
       2.6400759887113328e+00, 1.1711392872388215e+00,
       3.2565104121231712e+00, 1.8230024458693290e+00,
       1.5244775899199399e+00, 1.5993672694894425e+00,
       4.8207845317971948e-01, 1.0342685155542251e+00,
       9.8081044816638763e-01, 3.7881077438052562e+00,
       1.1076791836955036e+00, 3.0940779781396901e+00,
       1.1599873214989673e+00, 2.2642349545022840e+00,
       2.2767630606198650e+00, 1.2604573811107371e+00,
       1.4407122799050853e+00, 1.4513009608964040e+00,
       2.6401823135332365e+00, 1.3232943454300568e+00,
       2.9789404177998304e+00, 1.4556627617611360e+00,
       1.9200915935013627e+00, 1.6187543194133169e+00,
       5.1049279318822449e-01, 1.0627396902928401e+00,
       9.9464957228936424e-01, 3.8725023650956665e+00,
       1.1428019897899762e+00, 2.8160931945018843e+00,
       1.2671202964961161e+00, 1.6415709797213023e+00,
       1.3210709010629940e+00, 2.8671695989924556e-01,
       9.7884409563431274e-01, 9.5104596244982575e-01,
       3.6565646850654523e+00, 1.1218562187442640e+00,
       3.2085170656513964e+00, 1.0705045774293658e+00,
       1.8746150820636798e+00 ]
intactSigma:
   - !!opencv-matrix
      rows: 9
      cols: 9
      dt: d
      data: [ 2.5749324657367001e-01, 1.2609042719294278e-01,
          2.6262281941597698e-02, -2.2052290387556784e-02,
          -1.2185189011975510e-02, 1.2216310232404671e-02,
          -2.0023614366138205e-02, 3.3546977568176699e-02,
          4.2145503719266154e-03, 1.2609042719294278e-01,
          3.4033942967727115e-01, 4.0973123355966090e-02,
          3.6609945598219049e-02, 1.1839855756619154e-02,
          3.4264565668235655e-03, -3.2225995646934583e-02,
          8.0470559197743249e-02, -3.2464532681770039e-03,
          2.6262281941597691e-02, 4.0973123355966090e-02,
          6.3688384024246383e-02, 4.4735154201485045e-03,
          2.8618038621174911e-03, 2.4080506813666225e-03,
          -1.2209976281804843e-03, 1.0651222556464560e-02,
          2.8507071256741283e-03, -2.2052290387556784e-02,
          3.6609945598219049e-02, 4.4735154201485019e-03,
          1.3146205152870064e-01, 2.8331034641363446e-02,
          -6.5353230749677876e-04, -7.1290605977539952e-03,
          9.4240896939789248e-03, -1.9442719322634379e-03,
          -1.2185189011975510e-02, 1.1839855756619153e-02,
          2.8618038621174902e-03, 2.8331034641363446e-02,
          4.3716142250652776e-02, -2.7495435458779337e-03,
          -4.1795838420109459e-03, 3.2239697046580217e-03,
          -1.7091287125652528e-03, 1.2216310232404671e-02,
          3.4264565668235655e-03, 2.4080506813666217e-03,
          -6.5353230749677811e-04, -2.7495435458779337e-03,
          5.8699804715896128e-02, 1.5636854535852468e-03,
          1.5378924311453424e-03, 1.5305221809020944e-03,
          -2.0023614366138205e-02, -3.2225995646934590e-02,
          -1.2209976281804848e-03, -7.1290605977539934e-03,
          -4.1795838420109451e-03, 1.5636854535852473e-03,
          5.9593464235244677e-02, -1.8759469065189747e-02,
          3.2858734364748202e-03, 3.3546977568176699e-02,
          8.0470559197743249e-02, 1.0651222556464560e-02,
          9.4240896939789230e-03, 3.2239697046580226e-03,
          1.5378924311453420e-03, -1.8759469065189736e-02,
          4.2315272606599660e-02, -1.0441591729842947e-02,
          4.2145503719266146e-03, -3.2464532681770043e-03,
          2.8507071256741283e-03, -1.9442719322634353e-03,
          -1.7091287125652517e-03, 1.5305221809020953e-03,
          3.2858734364748210e-03, -1.0441591729842945e-02,
          4.7591283228429232e-02 ]
   - !!opencv-matrix
      rows: 9
      cols: 9
      dt: d
      data: [ 8.4135179157683329e-02, 4.6481269787280750e-03,
          1.0350221261148486e-02, -4.4176040487851717e-06,
          -2.9205139393305552e-03, 3.9583658142023611e-03,
          -9.2463831426849441e-03, 5.2079045823914243e-03,
          -3.2963102596346092e-02, 4.6481269787280732e-03,
          2.0272304542207190e-02, 8.3838092037192263e-03,
          7.5690978139772115e-03, 6.4777403803492417e-03,
          5.8939419201075151e-04, -1.1610064276500154e-02,
          1.0575804560631676e-02, 7.7718032781437249e-03,
          1.0350221261148488e-02, 8.3838092037192263e-03,
          7.2262902658118355e-02, 9.4306318561400676e-05,
          1.6449242603281155e-03, -2.6603845536110537e-03,
          1.4417419224376515e-03, 3.4286210939048533e-03,
          -1.4860913971911759e-02, -4.4176040487852497e-06,
          7.5690978139772115e-03, 9.4306318561400405e-05,
          4.2807315790379913e-02, 2.2200971164476175e-03,
          -6.4600550478713225e-03, -9.0250363920311109e-03,
          5.9760777842298544e-03, 2.3223027875437412e-03,
          -2.9205139393305552e-03, 6.4777403803492426e-03,
          1.6449242603281157e-03, 2.2200971164476175e-03,
          1.4913343628540597e-02, -3.1518155305296910e-03,
          -4.8911149792786107e-03, 5.7518853300029052e-03,
          3.8342881512690510e-03, 3.9583658142023611e-03,
          5.8939419201075205e-04, -2.6603845536110537e-03,
          -6.4600550478713225e-03, -3.1518155305296910e-03,
          1.5495995372522353e-01, -3.0360581289679361e-03,
          1.5396864689060663e-03, 1.4290693342741636e-02,
          -9.2463831426849458e-03, -1.1610064276500156e-02,
          1.4417419224376524e-03, -9.0250363920311091e-03,
          -4.8911149792786089e-03, -3.0360581289679378e-03,
          9.5156330384640692e-02, -3.2131230785718244e-02,
          -6.8577021510095967e-02, 5.2079045823914243e-03,
          1.0575804560631676e-02, 3.4286210939048515e-03,
          5.9760777842298544e-03, 5.7518853300029069e-03,
          1.5396864689060663e-03, -3.2131230785718251e-02,
          6.5044102148678201e-02, 1.9797438199678736e-02,
          -3.2963102596346099e-02, 7.7718032781437223e-03,
          -1.4860913971911765e-02, 2.3223027875437403e-03,
          3.8342881512690523e-03, 1.4290693342741641e-02,
          -6.8577021510095967e-02, 1.9797438199678736e-02,
          2.8192277371393121e-01 ]
   - !!opencv-matrix
      rows: 9
      cols: 9
      dt: d
      data: [ 7.5052838346843287e-01, 3.0664119861338762e-01,
          4.2524266915415651e-02, -5.2432226944681075e-02,
          3.0347290413627198e-01, 3.9335295793893499e-02,
          -3.0234265974346270e-02, 1.1403138829751960e-01,
          4.7611409649758442e-02, 3.0664119861338757e-01,
          6.0402490289587607e-01, 7.9864521663002258e-02,
          6.7079662132936757e-02, 2.0375779957014051e-01,
          6.0644465631960999e-02, 2.2696692447128387e-02,
          1.8343115286952721e-01, 1.3843189201233116e-01,
          4.2524266915415651e-02, 7.9864521663002258e-02,
          3.1381586436739023e-01, 1.4972973906176915e-01,
          6.4174226298983617e-02, 4.6977128086216340e-02,
          6.9035868856964999e-02, 1.6191089632365188e-01,
          8.5623544840220570e-02, -5.2432226944681054e-02,
          6.7079662132936729e-02, 1.4972973906176915e-01,
          4.2027371515540402e-01, -6.8947279725182294e-04,
          4.0261531806131151e-02, 9.3085131678576405e-02,
          6.8299008575345196e-02, 1.5830785317439167e-01,
          3.0347290413627198e-01, 2.0375779957014054e-01,
          6.4174226298983630e-02, -6.8947279725181795e-04,
          8.7453649968284164e-01, 4.5226395088577710e-02,
