%YAML:1.0
---
groups:
   - intact
   - CD19
   - blast
intactGmmnames:
   - "intact.649.0"
   - "intact.649.1"
   - "intact.649.2"
   - "intact.649.3"
   - "intact.649.4"
intactLabels:
   - FSC-A
   - SSC-A
   - CD20
   - CD10
   - CD45
   - CD34
   - SYTO41
   - CD19
   - CD38
intactMu: !!opencv-matrix
   rows: 5
   cols: 9
   dt: d
   data: [ 1.4094352498066296e+00, 4.5542115953945955e-01,
       1.0674176119534027e+00, 9.5893447534144682e-01,
       3.7845131062586064e+00, 1.0740961589715687e+00,
       2.8312004367173058e+00, 1.1301512078557527e+00,
       1.7070655232632463e+00, 2.6976227740868688e+00,
       2.9766992182294496e+00, 1.2377237262831295e+00,
       1.7861280226143934e+00, 2.8721676599133854e+00,
       1.1316934133022498e+00, 3.1179337743871254e+00,
       1.7241832611657550e+00, 1.4460295185264602e+00,
       1.0223683226819740e+00, 3.7570798395096094e-01,
       1.0204384920523533e+00, 1.0260268887271218e+00,
       1.3664170709298189e+00, 1.0858009420871912e+00,
       3.2022848657978313e+00, 8.7566946688131975e-01,
       1.4387967130339774e+00, 1.1052106577410374e+00,
       2.5628800938719559e-01, 9.4125271499408858e-01,
       8.8726407233092497e-01, 3.6706570659979842e+00,
       1.0479698455164645e+00, 3.2317216196538388e+00,
       9.6014899320421754e-01, 1.8400904985120849e+00,
       2.1038692732963438e+00, 1.4073249043858225e+00,
       1.4548034457408023e+00, 1.5172497408414569e+00,
       2.7569397143658709e+00, 1.4275923009602212e+00,
       3.2527934530424516e+00, 1.3116743968052862e+00,
       2.1085154635721191e+00 ]
intactSigma:
   - !!opencv-matrix
      rows: 9
      cols: 9
      dt: d
      data: [ 7.9496296253336610e-02, 1.1715683691661627e-02,
          6.2060454595858593e-03, 5.2640409043457894e-03,
          3.2835522647762937e-03, -1.3623048908254934e-03,
          -3.7984746053162849e-02, 1.2908400670084554e-02,
          -2.7597446780838975e-02, 1.1715683691661627e-02,
          1.7795137991230364e-02, 8.4097105083120391e-03,
          3.7886221763671771e-03, 5.6158377424018148e-03,
          2.1680246272368729e-04, -1.6226766205649067e-02,
          1.1369897078582802e-02, 2.5801305685129558e-03,
          6.2060454595858584e-03, 8.4097105083120408e-03,
          6.0879768263243872e-02, -1.7704806551241186e-03,
          2.0017207693784804e-03, -1.9424651836486323e-03,
          -2.4172832861895140e-03, 4.4370966073245680e-03,
          -1.6501630667928566e-02, 5.2640409043457903e-03,
          3.7886221763671771e-03, -1.7704806551241182e-03,
          4.0247395064275340e-02, 1.1150359795898581e-03,
          -7.4003964251676867e-03, -6.7069599437178922e-03,
          4.9419628781264833e-03, -9.2813257029938333e-03,
          3.2835522647762937e-03, 5.6158377424018148e-03,
          2.0017207693784791e-03, 1.1150359795898581e-03,
          1.1499873330628328e-02, -2.3757876652165189e-03,
          -1.4281276493503350e-02, 6.5374784597813972e-03,
          -1.2674409863499022e-02, -1.3623048908254938e-03,
          2.1680246272368691e-04, -1.9424651836486314e-03,
          -7.4003964251676867e-03, -2.3757876652165198e-03,
          1.6635720804163012e-01, 4.7236917822823824e-03,
          1.7740157128877207e-03, 2.4960240548779711e-02,
          -3.7984746053162849e-02, -1.6226766205649071e-02,
          -2.4172832861895162e-03, -6.7069599437178922e-03,
          -1.4281276493503350e-02, 4.7236917822823833e-03,
          1.1873911679295336e-01, -3.2412877772168079e-02,
          3.1785650533230542e-02, 1.2908400670084554e-02,
          1.1369897078582802e-02, 4.4370966073245689e-03,
          4.9419628781264833e-03, 6.5374784597813963e-03,
          1.7740157128877229e-03, -3.2412877772168079e-02,
          6.8746944348015968e-02, -1.3122724054298145e-02,
          -2.7597446780838985e-02, 2.5801305685129567e-03,
          -1.6501630667928566e-02, -9.2813257029938333e-03,
          -1.2674409863499022e-02, 2.4960240548779707e-02,
          3.1785650533230535e-02, -1.3122724054298148e-02,
          4.2040638980406986e-01 ]
   - !!opencv-matrix
      rows: 9
      cols: 9
      dt: d
      data: [ 2.8923598778870979e-01, 5.8221547781696817e-02,
          3.6660828683042684e-02, -1.3714936905440692e-01,
          -1.9371121881114079e-02, 3.2503755895403217e-03,
          -4.6202794533689194e-03, 1.9701771682873893e-02,
          4.1565386204190820e-02, 5.8221547781696817e-02,
          4.5003064656053743e-01, 4.6282815931533626e-02,
          1.4849759267491031e-01, 3.4417095404641447e-02,
          1.0328929381886457e-02, -5.6690061217935538e-02,
          1.0732738457132364e-01, -2.4202471543427344e-02,
          3.6660828683042677e-02, 4.6282815931533626e-02,
          5.0934792804827371e-02, -9.4985944487078131e-03,
          3.4225767904479225e-03, 1.3106332755552980e-03,
          -5.3137002442789948e-03, 1.2130097109771375e-02,
          9.1797015394696029e-03, -1.3714936905440694e-01,
          1.4849759267491031e-01, -9.4985944487078113e-03,
          3.4861287596461493e-01, 3.8196933096337891e-02,
          2.8247534824120527e-03, -1.9613117891299811e-02,
          3.1797779267090570e-02, -6.0108691791365049e-02,
          -1.9371121881114076e-02, 3.4417095404641447e-02,
          3.4225767904479225e-03, 3.8196933096337898e-02,
          2.8103277868176450e-02, -7.3822887872234950e-04,
          -9.0998469822861673e-03, 8.4465825820838666e-03,
          -5.0732811512880574e-03, 3.2503755895403209e-03,
          1.0328929381886457e-02, 1.3106332755552985e-03,
          2.8247534824120519e-03, -7.3822887872234950e-04,
          4.8927201325993687e-02, 2.0627514682595338e-03,
          2.2424558747142585e-03, 1.0387920200255342e-03,
          -4.6202794533689168e-03, -5.6690061217935538e-02,
          -5.3137002442789939e-03, -1.9613117891299815e-02,
          -9.0998469822861673e-03, 2.0627514682595343e-03,
          5.8143366207006664e-02, -2.3395362023378649e-02,
          5.0693568907940836e-04, 1.9701771682873893e-02,
          1.0732738457132364e-01, 1.2130097109771374e-02,
          3.1797779267090570e-02, 8.4465825820838683e-03,
          2.2424558747142585e-03, -2.3395362023378649e-02,
          5.0892831554501243e-02, -1.2937199130910890e-02,
          4.1565386204190834e-02, -2.4202471543427334e-02,
          9.1797015394696029e-03, -6.0108691791365049e-02,
          -5.0732811512880600e-03, 1.0387920200255339e-03,
          5.0693568907940847e-04, -1.2937199130910891e-02,
          8.6259368686008628e-02 ]
   - !!opencv-matrix
      rows: 9
      cols: 9
      dt: d
      data: [ 1.2875762302328642e-01, 3.6331270116873822e-02,
          3.9607677628168303e-02, 1.8940363858674026e-02,
          3.5072301685127115e-02, 4.7129082790700050e-03,
          -2.7839821061070236e-02, 1.5987703790704882e-02,
          1.4225493337354326e-02, 3.6331270116873815e-02,
          2.7258621244098585e-02, 2.6280946605585821e-02,
          1.3556142491079554e-02, 2.7277547394120839e-02,
          4.3476815616787928e-03, 6.4101342024220874e-03,
          5.8333612134453218e-03, 1.1717581576846284e-02,
          3.9607677628168303e-02, 2.6280946605585821e-02,
          8.8430388517484387e-02, 1.5572399326465746e-02,
          2.2735021575798924e-02, 2.9549723837454306e-03,
          1.0213279344005623e-02, 5.7774712535260458e-03,
          1.0334024269358161e-02, 1.8940363858674029e-02,
          1.3556142491079554e-02, 1.5572399326465742e-02,
          7.4519564042629993e-02, 2.3919579209635670e-02,
          1.1742829538158748e-03, 4.9059969060711211e-03,
          1.0133151428073967e-02, 1.0142681968227872e-02,
          3.5072301685127115e-02, 2.7277547394120839e-02,
          2.2735021575798927e-02, 2.3919579209635677e-02,
          1.9407352010745391e-01, 4.7278866077749507e-03,
