%YAML:1.0
---
groups:
   - intact
   - CD19
   - blast
intactGmmnames:
   - "intact.652.0"
   - "intact.652.1"
   - "intact.652.2"
   - "intact.652.3"
   - "intact.652.4"
intactLabels:
   - FSC-A
   - SSC-A
   - CD20
   - CD10
   - CD45
   - CD34
   - SYTO41
   - CD19
   - CD38
intactMu: !!opencv-matrix
   rows: 5
   cols: 9
   dt: d
   data: [ 1.1306039510891601e+00, 2.5025594075093965e-01,
       1.2186278457761319e+00, 9.8218812314856685e-01,
       3.6097547577717171e+00, 1.0669932951673129e+00,
       2.9107970952880975e+00, 1.1152302268347614e+00,
       1.7943305880299523e+00, 1.0331113516403523e+00,
       3.5662934700457932e-01, 1.2009340313332091e+00,
       1.1644861994113522e+00, 1.6239619069940343e+00,
       1.0957330335642264e+00, 2.5162346615363478e+00,
       1.1358965035871460e+00, 1.7879677659953055e+00,
       1.8975187765124963e+00, 2.0216849929834875e+00,
       1.7312335918150485e+00, 1.6995448761752685e+00,
       3.0491972438053474e+00, 1.2839057565484298e+00,
       2.6654823937062448e+00, 1.7237579420215390e+00,
       1.8780520897714830e+00, 1.3840430221072662e+00,
       4.4371997715790296e-01, 1.4306804760821286e+00,
       9.9039569041352649e-01, 3.7257282489105061e+00,
       1.0177685257268161e+00, 2.5884978653192814e+00,
       1.3412770426351717e+00, 2.2353338370445566e+00,
       1.4927741467741620e+00, 4.1328452345543604e-01,
       1.2979643326751882e+00, 1.0231867808722921e+00,
       3.7529244524343190e+00, 1.0748384082018663e+00,
       2.7334989718725140e+00, 1.1982998777341829e+00,
       1.7856901974677031e+00 ]
intactSigma:
   - !!opencv-matrix
      rows: 9
      cols: 9
      dt: d
      data: [ 4.8020262918338281e-02, 3.1707720911545905e-03,
          8.5990065886546851e-03, 1.5378279466049416e-03,
          6.9787994939398464e-03, 5.2174179521817759e-04,
          -5.8707651558720531e-03, 2.1105721161690880e-03,
          -1.7497417711399409e-03, 3.1707720911545905e-03,
          4.4200472393362260e-03, 6.6510009496165597e-03,
          2.1274321865818726e-03, 2.0347924457466424e-03,
          8.9729035694501675e-04, 5.0599678147093677e-04,
          1.8562642091178479e-03, -6.5192067707562436e-04,
          8.5990065886546851e-03, 6.6510009496165597e-03,
          7.2369655399063454e-02, -5.1622465262435280e-04,
          4.4522112990042721e-03, 1.0347674167087116e-03,
          2.8199032870565651e-03, 5.1697422319755435e-03,
          -2.6771278088353503e-03, 1.5378279466049423e-03,
          2.1274321865818726e-03, -5.1622465262435248e-04,
          3.1798077286107625e-02, 9.4812771513595555e-04,
          -3.7139024826483629e-03, 7.2312491858699240e-04,
          2.1907206588059622e-03, -4.6099092929053085e-04,
          6.9787994939398464e-03, 2.0347924457466424e-03,
          4.4522112990042712e-03, 9.4812771513595544e-04,
          6.9693725259135381e-03, -1.9132896294434903e-03,
          -6.1253689488803738e-04, 5.0988830681969910e-04,
          -1.1284557294146290e-03, 5.2174179521817738e-04,
          8.9729035694501697e-04, 1.0347674167087129e-03,
          -3.7139024826483616e-03, -1.9132896294434909e-03,
          1.1402779528148974e-01, -3.5352138997516379e-04,
          2.4318354763019656e-03, 2.2363912008679346e-04,
          -5.8707651558720531e-03, 5.0599678147093688e-04,
          2.8199032870565664e-03, 7.2312491858699240e-04,
          -6.1253689488803738e-04, -3.5352138997516369e-04,
          6.7731118513702894e-03, -2.4697427989094360e-04,
          -4.0543845033978710e-04, 2.1105721161690876e-03,
          1.8562642091178477e-03, 5.1697422319755453e-03,
          2.1907206588059626e-03, 5.0988830681969921e-04,
          2.4318354763019647e-03, -2.4697427989094382e-04,
          2.9757892491645063e-02, -2.1444480346835917e-03,
          -1.7497417711399403e-03, -6.5192067707562425e-04,
          -2.6771278088353503e-03, -4.6099092929053085e-04,
          -1.1284557294146290e-03, 2.2363912008679319e-04,
          -4.0543845033978726e-04, -2.1444480346835913e-03,
          5.5370483926465526e-03 ]
   - !!opencv-matrix
      rows: 9
      cols: 9
      dt: d
      data: [ 8.3823554564527045e-02, 2.5974233740107669e-02,
          3.6186695894348260e-02, 1.6238013437656709e-02,
          3.8214077811005331e-02, 1.0169028143798829e-04,
          1.8349656142913544e-02, 8.1692261887113815e-03,
          3.5947541222651220e-03, 2.5974233740107669e-02,
          1.6317808398590539e-02, 1.9740061527921040e-02,
          9.0473487117270334e-03, 1.7752611431654169e-02,
          1.4377265680479002e-03, 8.6728049041370058e-03,
          5.2652029439004145e-03, 1.8042416959445093e-03,
          3.6186695894348260e-02, 1.9740061527921040e-02,
          8.6547901957380977e-02, 1.0422150008745865e-02,
          2.4076158694757707e-02, 3.8728383801449858e-03,
          1.8903962957417739e-02, 7.6323993544687337e-03,
          2.0610669686247154e-03, 1.6238013437656709e-02,
          9.0473487117270334e-03, 1.0422150008745865e-02,
          5.9967080333447761e-02, 2.9650525445394652e-02,
          2.2255096711197007e-03, 6.0404941560528932e-03,
          4.5948793224252684e-03, 2.8978510852523446e-03,
          3.8214077811005331e-02, 1.7752611431654169e-02,
          2.4076158694757707e-02, 2.9650525445394652e-02,
          1.7787344335612743e-01, -1.8974755331644265e-03,
          2.0075099829279047e-02, 2.8726950371446161e-03,
          7.4044517270363316e-03, 1.0169028143798853e-04,
          1.4377265680479002e-03, 3.8728383801449849e-03,
          2.2255096711196994e-03, -1.8974755331644269e-03,
          2.4592265041395226e-02, 2.6328212139617576e-03,
          2.1673677601426124e-04, 2.7340730644986812e-04,
          1.8349656142913544e-02, 8.6728049041370076e-03,
          1.8903962957417739e-02, 6.0404941560528932e-03,
          2.0075099829279047e-02, 2.6328212139617585e-03,
          1.5022715188926036e-01, -5.0016760869367885e-03,
          2.5079104553745032e-03, 8.1692261887113815e-03,
          5.2652029439004145e-03, 7.6323993544687337e-03,
          4.5948793224252684e-03, 2.8726950371446144e-03,
          2.1673677601426135e-04, -5.0016760869367885e-03,
          1.3746473577045434e-02, -3.1642689162004616e-04,
          3.5947541222651216e-03, 1.8042416959445091e-03,
          2.0610669686247146e-03, 2.8978510852523446e-03,
          7.4044517270363298e-03, 2.7340730644986817e-04,
          2.5079104553745032e-03, -3.1642689162004605e-04,
          2.0369253489820041e-03 ]
   - !!opencv-matrix
      rows: 9
      cols: 9
      dt: d
      data: [ 4.5246894507022029e-01, 2.7506508338220031e-01,
          5.6144341874500084e-02, 3.5069414941985413e-02,
          1.4415319313739261e-01, 1.0038929075532201e-02,
          6.7832060669978836e-02, 5.6900544876802739e-02,
          3.1990125138425703e-02, 2.7506508338220031e-01,
          6.5335806123626483e-01, 5.2554937702660093e-02,
          1.0148190368751826e-01, 1.2167509345772112e-01,
          1.8697363978850880e-02, 4.2412120899921059e-02,
          1.4580156367349606e-01, -1.5251384634698845e-02,
          5.6144341874500084e-02, 5.2554937702660107e-02,
          1.4940437987940527e-01, 1.0395343634026971e-01,
          1.3494547485268019e-01, 3.3970626144353769e-02,
          8.2238643736792669e-02, 3.7758690874240781e-02,
          1.2666885874569858e-02, 3.5069414941985406e-02,
          1.0148190368751829e-01, 1.0395343634026971e-01,
          2.6934455709615723e-01, 1.8559788227084742e-01,
          1.9791024728532416e-02, 7.2440660239613625e-02,
          4.0564577081043385e-02, 1.9692487831655657e-03,
          1.4415319313739267e-01, 1.2167509345772114e-01,
          1.3494547485268019e-01, 1.8559788227084742e-01,
          6.6608076493225032e-01, -1.4495432556969372e-02,
          2.0712694668889128e-01, 2.2313492884216638e-02,
