%YAML:1.0
---
groups:
   - intact
   - CD19
   - blast
intactGmmnames:
   - "intact.656.0"
   - "intact.656.1"
   - "intact.656.2"
   - "intact.656.3"
   - "intact.656.4"
intactLabels:
   - FSC-A
   - SSC-A
   - CD20
   - CD10
   - CD45
   - CD34
   - SYTO41
   - CD19
   - CD38
intactMu: !!opencv-matrix
   rows: 5
   cols: 9
   dt: d
   data: [ 1.0080765394757747e+00, 3.2368796616639156e-01,
       1.0644694430096320e+00, 1.1089055362455005e+00,
       1.2619078191778446e+00, 1.0559413168942504e+00,
       2.3181686538217248e+00, 1.0138826728189108e+00,
       1.3872963066563206e+00, 1.5036409723220752e+00,
       9.8794782891002386e-01, 1.5190481775439073e+00,
       1.2197973735556744e+00, 3.4637846744429317e+00,
       1.1856479894655729e+00, 2.3671784346203602e+00,
       1.4380645555441489e+00, 1.9885199333122703e+00,
       2.3938688706370628e+00, 2.6180828247105845e+00,
       1.4584781094383963e+00, 2.2839762019172345e+00,
       2.6298837995877684e+00, 1.1814299212476762e+00,
       2.2693017304652496e+00, 1.8093800022588926e+00,
       1.5518170231970949e+00, 1.3329826081115139e+00,
       3.2466738725983496e-01, 1.1592003564211515e+00,
       1.0482758802040164e+00, 3.4330530994463166e+00,
       1.0088904968920356e+00, 2.2340629088478376e+00,
       1.0887184879222036e+00, 1.4605968507730218e+00,
       8.4241268085987642e-01, 2.1530731339015916e-01,
       1.0456970574743978e+00, 9.7047300802346603e-01,
       3.3557441906977430e+00, 9.9423842390098471e-01,
       2.4316285028924676e+00, 1.0117108649428814e+00,
       1.5142064233208059e+00 ]
intactSigma:
   - !!opencv-matrix
      rows: 9
      cols: 9
      dt: d
      data: [ 1.1927405238422630e-01, 2.0471752675957553e-02,
          2.0334062614273916e-02, 1.8744662941818126e-02,
          6.3505338270387259e-03, -2.2239445414872091e-04,
          -1.5089200432332993e-02, 1.3615752906977868e-02,
          2.7348983813432811e-03, 2.0471752675957553e-02,
          1.9993019870680990e-02, 1.8115306334361165e-02,
          1.3205178165014691e-02, 5.1936156277721654e-03,
          2.5904089481291444e-03, 9.0264842331619216e-03,
          1.1265798127594246e-02, 3.2662413453613151e-03,
          2.0334062614273909e-02, 1.8115306334361168e-02,
          8.7265822416920755e-02, 8.5924307430087065e-03,
          6.7034409287868848e-03, 3.5626555583535176e-03,
          1.6500352175231305e-02, 1.5839228979665752e-02,
          2.4563793885216808e-03, 1.8744662941818126e-02,
          1.3205178165014689e-02, 8.5924307430087082e-03,
          9.5814297564381326e-02, 7.3605796912758611e-03,
          2.7619717178367408e-03, 3.3313177184881590e-03,
          7.7598143737885464e-03, 3.4799692004142974e-03,
          6.3505338270387285e-03, 5.1936156277721662e-03,
          6.7034409287868848e-03, 7.3605796912758611e-03,
          5.8530834420206394e-02, -3.9500144391104260e-04,
          3.5265622773539033e-03, 8.2412366429532985e-04,
          2.0637461198189521e-03, -2.2239445414872112e-04,
          2.5904089481291444e-03, 3.5626555583535193e-03,
          2.7619717178367412e-03, -3.9500144391104325e-04,
          4.3514356374593569e-02, 1.6504911955328317e-03,
          1.6927316141005133e-03, 1.6974326452874448e-03,
          -1.5089200432332993e-02, 9.0264842331619216e-03,
          1.6500352175231305e-02, 3.3313177184881608e-03,
          3.5265622773539020e-03, 1.6504911955328313e-03,
          6.0210730728840214e-02, 3.4467519403529471e-03,
          1.6712222554209483e-03, 1.3615752906977868e-02,
          1.1265798127594246e-02, 1.5839228979665752e-02,
          7.7598143737885447e-03, 8.2412366429532985e-04,
          1.6927316141005125e-03, 3.4467519403529462e-03,
          4.5137449151683683e-02, -3.5865905236814855e-03,
          2.7348983813432811e-03, 3.2662413453613151e-03,
          2.4563793885216821e-03, 3.4799692004142974e-03,
          2.0637461198189525e-03, 1.6974326452874448e-03,
          1.6712222554209478e-03, -3.5865905236814851e-03,
          1.6347480445431349e-02 ]
   - !!opencv-matrix
      rows: 9
      cols: 9
      dt: d
      data: [ 3.6749648354327241e-01, 2.2224090725269433e-02,
          -2.8794607365278252e-02, 2.1243668862583318e-03,
          3.7367546013775586e-02, -3.0129690201053928e-02,
          -4.0999804538126822e-02, -1.0152530624520227e-02,
          1.2559909743013453e-01, 2.2224090725269426e-02,
          5.1367547019093107e-01, 2.1073840936471117e-01,
          1.0115621165674912e-01, -1.7167261181434908e-02,
          1.3927743510473603e-01, 5.9845182522868128e-02,
          2.1100302794798825e-01, -2.0964492398877463e-01,
          -2.8794607365278259e-02, 2.1073840936471117e-01,
          2.1900693320289349e-01, 5.4471884060019765e-02,
          -1.3500977313309032e-02, 8.2459965184036976e-02,
          3.9605700413239679e-02, 1.5448875700803397e-01,
          -1.5002032172361834e-01, 2.1243668862583336e-03,
          1.0115621165674912e-01, 5.4471884060019765e-02,
          9.4919196040784956e-02, -1.9478827094914150e-03,
          4.3593437963662586e-02, 2.6830421755265725e-02,
          5.1435183342184811e-02, -5.7863506173577724e-02,
          3.7367546013775593e-02, -1.7167261181434901e-02,
          -1.3500977313309032e-02, -1.9478827094914154e-03,
          2.6658083929168869e-02, -1.4400091963736199e-02,
          -4.4252023346909768e-03, -1.7477412125057046e-02,
          2.5518606505384470e-02, -3.0129690201053931e-02,
          1.3927743510473606e-01, 8.2459965184037004e-02,
          4.3593437963662586e-02, -1.4400091963736199e-02,
          2.4563303408782783e-01, 2.4709969303079376e-02,
          7.0630944281214678e-02, -7.2516866304022862e-02,
          -4.0999804538126815e-02, 5.9845182522868121e-02,
          3.9605700413239679e-02, 2.6830421755265725e-02,
          -4.4252023346909794e-03, 2.4709969303079372e-02,
          5.6503008081627434e-02, 2.8013797249099390e-02,
          -9.0532572021175414e-02, -1.0152530624520232e-02,
          2.1100302794798825e-01, 1.5448875700803399e-01,
          5.1435183342184811e-02, -1.7477412125057046e-02,
          7.0630944281214678e-02, 2.8013797249099390e-02,
          2.0765354532681812e-01, -1.2389767951993998e-01,
          1.2559909743013453e-01, -2.0964492398877463e-01,
          -1.5002032172361834e-01, -5.7863506173577724e-02,
          2.5518606505384459e-02, -7.2516866304022862e-02,
          -9.0532572021175428e-02, -1.2389767951993998e-01,
          4.7066205788887966e-01 ]
   - !!opencv-matrix
      rows: 9
      cols: 9
      dt: d
      data: [ 7.0983195737661686e-01, 4.1974404371965163e-01,
          -2.9263209498210315e-02, 2.0153823573972579e-01,
          2.9010620200745174e-01, -8.2947564658584452e-02,
          -2.5171601207981242e-02, 9.0036804400469669e-02,
          5.8965447698648595e-03, 4.1974404371965157e-01,
          1.3144414345045712e+00, -2.6734407840184816e-02,
          3.8355639868427188e-01, 4.0285171474150833e-01,
          -6.6847050862158877e-02, -5.6875332302348133e-02,
          2.6156087099319186e-01, -1.4531567599664541e-01,
          -2.9263209498210315e-02, -2.6734407840184802e-02,
          1.3880897541998871e-01, -9.0328374086102569e-03,
          -1.6574477392765800e-02, 5.6997723080607812e-02,
          3.5907923883501579e-02, 1.7029776885656950e-02,
          3.8827656158199580e-02, 2.0153823573972579e-01,
          3.8355639868427188e-01, -9.0328374086102552e-03,
          4.5785653820437738e-01, 3.3722124911285678e-01,
          -4.9332076918969778e-02, -2.0853124706814771e-02,
          9.5522430644841574e-02, -2.8752004858963773e-02,
          2.9010620200745169e-01, 4.0285171474150833e-01,
          -1.6574477392765807e-02, 3.3722124911285678e-01,
          4.6276890100963353e-01, -6.3252218031717766e-02,
          -1.4365233456471472e-02, 9.1831191568558929e-02,
