%YAML:1.0
---
groups:
   - intact
   - CD19
   - blast
intactGmmnames:
   - "intact.658.0"
   - "intact.658.1"
   - "intact.658.2"
   - "intact.658.3"
   - "intact.658.4"
intactLabels:
   - FSC-A
   - SSC-A
   - CD20
   - CD10
   - CD45
   - CD34
   - SYTO41
   - CD19
   - CD38
intactMu: !!opencv-matrix
   rows: 5
   cols: 9
   dt: d
   data: [ 1.2800380489382683e+00, 3.3142094642683367e-01,
       9.9929759188617562e-01, 9.0693645514449939e-01,
       3.5935255081479025e+00, 1.0439563868813968e+00,
       2.6403044099640272e+00, 1.1118400278529159e+00,
       1.9560963786312073e+00, 2.3774277454260173e+00,
       3.2921277549868142e+00, 1.2000214889490255e+00,
       2.5950394885571328e+00, 2.9715504593334523e+00,
       1.1270638536106754e+00, 2.8092885600875697e+00,
       1.7738431183590788e+00, 1.5601020907440204e+00,
       1.9130147743115182e+00, 1.4343068947920217e+00,
       1.4210746879073082e+00, 1.6006172325456882e+00,
       2.8945409491171463e+00, 1.4951608876575055e+00,
       2.7182241751035083e+00, 1.4704794821872083e+00,
       2.0434670243092672e+00, 2.7850371697978331e+00,
       3.0212362183901074e+00, 1.2559489685598897e+00,
       1.3437701076879434e+00, 2.9033194275996803e+00,
       1.1035606617093359e+00, 2.7629790163127539e+00,
       1.7452249702430818e+00, 1.6799473518063097e+00,
       1.0517848272490162e+00, 4.7653513489908267e-01,
       1.2242299077007248e+00, 1.0171549080540927e+00,
       1.3917750704398153e+00, 1.0430298886767833e+00,
       2.8904991064613887e+00, 1.1010338419873598e+00,
       1.4348706278396621e+00 ]
intactSigma:
   - !!opencv-matrix
      rows: 9
      cols: 9
      dt: d
      data: [ 9.5985150800463187e-02, 1.6048504210059114e-02,
          1.0219524140598591e-02, 2.5137418691604995e-03,
          1.7669231282953033e-02, 2.5618165266802365e-03,
          -2.1502084973945932e-02, 9.8434866194061880e-03,
          3.2602873151782235e-03, 1.6048504210059111e-02,
          1.3103120923369611e-02, 7.9201363840124030e-03,
          1.9745827221598496e-03, 7.7188355748360931e-03,
          5.2815125086370029e-04, -5.2212283916771669e-03,
          5.9110730826099607e-03, -5.1841371932248147e-04,
          1.0219524140598591e-02, 7.9201363840124030e-03,
          8.7817651480126033e-02, -3.7264771880838547e-03,
          4.9834332995762100e-03, 3.9982263249427655e-04,
          4.2173512642375153e-04, 4.1930887886883830e-03,
          -2.4305122607083510e-02, 2.5137418691604987e-03,
          1.9745827221598487e-03, -3.7264771880838538e-03,
          3.6635126667567589e-02, 1.3197892932836801e-03,
          -5.1144494981226959e-03, -8.6193717895476107e-04,
          6.8195941483828210e-04, -5.0466813191952040e-03,
          1.7669231282953033e-02, 7.7188355748360939e-03,
          4.9834332995762108e-03, 1.3197892932836810e-03,
          1.3167334418799975e-02, -1.0696351889839804e-03,
          -5.9451169701820071e-03, 3.6900543198551106e-03,
          -3.0718806833367018e-03, 2.5618165266802365e-03,
          5.2815125086369931e-04, 3.9982263249427601e-04,
          -5.1144494981226942e-03, -1.0696351889839808e-03,
          1.3190853699034127e-01, -2.6138177961574727e-04,
          1.5240727182553369e-03, 4.6214225401454562e-03,
          -2.1502084973945925e-02, -5.2212283916771669e-03,
          4.2173512642375196e-04, -8.6193717895476118e-04,
          -5.9451169701820079e-03, -2.6138177961574694e-04,
          2.1584791337062332e-02, -3.6396408598971999e-03,
          -7.2131243084999266e-03, 9.8434866194061880e-03,
          5.9110730826099607e-03, 4.1930887886883830e-03,
          6.8195941483828232e-04, 3.6900543198551106e-03,
          1.5240727182553369e-03, -3.6396408598971986e-03,
          3.6640177337468764e-02, -9.5089522692750825e-03,
          3.2602873151782227e-03, -5.1841371932248147e-04,
          -2.4305122607083514e-02, -5.0466813191952058e-03,
          -3.0718806833367027e-03, 4.6214225401454562e-03,
          -7.2131243084999266e-03, -9.5089522692750859e-03,
          2.4606135910604923e-01 ]
   - !!opencv-matrix
      rows: 9
      cols: 9
      dt: d
      data: [ 2.5614928048653218e-01, 1.2164847538649577e-01,
          1.9688173012576377e-02, -1.9530967700800886e-02,
          -1.2505245452171040e-02, 7.3832556948853914e-03,
          -1.4497699906278368e-03, 2.2145889516420231e-02,
          1.1021559551335941e-02, 1.2164847538649577e-01,
          3.7360716299300001e-01, 4.3563142814911353e-02,
          4.5366657413133421e-02, 2.4225624008948819e-02,
          9.5339986579935400e-03, -3.8200016621083100e-03,
          7.4024012772010900e-02, 1.5400355855906437e-02,
          1.9688173012576377e-02, 4.3563142814911360e-02,
          6.2828863562516976e-02, 3.5384241212367659e-03,
          2.1716222878371931e-03, 3.6312956571434379e-03,
          3.3859449487645270e-04, 9.7462798788566229e-03,
          3.9291701989727151e-03, -1.9530967700800879e-02,
          4.5366657413133400e-02, 3.5384241212367651e-03,
          1.1351921409398966e-01, 3.3151160817067107e-02,
          2.4758551216194054e-03, -5.6054142985675348e-03,
          1.0640277466949262e-02, -2.2560894345216188e-04,
          -1.2505245452171040e-02, 2.4225624008948819e-02,
          2.1716222878371931e-03, 3.3151160817067107e-02,
          3.6048255746682557e-02, 5.3828879808872330e-04,
          -5.5829136484286017e-03, 5.8068456495559842e-03,
          -2.2953600867126629e-03, 7.3832556948853914e-03,
          9.5339986579935400e-03, 3.6312956571434387e-03,
          2.4758551216194071e-03, 5.3828879808872352e-04,
          7.8093778270383302e-02, -5.3579850285417408e-04,
          2.1159233439685845e-03, 3.9416829361039671e-03,
          -1.4497699906278370e-03, -3.8200016621083100e-03,
          3.3859449487645292e-04, -5.6054142985675331e-03,
          -5.5829136484286000e-03, -5.3579850285417430e-04,
          1.8625641265654930e-02, -2.6172571484088824e-03,
          -1.3785063041321865e-03, 2.2145889516420231e-02,
          7.4024012772010900e-02, 9.7462798788566247e-03,
          1.0640277466949262e-02, 5.8068456495559834e-03,
          2.1159233439685832e-03, -2.6172571484088824e-03,
          3.4046751537372980e-02, -5.8466393137437539e-03,
          1.1021559551335941e-02, 1.5400355855906451e-02,
          3.9291701989727160e-03, -2.2560894345216128e-04,
          -2.2953600867126633e-03, 3.9416829361039671e-03,
          -1.3785063041321869e-03, -5.8466393137437539e-03,
          8.5212071649181986e-02 ]
   - !!opencv-matrix
      rows: 9
      cols: 9
      dt: d
      data: [ 5.8467539636348209e-01, 3.5236469046978364e-01,
          1.1196138819993426e-01, 1.6515190793374063e-02,
          1.4629257377515770e-01, 5.0393156650845219e-02,
          4.3030895270183001e-02, 9.0064224745796687e-02,
          1.2618800085741186e-01, 3.5236469046978364e-01,
          8.5793132566523367e-01, 1.6051050353986338e-01,
          1.0840109747511481e-01, 3.5959887735012991e-02,
          3.3332481806643562e-02, 9.5065078900217898e-02,
          2.2637986767515544e-01, 3.8043634849463125e-02,
          1.1196138819993424e-01, 1.6051050353986338e-01,
          2.8291249858492623e-01, 1.3706471268188469e-01,
          -7.5398941694503702e-02, 7.0855160451714097e-02,
          8.0384085256851562e-02, 1.1420275830154505e-01,
          -9.2937521097745026e-03, 1.6515190793374060e-02,
          1.0840109747511482e-01, 1.3706471268188469e-01,
          5.5362497304142777e-01, 6.9109818451664667e-02,
          5.4398405437378422e-02, 1.7346038431316005e-02,
          9.5429676218678053e-02, -6.8288947922638704e-02,
          1.4629257377515775e-01, 3.5959887735012991e-02,
          -7.5398941694503702e-02, 6.9109818451664695e-02,
          7.6273335903676764e-01, 5.4795277394117541e-02,
