%YAML:1.0
---
groups:
   - intact
   - CD19
   - blast
intactGmmnames:
   - "intact.659.0"
   - "intact.659.1"
   - "intact.659.2"
   - "intact.659.3"
   - "intact.659.4"
intactLabels:
   - FSC-A
   - SSC-A
   - CD20
   - CD10
   - CD45
   - CD34
   - SYTO41
   - CD19
   - CD38
intactMu: !!opencv-matrix
   rows: 5
   cols: 9
   dt: d
   data: [ 2.4495236243124823e+00, 1.8659017085968963e+00,
       1.5518915687413715e+00, 1.5819059428613313e+00,
       3.2644919996664856e+00, 1.3595973102099297e+00,
       2.6151384504734310e+00, 1.6738030739488818e+00,
       1.8757635100199317e+00, 1.4290089363043463e+00,
       2.9400577215612428e-01, 1.0364781531868223e+00,
       1.0316249605835197e+00, 3.4511338230551543e+00,
       1.0443452966144333e+00, 2.4918535020368209e+00,
       1.1395736924300235e+00, 1.8275974187730319e+00,
       8.9584898057729290e-01, 3.2739457755583889e-01,
       1.0573171859415325e+00, 1.0674588238300446e+00,
       1.2708949663363487e+00, 1.0402028565719614e+00,
       2.7776931590618359e+00, 1.0951565342033325e+00,
       1.7543874085086151e+00, 1.8855638542788444e+00,
       1.9478908788910327e+00, 1.6968074320867537e+00,
       1.2819760785856182e+00, 1.4148992321634710e+00,
       1.3174942612994416e+00, 2.4304305562671575e+00,
       1.6223575237182970e+00, 1.7374468456376009e+00,
       1.9979887254958304e+00, 5.7608924976946552e-01,
       1.1229185219240039e+00, 1.0375155151325561e+00,
       3.5513455057026269e+00, 1.0571484553614900e+00,
       2.4327387839121437e+00, 1.2179959156683848e+00,
       2.3821667427118207e+00 ]
intactSigma:
   - !!opencv-matrix
      rows: 9
      cols: 9
      dt: d
      data: [ 6.4781646243724389e-01, 4.2792877479248576e-01,
          2.8191993833944280e-02, 2.1068673173189927e-02,
          -1.0841602803829264e-02, 1.7966999352137303e-02,
          2.9713467370899686e-02, 7.3296925713323441e-02,
          3.3629210947728666e-02, 4.2792877479248576e-01,
          8.0055409597518590e-01, 6.1481649730312338e-02,
          2.5512176372581831e-02, -2.0271199538224739e-02,
          -5.3386439954796689e-03, 6.5134940562764115e-02,
          1.4003599198785877e-01, 3.0725018337502279e-02,
          2.8191993833944280e-02, 6.1481649730312338e-02,
          1.7167359040511723e-01, 4.7559378550625753e-02,
          1.9569123810479046e-02, 5.7202511910038382e-02,
          1.7095183440420891e-02, 8.8466976345063189e-02,
          9.3691037624621908e-03, 2.1068673173189931e-02,
          2.5512176372581831e-02, 4.7559378550625760e-02,
          2.7145297639818761e-01, 1.0548211470761482e-03,
          1.0768119094243724e-01, 6.3405667235157132e-03,
          4.5892781646388561e-02, -8.3497271054117309e-03,
          -1.0841602803829264e-02, -2.0271199538224739e-02,
          1.9569123810479046e-02, 1.0548211470761482e-03,
          6.8789534253376444e-02, 1.4139719044221542e-02,
          -7.1341659740692155e-03, 9.5860374602201696e-03,
          4.8719753237339986e-03, 1.7966999352137303e-02,
          -5.3386439954796715e-03, 5.7202511910038382e-02,
          1.0768119094243724e-01, 1.4139719044221543e-02,
          2.6488622075756030e-01, 5.8773224512760200e-03,
          3.2573980284900425e-02, 5.5466461132358908e-03,
          2.9713467370899686e-02, 6.5134940562764115e-02,
          1.7095183440420884e-02, 6.3405667235157158e-03,
          -7.1341659740692155e-03, 5.8773224512760191e-03,
          6.3427689027471285e-02, 9.3477954142105434e-03,
          4.2408130375419153e-03, 7.3296925713323441e-02,
          1.4003599198785877e-01, 8.8466976345063217e-02,
          4.5892781646388554e-02, 9.5860374602201662e-03,
          3.2573980284900432e-02, 9.3477954142105434e-03,
          1.1995382439555570e-01, 4.0377331764882450e-03,
          3.3629210947728666e-02, 3.0725018337502279e-02,
          9.3691037624621942e-03, -8.3497271054117309e-03,
          4.8719753237339968e-03, 5.5466461132358865e-03,
          4.2408130375419153e-03, 4.0377331764882450e-03,
          3.9930704459294898e-02 ]
   - !!opencv-matrix
      rows: 9
      cols: 9
      dt: d
      data: [ 1.5521548091806164e-01, 1.9625737546211199e-02,
          1.6654024507487090e-02, 2.0125045561347073e-03,
          2.6743500605349382e-02, -2.5354865511197605e-03,
          -3.9553786006720590e-02, 6.4237252903646715e-03,
          -3.0081411715892820e-03, 1.9625737546211199e-02,
          1.1819289274399429e-02, 1.0703056998610204e-02,
          2.0592755308785826e-03, 8.6253952870816823e-03,
          -1.7583637158453581e-08, -5.3142227976302452e-03,
          4.2092526397708874e-03, -9.7426666982361975e-04,
          1.6654024507487087e-02, 1.0703056998610202e-02,
          7.5518851285878610e-02, -4.3795877538028646e-04,
          9.2954339371798863e-03, 6.3220606372726095e-04,
          -1.1967628148805511e-03, 4.4400510973774182e-03,
          -2.1093599371860097e-03, 2.0125045561347078e-03,
          2.0592755308785826e-03, -4.3795877538028630e-04,
          1.5007306592076240e-02, 1.3314782587447232e-03,
          -2.0380788531027022e-03, 1.7936239978548068e-04,
          6.3073589674217292e-04, -4.1613104049652126e-04,
          2.6743500605349382e-02, 8.6253952870816823e-03,
          9.2954339371798863e-03, 1.3314782587447224e-03,
          1.7318826523052271e-02, -1.6750836564981087e-03,
          -7.8085567015384527e-03, 2.7086433096490310e-03,
          -4.9803964486931575e-04, -2.5354865511197583e-03,
          -1.7583637158701348e-08, 6.3220606372726322e-04,
          -2.0380788531027014e-03, -1.6750836564981084e-03,
          1.2041294827924068e-01, 1.0278310683557509e-04,
          1.7660102085034978e-03, 7.0483824493269604e-04,
          -3.9553786006720590e-02, -5.3142227976302452e-03,
          -1.1967628148805514e-03, 1.7936239978548068e-04,
          -7.8085567015384544e-03, 1.0278310683557513e-04,
          2.3996492432041831e-02, -1.9896275039650128e-03,
          4.7603227332307163e-04, 6.4237252903646706e-03,
          4.2092526397708874e-03, 4.4400510973774182e-03,
          6.3073589674217270e-04, 2.7086433096490301e-03,
          1.7660102085034991e-03, -1.9896275039650137e-03,
          2.2372249912231183e-02, -1.9626551043062062e-03,
          -3.0081411715892820e-03, -9.7426666982361996e-04,
          -2.1093599371860097e-03, -4.1613104049652126e-04,
          -4.9803964486931575e-04, 7.0483824493269625e-04,
          4.7603227332307195e-04, -1.9626551043062062e-03,
          6.8341242716593118e-03 ]
   - !!opencv-matrix
      rows: 9
      cols: 9
      dt: d
      data: [ 6.5558562306794105e-02, 1.7898544364420715e-02,
          2.0092033876648409e-02, 3.4039974943737869e-03,
          9.5846784947662429e-03, 3.5978156944833297e-03,
          -1.0534558957160055e-02, 6.9675452113761105e-03,
          8.2045085705738206e-05, 1.7898544364420715e-02,
          2.3194507162587308e-02, 2.7149120806152366e-02,
          6.6819802508823051e-03, 6.1472983699926665e-03,
          2.5361144794883209e-03, 5.9415142680036906e-03,
          7.7170298418797467e-03, 1.4852192756882054e-04,
          2.0092033876648409e-02, 2.7149120806152366e-02,
          1.1072463273252441e-01, 1.0400748573093295e-02,
          4.1465425848202474e-03, 3.4952085574554673e-03,
          5.5205012690880901e-03, 1.1884742850062979e-02,
          -1.9408188377848903e-04, 3.4039974943737878e-03,
          6.6819802508823051e-03, 1.0400748573093296e-02,
          1.8883682950769455e-02, 1.9039779140454516e-03,
          1.5119884800617240e-04, 3.7990381544564120e-04,
          3.5921778983400805e-03, 1.9119805062471564e-04,
          9.5846784947662376e-03, 6.1472983699926648e-03,
          4.1465425848202465e-03, 1.9039779140454516e-03,
          5.4502087310656450e-02, -3.2899461043018187e-04,
          1.4675132081387193e-03, 1.7005224709893099e-03,
