%YAML:1.0
---
groups:
   - intact
   - CD19
intactGmmnames:
   - "intact.660.0"
   - "intact.660.1"
   - "intact.660.2"
   - "intact.660.3"
   - "intact.660.4"
intactLabels:
   - FSC-A
   - SSC-A
   - CD20
   - CD10
   - CD45
   - CD34
   - SYTO41
   - CD19
   - CD38
intactMu: !!opencv-matrix
   rows: 5
   cols: 9
   dt: d
   data: [ 1.8234868312869983e+00, 5.0648735729961059e-01,
       1.0491067751209462e+00, 9.2106491093377962e-01,
       3.5518738392094971e+00, 1.0665698374318424e+00,
       3.0096550158494173e+00, 1.1011093760299202e+00,
       1.7993816241827345e+00, 2.8219027073395142e+00,
       3.6762667217265994e+00, 1.2227429630532811e+00,
       2.2241481657320405e+00, 2.7451197832766137e+00,
       1.0868374776907337e+00, 3.3740752782678660e+00,
       1.7044775305007078e+00, 1.7198007110242899e+00,
       1.6979528082780622e+00, 1.5548458557354647e+00,
       1.2328689870723393e+00, 1.1650273051289621e+00,
       1.5247229835943750e+00, 1.2632814817569880e+00,
       2.7789952347772227e+00, 1.3449200860550101e+00,
       1.6627725370946618e+00, 2.0543950358383047e+00,
       1.2770080880056431e+00, 1.2997905353731090e+00,
       1.1349865340562397e+00, 3.5023782472654599e+00,
       1.2302632460080887e+00, 3.1221142745212300e+00,
       1.4226170504521058e+00, 2.3818515911244837e+00,
       1.3041897213855713e+00, 3.1482776636935539e-01,
       9.5901539210473941e-01, 8.7295774971749396e-01,
       3.5402280613396462e+00, 1.0668969756598212e+00,
       3.3317449476637182e+00, 9.3312398136302233e-01,
       1.7990684223037230e+00 ]
intactSigma:
   - !!opencv-matrix
      rows: 9
      cols: 9
      dt: d
      data: [ 1.3598838281034772e-01, -1.1565130504225958e-02,
          -6.2847314047230650e-03, 2.2294589286238238e-03,
          -2.8417672943761078e-02, -1.9247964941573503e-03,
          -3.4010245576008749e-02, 1.0727266535096420e-03,
          -5.5039861528194730e-03, -1.1565130504225958e-02,
          3.5986243562043115e-02, 1.8686846682526220e-02,
          9.6223538452163693e-03, 4.0483819052516627e-02,
          4.0629970082731049e-03, -1.2204185108476756e-02,
          2.0200259948015803e-02, 6.7812988627877456e-03,
          -6.2847314047230641e-03, 1.8686846682526220e-02,
          7.5701787535129753e-02, -2.5126347069189896e-03,
          1.8795690769343672e-02, 5.3943004576993388e-03,
          -1.8088282683776525e-03, 8.5888558975363346e-03,
          6.4670121116756104e-04, 2.2294589286238238e-03,
          9.6223538452163693e-03, -2.5126347069189909e-03,
          4.5589371526468671e-02, 8.8954769534066221e-03,
          -6.7839044824255000e-03, -6.8575381134239185e-03,
          6.1576556171618162e-03, 8.1355378647539973e-04,
          -2.8417672943761071e-02, 4.0483819052516634e-02,
          1.8795690769343672e-02, 8.8954769534066221e-03,
          9.9295160112589251e-02, 2.1213130735724442e-03,
          -2.1084184858974710e-02, 3.2817273482809849e-02,
          1.6103782638403424e-02, -1.9247964941573534e-03,
          4.0629970082731032e-03, 5.3943004576993379e-03,
          -6.7839044824255035e-03, 2.1213130735724442e-03,
          1.4593356395928836e-01, -1.8289109784455388e-04,
          1.0852066469963476e-03, 5.4510259507711987e-03,
          -3.4010245576008749e-02, -1.2204185108476756e-02,
          -1.8088282683776540e-03, -6.8575381134239203e-03,
          -2.1084184858974710e-02, -1.8289109784455437e-04,
          8.1859116946649740e-02, -2.6333303232505528e-02,
          -3.7900978592539545e-03, 1.0727266535096411e-03,
          2.0200259948015799e-02, 8.5888558975363329e-03,
          6.1576556171618136e-03, 3.2817273482809856e-02,
          1.0852066469963465e-03, -2.6333303232505528e-02,
          7.0474700056531545e-02, 5.2487483232402409e-04,
          -5.5039861528194747e-03, 6.7812988627877456e-03,
          6.4670121116756180e-04, 8.1355378647540017e-04,
          1.6103782638403421e-02, 5.4510259507712005e-03,
          -3.7900978592539537e-03, 5.2487483232402387e-04,
          2.9551975613113037e-02 ]
   - !!opencv-matrix
      rows: 9
      cols: 9
      dt: d
      data: [ 3.3964009764650077e-01, 8.5559231037597036e-02,
          1.4832395716534262e-02, -4.8849251557996777e-02,
          -2.3510255184112327e-02, -1.6672722213185061e-03,
          -1.1417901508609461e-02, 2.1063750423089486e-02,
          2.2675058784346817e-03, 8.5559231037597036e-02,
          2.4422240614498331e-01, 2.5092317382285564e-02,
          3.2188152866629051e-02, 1.3377722503944879e-02,
          8.6536191164902074e-04, -1.9317957675774811e-02,
          5.8321824952627936e-02, -2.2537762199836739e-03,
          1.4832395716534262e-02, 2.5092317382285564e-02,
          6.1226342733466020e-02, -8.8262848612238615e-05,
          8.1812781007950378e-04, 2.6364659806337046e-03,
          3.8816411051582162e-04, 6.8035342662016675e-03,
          4.3858552952147757e-04, -4.8849251557996784e-02,
          3.2188152866629051e-02, -8.8262848612237965e-05,
          1.6446248645348382e-01, 5.2704089283577317e-02,
          5.1399035266970795e-05, -2.1067397038029165e-02,
          1.3890889135061807e-02, -1.7807766565772613e-03,
          -2.3510255184112327e-02, 1.3377722503944877e-02,
          8.1812781007950335e-04, 5.2704089283577324e-02,
          5.6645137907753523e-02, -2.1221213091780632e-03,
          -1.0478500528069139e-02, 5.1498346874691518e-03,
          -7.9346337360184629e-04, -1.6672722213185069e-03,
          8.6536191164902096e-04, 2.6364659806337029e-03,
          5.1399035266969880e-05, -2.1221213091780640e-03,
          6.4878009025458747e-02, 6.2923492675457640e-04,
          2.8672603956359319e-03, 2.0204073568853026e-04,
          -1.1417901508609463e-02, -1.9317957675774804e-02,
          3.8816411051582173e-04, -2.1067397038029165e-02,
          -1.0478500528069140e-02, 6.2923492675457651e-04,
          5.4703420785625269e-02, -1.8929276985178413e-02,
          1.5773737358853702e-03, 2.1063750423089486e-02,
          5.8321824952627936e-02, 6.8035342662016675e-03,
          1.3890889135061811e-02, 5.1498346874691518e-03,
          2.8672603956359319e-03, -1.8929276985178413e-02,
          4.6700570665871570e-02, -4.8432304570151016e-03,
          2.2675058784346804e-03, -2.2537762199836739e-03,
          4.3858552952147768e-04, -1.7807766565772602e-03,
          -7.9346337360184651e-04, 2.0204073568852999e-04,
          1.5773737358853698e-03, -4.8432304570151024e-03,
          7.8522851693955693e-03 ]
   - !!opencv-matrix
      rows: 9
      cols: 9
      dt: d
      data: [ 5.8345872501920881e-01, 3.1030941978708337e-01,
          2.9368480323987617e-02, 3.3707012133634695e-02,
          8.8413596516421413e-03, 8.4931070900706972e-03,
          -8.3783971372063462e-02, 1.0972365405579738e-01,
          -8.9338730080905475e-03, 3.1030941978708332e-01,
          1.2815424981124597e+00, 1.5806463142030008e-01,
          1.1804154738853725e-01, 9.1438946226083478e-02,
          1.3207879328547373e-01, -1.5151010814655183e-01,
          3.9460040882206493e-01, -2.3357186673428888e-02,
          2.9368480323987620e-02, 1.5806463142030008e-01,
          1.9881670071465221e-01, 8.0847180648452296e-02,
          6.9457114384605584e-02, 7.8096371957324134e-02,
          3.9037248337085058e-02, 6.4479645955317064e-02,
          8.3114997430626929e-03, 3.3707012133634695e-02,
          1.1804154738853723e-01, 8.0847180648452296e-02,
          1.6590432478040593e-01, 4.5830449857726600e-02,
          3.9213976675044324e-02, 3.0102254857897005e-02,
          4.8952541977389442e-02, 4.5260778911577690e-03,
          8.8413596516421413e-03, 9.1438946226083451e-02,
          6.9457114384605584e-02, 4.5830449857726600e-02,
          2.1518407647620538e-01, 1.0852605723981829e-01,
          -1.5817810179882718e-02, 3.7475458970535294e-02,
