%YAML:1.0
---
groups:
   - intact
   - CD19
   - blast
intactGmmnames:
   - "intact.664.0"
   - "intact.664.1"
   - "intact.664.2"
   - "intact.664.3"
   - "intact.664.4"
intactLabels:
   - FSC-A
   - SSC-A
   - CD20
   - CD10
   - CD45
   - CD34
   - SYTO41
   - CD19
   - CD38
intactMu: !!opencv-matrix
   rows: 5
   cols: 9
   dt: d
   data: [ 9.5772221317183281e-01, 2.8849025739565570e-01,
       7.8003451690931602e-01, 8.7980911619422830e-01,
       3.5275001614209325e+00, 1.0550734125526151e+00,
       4.0770932009366518e+00, 8.9920224666546245e-01,
       1.8024827019461178e+00, 2.4045447953345893e+00,
       3.3016732023920179e+00, 1.1950629739959120e+00,
       2.1642847330399402e+00, 2.8176264095281862e+00,
       1.1061414016635300e+00, 4.0083101101724861e+00,
       1.3463958653840862e+00, 1.7287361010594824e+00,
       9.2966480622332648e-01, 5.1833031423750875e-01,
       1.0929336334789743e+00, 1.0636997744525540e+00,
       1.2951155843249464e+00, 1.0699830947151947e+00,
       4.0790598860552096e+00, 8.5299938840758294e-01,
       1.7324010614804939e+00, 1.6798175067485612e+00,
       1.7289317081241276e+00, 1.5265152779034441e+00,
       1.3898002815834416e+00, 2.7013889193450544e+00,
       1.4259346458882327e+00, 3.8043013529733671e+00,
       1.3232571893934773e+00, 2.0445260243115384e+00,
       1.3860370896203345e+00, 5.7313338948581638e-01,
       9.3905536727250816e-01, 9.8725886070925284e-01,
       3.6667585143717805e+00, 1.0845712015813738e+00,
       3.6977624159647968e+00, 1.1553380649871166e+00,
       2.2579313233714289e+00 ]
intactSigma:
   - !!opencv-matrix
      rows: 9
      cols: 9
      dt: d
      data: [ 6.3910843731576072e-02, 9.1247369185404586e-03,
          2.5034729850385393e-02, 1.6187321562624202e-02,
          2.0324922386542182e-02, 1.3048091785142970e-03,
          -3.5923172152922803e-02, 3.3818015295502192e-02,
          -1.0111935713964446e-02, 9.1247369185404586e-03,
          9.9556820578460929e-03, 1.1093634659489664e-02,
          3.7190873080541983e-03, 5.1980588350702484e-03,
          1.0222540253506651e-04, -6.1815354887777198e-03,
          6.6940211321959934e-03, -3.1687733094473100e-03,
          2.5034729850385389e-02, 1.1093634659489664e-02,
          1.1894287390169113e-01, 6.6774845657090950e-03,
          1.2233847402881901e-02, -8.3909314087707049e-04,
          -1.9468238896235647e-02, 1.9905688909962711e-02,
          -1.1143424334415746e-02, 1.6187321562624202e-02,
          3.7190873080541987e-03, 6.6774845657090950e-03,
          1.7466991403288230e-02, 7.5310279453852484e-03,
          -4.0016658213295839e-03, -1.6307030949807309e-02,
          1.5028582767662708e-02, -4.1842753549915963e-03,
          2.0324922386542182e-02, 5.1980588350702484e-03,
          1.2233847402881901e-02, 7.5310279453852484e-03,
          1.6610457135504596e-02, -2.1716966112289202e-03,
          -1.4601143059247682e-02, 1.4323084033510573e-02,
          -4.9641987531712966e-03, 1.3048091785142968e-03,
          1.0222540253506643e-04, -8.3909314087707190e-04,
          -4.0016658213295839e-03, -2.1716966112289193e-03,
          1.3319562714259414e-01, 8.3346886368676726e-04,
          -2.7258421035222856e-04, 1.8305915048746069e-03,
          -3.5923172152922803e-02, -6.1815354887777198e-03,
          -1.9468238896235644e-02, -1.6307030949807306e-02,
          -1.4601143059247682e-02, 8.3346886368676791e-04,
          3.8413005976228709e-02, -3.4413406900788368e-02,
          7.7773629454553038e-03, 3.3818015295502192e-02,
          6.6940211321959934e-03, 1.9905688909962711e-02,
          1.5028582767662708e-02, 1.4323084033510573e-02,
          -2.7258421035222856e-04, -3.4413406900788368e-02,
          3.6892889229533765e-02, -8.4382804083556247e-03,
          -1.0111935713964449e-02, -3.1687733094473100e-03,
          -1.1143424334415742e-02, -4.1842753549915963e-03,
          -4.9641987531712966e-03, 1.8305915048746064e-03,
          7.7773629454553038e-03, -8.4382804083556230e-03,
          2.2823158033790376e-02 ]
   - !!opencv-matrix
      rows: 9
      cols: 9
      dt: d
      data: [ 2.3934769264752342e-01, 1.3787957822598379e-01,
          4.1313468328211804e-02, -6.1817310818217494e-02,
          -2.5611718667405466e-02, 7.1950622047893169e-03,
          -8.4367107288055767e-03, 2.9555239214430852e-02,
          3.9278465486815451e-03, 1.3787957822598382e-01,
          4.1309525028945254e-01, 7.1883402084038470e-02,
          7.6407528363931373e-02, 2.1448524014175501e-02,
          7.8046485594076061e-03, -3.9376444118258809e-02,
          9.2869410636072444e-02, -2.5249322665870841e-04,
          4.1313468328211811e-02, 7.1883402084038456e-02,
          7.9153522795224460e-02, -3.0060588176863197e-04,
          -4.5003027748445498e-05, 3.4643556838172482e-03,
          -1.0869198181092455e-02, 2.0427680963515139e-02,
          5.2546816902114264e-04, -6.1817310818217494e-02,
          7.6407528363931360e-02, -3.0060588176863289e-04,
          2.3634221049224766e-01, 5.7156540792735279e-02,
          6.0371272836281110e-04, -2.3006587627927726e-02,
          2.9298665972257221e-02, -4.5592018229081111e-03,
          -2.5611718667405473e-02, 2.1448524014175505e-02,
          -4.5003027748446156e-05, 5.7156540792735279e-02,
          4.3892677690895325e-02, -1.2384006721020832e-03,
          -8.8218660205300978e-03, 1.0231272193724866e-02,
          -2.4373663537916495e-03, 7.1950622047893186e-03,
          7.8046485594076061e-03, 3.4643556838172473e-03,
          6.0371272836281034e-04, -1.2384006721020827e-03,
          6.7868719587301868e-02, 2.9458507485488329e-04,
          1.6506300102323180e-03, 7.7221418241993410e-04,
          -8.4367107288055750e-03, -3.9376444118258823e-02,
          -1.0869198181092452e-02, -2.3006587627927719e-02,
          -8.8218660205300978e-03, 2.9458507485488329e-04,
          5.1097961031406187e-02, -4.4392523539379766e-02,
          4.0872505720937124e-03, 2.9555239214430852e-02,
          9.2869410636072444e-02, 2.0427680963515139e-02,
          2.9298665972257221e-02, 1.0231272193724866e-02,
          1.6506300102323175e-03, -4.4392523539379766e-02,
          6.1473383909703944e-02, -6.1890811224129087e-03,
          3.9278465486815451e-03, -2.5249322665870825e-04,
          5.2546816902114286e-04, -4.5592018229081120e-03,
          -2.4373663537916486e-03, 7.7221418241993421e-04,
          4.0872505720937124e-03, -6.1890811224129087e-03,
          9.5857558838415811e-03 ]
   - !!opencv-matrix
      rows: 9
      cols: 9
      dt: d
      data: [ 9.5441343482486951e-02, 3.7972128946460001e-02,
          4.4526674354760105e-02, 2.3819190848663324e-02,
          4.2683791401500241e-02, 1.2527531208933642e-03,
          -1.1906199115970930e-02, 1.5192287724853230e-02,
          3.5007880344258449e-03, 3.7972128946460001e-02,
          3.9378689146923211e-02, 3.6298917661535056e-02,
          1.6475405946090097e-02, 2.9450231831663686e-02,
          2.7790521713952549e-03, -7.3027218785582824e-03,
          1.0451978426342065e-02, 3.2211020318600042e-03,
          4.4526674354760105e-02, 3.6298917661535056e-02,
          1.1610629574080922e-01, 1.8053297886388337e-02,
          2.8552762829046476e-02, 1.0967445309184518e-03,
          -1.8354489092699773e-02, 2.0287946208926697e-02,
          1.6326750679363548e-03, 2.3819190848663324e-02,
          1.6475405946090097e-02, 1.8053297886388337e-02,
          8.1174215104813735e-02, 4.0231390489695262e-02,
          2.4164961509058084e-03, -3.8773183849931260e-02,
          3.3292349626063221e-02, -3.7655709433507048e-04,
          4.2683791401500241e-02, 2.9450231831663686e-02,
          2.8552762829046476e-02, 4.0231390489695269e-02,
          1.4300073503757174e-01, -2.0412845978985072e-03,
