%YAML:1.0
---
groups:
   - intact
   - CD19
intactGmmnames:
   - "intact.666.0"
   - "intact.666.1"
   - "intact.666.2"
   - "intact.666.3"
   - "intact.666.4"
intactLabels:
   - FSC-A
   - SSC-A
   - CD20
   - CD10
   - CD45
   - CD34
   - SYTO41
   - CD19
   - CD38
intactMu: !!opencv-matrix
   rows: 5
   cols: 9
   dt: d
   data: [ 2.9018167523411331e+00, 2.6932006685010230e+00,
       1.2376047049897918e+00, 2.8455060365113671e+00,
       3.1290793708493334e+00, 1.1089338831898885e+00,
       3.2935567821588032e+00, 1.7043376766928313e+00,
       1.7961125955475847e+00, 1.3941773671330862e+00,
       3.4765829015953575e-01, 9.9678100466631592e-01,
       8.7491971232289723e-01, 3.7114079403043609e+00,
       1.0917717659609940e+00, 3.4216965510654078e+00,
       1.0692532710653639e+00, 2.1995320500661713e+00,
       2.0280550309148779e+00, 1.7059648254873221e+00,
       1.1877052107933328e+00, 1.7756939823933282e+00,
       2.0523345180042893e+00, 1.0926818503052158e+00,
       2.6539122767852352e+00, 1.5097408466811704e+00,
       1.5402881672801263e+00, 2.5716244571816693e+00,
       1.5887130687673412e+00, 1.4477937834509698e+00,
       1.3207019927794208e+00, 2.8922380291939418e+00,
       1.2759445220911076e+00, 3.4821239741385868e+00,
       1.3726128042397430e+00, 2.3640592878798783e+00,
       9.4712714348023275e-01, 2.3310466559738119e-01,
       8.4963503518583539e-01, 8.4800459272310380e-01,
       1.5013070528323684e+00, 1.0250904434639478e+00,
       3.6557124877769325e+00, 8.4626189408328767e-01,
       1.7724540737747332e+00 ]
intactSigma:
   - !!opencv-matrix
      rows: 9
      cols: 9
      dt: d
      data: [ 3.0311566978958882e-01, 1.6815993189567630e-01,
          3.2326419776880951e-02, -1.0923081996639796e-02,
          -1.1268358751605000e-02, 5.1164400977234932e-03,
          -3.9065755482404749e-02, 4.4270268672074058e-02,
          5.2047358219034483e-03, 1.6815993189567630e-01,
          3.1580112883201972e-01, 5.1158545948477158e-02,
          4.3675046163507175e-02, 2.0565854143066994e-02,
          8.3086557529315590e-03, -4.7080707312431837e-02,
          8.6441550828711203e-02, 5.9853620698367069e-03,
          3.2326419776880957e-02, 5.1158545948477172e-02,
          6.3277653957846167e-02, 9.0040528355042407e-03,
          5.0196935001217604e-03, 2.2417406567049329e-03,
          -6.7798233588016680e-03, 1.6236539866455200e-02,
          1.4164230119373148e-03, -1.0923081996639793e-02,
          4.3675046163507175e-02, 9.0040528355042442e-03,
          7.5957725347145039e-02, 2.2112957993842358e-02,
          2.5824592971625607e-03, -1.0745619503342995e-02,
          1.9574462609397037e-02, 2.2876693808433477e-03,
          -1.1268358751605000e-02, 2.0565854143066994e-02,
          5.0196935001217604e-03, 2.2112957993842358e-02,
          2.2232798081054040e-02, -1.2651500189175171e-04,
          -6.9436374756750028e-03, 1.0587133382832360e-02,
          -2.9448905552201536e-04, 5.1164400977234906e-03,
          8.3086557529315642e-03, 2.2417406567049321e-03,
          2.5824592971625607e-03, -1.2651500189175179e-04,
          8.9840123008880349e-02, 1.6188566386257902e-03,
          2.4650453282796078e-03, 3.0338459417682338e-04,
          -3.9065755482404749e-02, -4.7080707312431837e-02,
          -6.7798233588016680e-03, -1.0745619503342995e-02,
          -6.9436374756750045e-03, 1.6188566386257915e-03,
          6.6949815634997856e-02, -2.7856790090611580e-02,
          -2.4358937399702298e-03, 4.4270268672074058e-02,
          8.6441550828711203e-02, 1.6236539866455200e-02,
          1.9574462609397037e-02, 1.0587133382832360e-02,
          2.4650453282796078e-03, -2.7856790090611580e-02,
          4.8939199780619842e-02, -2.5956103039172203e-03,
          5.2047358219034483e-03, 5.9853620698367077e-03,
          1.4164230119373135e-03, 2.2876693808433477e-03,
          -2.9448905552201547e-04, 3.0338459417682349e-04,
          -2.4358937399702289e-03, -2.5956103039172199e-03,
          3.1763009715190971e-02 ]
   - !!opencv-matrix
      rows: 9
      cols: 9
      dt: d
      data: [ 9.7100554567148417e-02, 2.5288928581785074e-02,
          1.4440895144631760e-02, 8.5247144085231503e-03,
          1.5514326812046049e-02, -2.4935460476992573e-04,
          -3.7409516138754859e-02, 1.9810270960822225e-02,
          4.9536908252235494e-02, 2.5288928581785081e-02,
          2.0317184932288200e-02, 1.1346084781662810e-02,
          6.7770717989275482e-03, 9.9436189776899424e-03,
          2.6829910045108609e-03, -1.6549097628211645e-02,
          1.1752651001983435e-02, 3.6969799483750836e-02,
          1.4440895144631760e-02, 1.1346084781662807e-02,
          8.0257069115399066e-02, -1.9002202602446392e-03,
          5.9955374882835356e-03, 1.7638011947218465e-03,
          -7.0175979677482006e-03, 6.4055476841584479e-03,
          -3.1682204921542338e-03, 8.5247144085231503e-03,
          6.7770717989275482e-03, -1.9002202602446383e-03,
          4.1617821316262994e-02, 4.4469971997389297e-03,
          -8.4996208863620578e-03, -8.4369480139477229e-03,
          5.2373791992694060e-03, 1.4704450106264689e-02,
          1.5514326812046049e-02, 9.9436189776899424e-03,
          5.9955374882835356e-03, 4.4469971997389279e-03,
          1.3799501913485633e-02, -6.8289334732941497e-04,
          -1.1252977502345012e-02, 7.6678510633683998e-03,
          1.0837678300461876e-02, -2.4935460476992660e-04,
          2.6829910045108613e-03, 1.7638011947218458e-03,
          -8.4996208863620561e-03, -6.8289334732941432e-04,
          1.8834619030340732e-01, -8.6749082383583425e-04,
          5.4270036106305181e-03, 2.1937811591095022e-02,
          -3.7409516138754859e-02, -1.6549097628211645e-02,
          -7.0175979677482023e-03, -8.4369480139477229e-03,
          -1.1252977502345012e-02, -8.6749082383583359e-04,
          3.6739525309264151e-02, -1.6850383437364422e-02,
          -3.2362462219613274e-02, 1.9810270960822225e-02,
          1.1752651001983435e-02, 6.4055476841584479e-03,
          5.2373791992694060e-03, 7.6678510633683998e-03,
          5.4270036106305163e-03, -1.6850383437364422e-02,
          3.2055701850980389e-02, 1.8530496077793800e-02,
          4.9536908252235487e-02, 3.6969799483750836e-02,
          -3.1682204921542325e-03, 1.4704450106264692e-02,
          1.0837678300461876e-02, 2.1937811591095029e-02,
          -3.2362462219613274e-02, 1.8530496077793800e-02,
          3.0284649847353368e-01 ]
   - !!opencv-matrix
      rows: 9
      cols: 9
      dt: d
      data: [ 4.1223005726527978e-01, 2.3269822042032612e-01,
          4.0176543137158384e-02, 1.0464370659631035e-01,
          8.1249296571300922e-02, -5.3238589071324073e-03,
          6.2485570167292316e-02, 5.1284049624471195e-02,
          -6.8913641806485218e-04, 2.3269822042032612e-01,
          3.5833993319448393e-01, 4.2792279460020129e-02,
          1.7479791287765151e-01, 9.2240769688903476e-02,
          -7.2937763965531159e-03, 9.0479339432110673e-02,
          8.0856146352503155e-02, -4.7059997492200851e-03,
          4.0176543137158391e-02, 4.2792279460020136e-02,
          7.4230569227385079e-02, 1.4714339277625912e-02,
          8.4952334060416218e-03, 1.7360748011831398e-03,
          1.0398380654346564e-02, 1.2202897744649204e-02,
          1.8863964436977845e-03, 1.0464370659631035e-01,
          1.7479791287765145e-01, 1.4714339277625912e-02,
          2.3487664948565787e-01, 1.2658105051395052e-01,
          -1.0509564674566764e-02, 6.7669760805635928e-02,
          4.1670234311936415e-02, 3.9868194317785642e-03,
          8.1249296571300922e-02, 9.2240769688903476e-02,
          8.4952334060416201e-03, 1.2658105051395052e-01,
          1.9710992971225916e-01, -1.8006556722564493e-03,
          3.8486248034934653e-02, 1.9009219350087619e-02,
