%YAML:1.0
---
groups:
   - intact
   - CD19
   - blast
intactGmmnames:
   - "intact.668.0"
   - "intact.668.1"
   - "intact.668.2"
   - "intact.668.3"
   - "intact.668.4"
intactLabels:
   - FSC-A
   - SSC-A
   - CD20
   - CD10
   - CD45
   - CD34
   - SYTO41
   - CD19
   - CD38
intactMu: !!opencv-matrix
   rows: 5
   cols: 9
   dt: d
   data: [ 1.0122528009127028e+00, 2.5594261694097259e-01,
       8.9099814629200391e-01, 8.6339865454816322e-01,
       1.4031572000403532e+00, 1.0324406189592996e+00,
       3.6120655122305161e+00, 8.7896981938061358e-01,
       1.5739726225357369e+00, 3.2966143523323788e+00,
       2.4086149858800532e+00, 1.0976438212171318e+00,
       1.7090624115133293e+00, 2.6873993559569072e+00,
       1.0747962250554779e+00, 3.3505283364754441e+00,
       1.5828808350100136e+00, 1.6114862368464324e+00,
       1.2258263714165905e+00, 2.7832481680594090e-01,
       9.9764244274311409e-01, 8.9699128513553750e-01,
       3.5906112230789287e+00, 1.0587808916280383e+00,
       3.4875643271911891e+00, 1.0367424285905462e+00,
       1.6306804134319510e+00, 1.4400387209698748e+00,
       4.1729386578890015e-01, 1.0010075341079363e+00,
       1.3248310116355586e+00, 3.6706575463462814e+00,
       1.0657923523097992e+00, 3.2865843434386059e+00,
       1.1869986716158172e+00, 1.9739699389661352e+00,
       2.1016438753331630e+00, 1.4489773431228046e+00,
       1.2956855525053042e+00, 1.4027576546811671e+00,
       2.2895342872756759e+00, 1.2398770895730362e+00,
       3.3239265003892999e+00, 1.3332541898009873e+00,
       2.0194142382860187e+00 ]
intactSigma:
   - !!opencv-matrix
      rows: 9
      cols: 9
      dt: d
      data: [ 5.7739038533233235e-02, 1.4905119276097927e-02,
          1.6827134146542810e-02, 6.8538433224533271e-03,
          8.1988891013869882e-03, 9.0217504174342172e-04,
          3.4023534157705624e-03, -1.4442315239899836e-03,
          3.7301208855118552e-03, 1.4905119276097925e-02,
          8.5264041614082058e-03, 7.4997714458360145e-03,
          2.1451408868968956e-03, 3.9544808548796183e-03,
          6.6611681702369112e-04, 5.6927784392105845e-03,
          -2.5147569125983718e-03, 2.2850565276336604e-03,
          1.6827134146542810e-02, 7.4997714458360145e-03,
          5.4877861160474016e-02, -2.0572504169326191e-03,
          3.8334973685287439e-03, 3.1304717073511084e-04,
          9.8815319578465267e-04, 8.7693206451775016e-05,
          1.5323011331502749e-03, 6.8538433224533263e-03,
          2.1451408868968951e-03, -2.0572504169326178e-03,
          5.9758871145182135e-02, 8.3661453965389772e-03,
          -8.7939760788215647e-04, -1.9241028649532081e-02,
          1.1213856247073838e-02, 1.6425275501257834e-03,
          8.1988891013869900e-03, 3.9544808548796183e-03,
          3.8334973685287439e-03, 8.3661453965389772e-03,
          2.9649868421359239e-02, -9.2914057664245304e-04,
          -1.5499942951820690e-03, 1.1458019984491594e-03,
          5.7455230336170438e-03, 9.0217504174342172e-04,
          6.6611681702369112e-04, 3.1304717073511084e-04,
          -8.7939760788215604e-04, -9.2914057664245315e-04,
          1.8014966961805649e-02, 3.2108093198866209e-03,
          -1.1574192398847284e-03, 4.6125876928891537e-04,
          3.4023534157705624e-03, 5.6927784392105845e-03,
          9.8815319578465246e-04, -1.9241028649532081e-02,
          -1.5499942951820694e-03, 3.2108093198866209e-03,
          1.2902895548672944e-01, -5.2415123663108208e-02,
          7.8642854916262401e-03, -1.4442315239899845e-03,
          -2.5147569125983718e-03, 8.7693206451775315e-05,
          1.1213856247073838e-02, 1.1458019984491592e-03,
          -1.1574192398847291e-03, -5.2415123663108208e-02,
          3.0814093306755941e-02, -4.7617811873224879e-03,
          3.7301208855118552e-03, 2.2850565276336596e-03,
          1.5323011331502747e-03, 1.6425275501257834e-03,
          5.7455230336170438e-03, 4.6125876928891532e-04,
          7.8642854916262401e-03, -4.7617811873224879e-03,
          7.8896712529057077e-03 ]
   - !!opencv-matrix
      rows: 9
      cols: 9
      dt: d
      data: [ 3.7547729371733379e-01, 1.5686659410376613e-01,
          4.6243390047139135e-02, -1.2670974167508114e-01,
          -5.6901319713579960e-03, 5.1795437427687606e-03,
          -2.6657061658623277e-02, 5.3083858024931423e-02,
          1.2606439708472118e-02, 1.5686659410376613e-01,
          3.6308849939194404e-01, 5.2096942389531282e-02,
          1.0870802783177790e-01, 3.8671494787662755e-02,
          3.1235052051587250e-03, -5.7743582966835294e-02,
          9.6691498004592535e-02, -6.3258551743064521e-03,
          4.6243390047139142e-02, 5.2096942389531276e-02,
          6.1786706719183501e-02, -2.7087054690702553e-02,
          4.6342015981372187e-03, 1.8881562589569056e-03,
          -6.0849530550932422e-03, 1.6139578876103042e-02,
          3.6589266173305533e-03, -1.2670974167508114e-01,
          1.0870802783177787e-01, -2.7087054690702550e-02,
          5.4425998062093894e-01, 2.7635224240719423e-02,
          3.6429080152974185e-03, -2.1174231463661968e-02,
          1.3595762369480274e-02, -4.8010440226471572e-02,
          -5.6901319713579986e-03, 3.8671494787662755e-02,
          4.6342015981372196e-03, 2.7635224240719423e-02,
          3.6836825807871780e-02, -3.4288279903089791e-03,
          -1.0594818726591838e-02, 1.2139100873067122e-02,
          7.3588909404951708e-04, 5.1795437427687606e-03,
          3.1235052051587224e-03, 1.8881562589569071e-03,
          3.6429080152974203e-03, -3.4288279903089800e-03,
          4.8639708943495619e-02, -9.8545399500991763e-04,
          2.1545314302097874e-03, 8.1472109754810758e-05,
          -2.6657061658623280e-02, -5.7743582966835294e-02,
          -6.0849530550932422e-03, -2.1174231463661965e-02,
          -1.0594818726591841e-02, -9.8545399500991849e-04,
          6.7423627007760542e-02, -2.8643923705604694e-02,
          4.6015441499580962e-03, 5.3083858024931423e-02,
          9.6691498004592535e-02, 1.6139578876103042e-02,
          1.3595762369480275e-02, 1.2139100873067122e-02,
          2.1545314302097883e-03, -2.8643923705604687e-02,
          4.8081963600101210e-02, -5.9601606079797229e-03,
          1.2606439708472118e-02, -6.3258551743064547e-03,
          3.6589266173305520e-03, -4.8010440226471572e-02,
          7.3588909404951729e-04, 8.1472109754810934e-05,
          4.6015441499580971e-03, -5.9601606079797229e-03,
          2.5035943573933808e-02 ]
   - !!opencv-matrix
      rows: 9
      cols: 9
      dt: d
      data: [ 5.2502309367752437e-02, 8.8697881323127649e-03,
          1.0272769094149406e-02, 3.9043993718936741e-03,
          1.0530347476428611e-02, 3.9071564901995079e-03,
          -2.0307545054206885e-02, 1.1139013453488836e-02,
          -7.8427394514841760e-03, 8.8697881323127649e-03,
          6.6373187232838587e-03, 6.9077086334856574e-03,
          2.4024231761969653e-03, 4.9601773277094573e-03,
          9.2795939350791951e-04, -5.6979047707864869e-03,
          4.5432859322462691e-03, -3.0526230682238241e-03,
          1.0272769094149406e-02, 6.9077086334856600e-03,
          6.1320225229123823e-02, -5.5131340169465031e-04,
          4.5333119697933454e-03, -1.6994864220492287e-03,
          -3.6963967962054156e-03, 4.5588670898630140e-03,
          -4.9092904753153992e-03, 3.9043993718936749e-03,
          2.4024231761969653e-03, -5.5131340169465117e-04,
          5.7020914583767131e-02, 2.4921155216422351e-03,
          -5.2478068653241689e-03, -3.7961705407133627e-03,
          4.0164569427698612e-03, -2.1106769137441694e-03,
          1.0530347476428611e-02, 4.9601773277094573e-03,
          4.5333119697933463e-03, 2.4921155216422347e-03,
          1.0118412924628914e-02, -1.1734428303333258e-03,
