%YAML:1.0
---
groups:
   - intact
   - CD19
   - blast
intactGmmnames:
   - "intact.673.0"
   - "intact.673.1"
   - "intact.673.2"
   - "intact.673.3"
   - "intact.673.4"
intactLabels:
   - FSC-A
   - SSC-A
   - CD20
   - CD10
   - CD45
   - CD34
   - SYTO41
   - CD19
   - CD38
intactMu: !!opencv-matrix
   rows: 5
   cols: 9
   dt: d
   data: [ 1.4686544770938756e+00, 4.7549524196287718e-01,
       9.1198892535107667e-01, 9.0131103166554716e-01,
       3.7958264593879734e+00, 1.1598005718066895e+00,
       2.8341760907043745e+00, 1.2109071086900851e+00,
       2.9595257610012493e+00, 2.1489044249892766e+00,
       2.5706636182709603e+00, 1.2035914690676282e+00,
       2.3717889765110520e+00, 3.0854424478103755e+00,
       1.1684044639080200e+00, 3.2169391433715160e+00,
       1.5816907439288412e+00, 1.8650753656569639e+00,
       1.0086179766055587e+00, 2.2118160401882248e-01,
       8.7037615951932468e-01, 8.2058581251403084e-01,
       3.6804163023441698e+00, 1.1003862106637059e+00,
       3.6222578985119904e+00, 9.2632185994050542e-01,
       1.9966531822456384e+00, 1.2691497187154890e+00,
       3.6534347773615700e-01, 1.0258239380633181e+00,
       9.1719411740380297e-01, 3.8176929030807050e+00,
       1.1116763535550753e+00, 3.1780663573826518e+00,
       1.0985565304303870e+00, 1.6941135103978644e+00,
       1.4099886026806734e+00, 1.0332854292235647e+00,
       1.4485851691287246e+00, 1.5632153732192053e+00,
       2.5252123575967076e+00, 1.4548617751106265e+00,
       3.4037469569963115e+00, 1.4863187618608729e+00,
       1.8905880568388389e+00 ]
intactSigma:
   - !!opencv-matrix
      rows: 9
      cols: 9
      dt: d
      data: [ 6.8214328581634856e-02, 1.4489365286140532e-02,
          6.5777252906126932e-03, 4.4631790001738005e-03,
          2.1035041354448814e-03, 7.1353359296433064e-03,
          -5.2575801218876762e-02, 1.0595559564838456e-02,
          2.5297045423241953e-02, 1.4489365286140532e-02,
          1.7591374473869954e-02, 8.6711670631084044e-03,
          2.0508852255554364e-03, 5.7883283750080148e-03,
          9.4185182186203205e-03, -2.8922042171331167e-02,
          7.2437897092801525e-03, 2.4875445703807116e-02,
          6.5777252906126914e-03, 8.6711670631084044e-03,
          7.2886122390030048e-02, -2.7954148795900093e-03,
          4.3270372328997556e-03, 2.5667618906272589e-03,
          -1.2012534701699225e-02, 5.7692250641712094e-03,
          4.0841210384609250e-03, 4.4631790001738022e-03,
          2.0508852255554369e-03, -2.7954148795900102e-03,
          2.2318697000356880e-02, 5.6939372968372150e-04,
          -4.1100177783450539e-03, -1.1018828967560207e-02,
          1.0972325242292274e-03, 5.7068363546528087e-03,
          2.1035041354448814e-03, 5.7883283750080148e-03,
          4.3270372328997574e-03, 5.6939372968372172e-04,
          1.2283348330572139e-02, 3.3880820071618537e-03,
          -1.6007575149130388e-02, 5.4502083080262744e-03,
          3.6025484707222447e-03, 7.1353359296433090e-03,
          9.4185182186203188e-03, 2.5667618906272567e-03,
          -4.1100177783450539e-03, 3.3880820071618542e-03,
          1.8609716818445710e-01, -1.8877691078238140e-02,
          4.6708184651040553e-03, 2.2797622018217150e-02,
          -5.2575801218876762e-02, -2.8922042171331170e-02,
          -1.2012534701699225e-02, -1.1018828967560210e-02,
          -1.6007575149130385e-02, -1.8877691078238147e-02,
          1.6459234872429013e-01, -3.0072283414570602e-02,
          -5.0197731315843000e-02, 1.0595559564838453e-02,
          7.2437897092801525e-03, 5.7692250641712068e-03,
          1.0972325242292267e-03, 5.4502083080262744e-03,
          4.6708184651040570e-03, -3.0072283414570602e-02,
          3.9448039889729905e-02, 5.2049084253245614e-03,
          2.5297045423241953e-02, 2.4875445703807116e-02,
          4.0841210384609233e-03, 5.7068363546528087e-03,
          3.6025484707222456e-03, 2.2797622018217147e-02,
          -5.0197731315843000e-02, 5.2049084253245614e-03,
          1.4844571878193344e-01 ]
   - !!opencv-matrix
      rows: 9
      cols: 9
      dt: d
      data: [ 2.2063077002632925e-01, 1.2361606669093701e-01,
          2.3236619967328682e-02, -8.2367901866652882e-03,
          -4.3651007047064965e-03, 5.8506212263639782e-03,
          -4.1544689734816953e-02, 3.9263000523035468e-02,
          1.8287931191007831e-02, 1.2361606669093701e-01,
          3.2933647715184106e-01, 4.5837418728569924e-02,
          5.6100096089853779e-02, 2.6538797105630438e-02,
          8.4162548076727513e-03, -6.0929244516295229e-02,
          8.4587231315287489e-02, 3.2687847168117790e-02,
          2.3236619967328682e-02, 4.5837418728569924e-02,
          5.5368674151374996e-02, 4.3736133024790411e-03,
          2.3055267085890030e-03, 5.6379117680189581e-03,
          -1.0629104135998900e-02, 1.3714461031355327e-02,
          5.0353854602671055e-03, -8.2367901866652864e-03,
          5.6100096089853779e-02, 4.3736133024790411e-03,
          1.6905606301522422e-01, 4.8176218582743360e-02,
          1.1343248686446792e-02, -4.4863110189151359e-02,
          2.2936491194914761e-02, 2.4396385342578594e-03,
          -4.3651007047064956e-03, 2.6538797105630441e-02,
          2.3055267085890030e-03, 4.8176218582743360e-02,
          3.7922512641507047e-02, 4.2254006515671360e-03,
          -2.3247151470464276e-02, 1.1036900241608286e-02,
          -2.7652580076441831e-03, 5.8506212263639765e-03,
          8.4162548076727496e-03, 5.6379117680189590e-03,
          1.1343248686446790e-02, 4.2254006515671386e-03,
          8.2252577421917369e-02, -3.5687770654535679e-03,
          4.2765746817517488e-03, 2.2417035299792409e-03,
          -4.1544689734816953e-02, -6.0929244516295229e-02,
          -1.0629104135998900e-02, -4.4863110189151359e-02,
          -2.3247151470464276e-02, -3.5687770654535627e-03,
          1.4637438588746765e-01, -4.8404185974358187e-02,
          -1.1944770966528576e-02, 3.9263000523035468e-02,
          8.4587231315287489e-02, 1.3714461031355327e-02,
          2.2936491194914761e-02, 1.1036900241608286e-02,
          4.2765746817517497e-03, -4.8404185974358187e-02,
          5.2176322108321467e-02, 5.0059711766332260e-03,
          1.8287931191007831e-02, 3.2687847168117790e-02,
          5.0353854602671055e-03, 2.4396385342578594e-03,
          -2.7652580076441826e-03, 2.2417035299792413e-03,
          -1.1944770966528575e-02, 5.0059711766332260e-03,
          5.3896354619065487e-02 ]
   - !!opencv-matrix
      rows: 9
      cols: 9
      dt: d
      data: [ 5.8995699622821036e-02, 3.2894012097177839e-03,
          8.5114509547438693e-03, 1.0149487537136705e-02,
          1.0671634632934180e-02, -2.2533540101713039e-03,
          -4.3647949156384327e-02, 2.6544878782397058e-02,
          7.8698613821678188e-03, 3.2894012097177839e-03,
          2.7191707610801216e-03, 5.0103480788617873e-03,
          1.5778869389116591e-03, 2.0898055608107487e-03,
          -1.5377801870978584e-04, -4.2498286020609469e-03,
          3.3326865266824616e-03, -3.2475767932725460e-03,
          8.5114509547438693e-03, 5.0103480788617882e-03,
          8.0731432922721280e-02, 2.4477320879318776e-04,
          5.4768186094591121e-03, -1.3713219995605643e-03,
          -1.1059836390771181e-02, 8.8450769603800657e-03,
          -1.9469363158804723e-02, 1.0149487537136705e-02,
          1.5778869389116593e-03, 2.4477320879318749e-04,
          2.4945740372472408e-02, 2.9545279082902423e-03,
          -6.2522206982694303e-03, -1.3644075843961793e-02,
          9.0021045849775112e-03, -1.8698262682969363e-03,
          1.0671634632934180e-02, 2.0898055608107482e-03,
          5.4768186094591130e-03, 2.9545279082902423e-03,
          8.1045797913922978e-03, -1.7502186419498377e-03,
          -1.1418836602323554e-02, 7.5348304799367763e-03,
