%YAML:1.0
---
groups:
   - intact
   - CD19
intactGmmnames:
   - "intact.678.0"
   - "intact.678.1"
   - "intact.678.2"
   - "intact.678.3"
   - "intact.678.4"
intactLabels:
   - FSC-A
   - SSC-A
   - CD20
   - CD10
   - CD45
   - CD34
   - SYTO41
   - CD19
   - CD38
intactMu: !!opencv-matrix
   rows: 5
   cols: 9
   dt: d
   data: [ 1.4027328145028437e+00, 2.6396222068418718e-01,
       9.6635820830823038e-01, 8.5873734929165668e-01,
       3.8184368101482273e+00, 1.1519930505127181e+00,
       3.4208922748121817e+00, 9.8577619560218055e-01,
       1.9466347412893128e+00, 2.8612651422186737e+00,
       2.8959389059342846e+00, 1.2277223955859022e+00,
       2.2818212608237118e+00, 3.0725702116736171e+00,
       1.2035657951167524e+00, 3.5769870704177897e+00,
       1.6115615480891432e+00, 1.7544166673896398e+00,
       1.6315522774800086e+00, 4.3281596324988431e-01,
       1.0140489914963313e+00, 9.1390510301928130e-01,
       3.9543762675910950e+00, 1.1792129813700438e+00,
       3.1777959662599411e+00, 1.1623865889158023e+00,
       1.9876616977577535e+00, 2.4171512297354925e+00,
       1.6940541283511705e+00, 1.4455048974300271e+00,
       1.1831429886403038e+00, 3.2997946409031784e+00,
       2.0077154010826845e+00, 2.9955437678519501e+00,
       1.4893726357483787e+00, 2.3841623550185420e+00,
       1.2542503247381100e+00, 4.2228452058185573e-01,
       1.0656181680032357e+00, 9.5798838735774039e-01,
       1.3837599491181976e+00, 1.1750327258053643e+00,
       3.0710991807420580e+00, 9.5718415895878328e-01,
       1.3694257360229982e+00 ]
intactSigma:
   - !!opencv-matrix
      rows: 9
      cols: 9
      dt: d
      data: [ 4.9181542502006001e-02, 3.2481212820975641e-03,
          6.0133452377615733e-03, 1.8179077827585361e-03,
          3.4516554037027272e-03, -6.2765536815659263e-04,
          -1.2481228810038556e-02, 9.3178639928850043e-03,
          -3.7641344572476665e-03, 3.2481212820975650e-03,
          4.0181396064202755e-03, 5.4094526211157252e-03,
          1.4252315435316881e-03, 2.4699595135980624e-03,
          -3.4613532277801104e-04, -2.1655925832749969e-03,
          3.2713117496782247e-03, -7.4823195229924517e-03,
          6.0133452377615741e-03, 5.4094526211157260e-03,
          7.5662462719260984e-02, -3.3673358786360684e-03,
          3.3268763983538437e-03, -2.8948838812382238e-04,
          -1.4518302844874062e-03, 6.0402840605043237e-03,
          -1.7391933218767832e-02, 1.8179077827585361e-03,
          1.4252315435316879e-03, -3.3673358786360675e-03,
          3.2600393200413684e-02, 1.4897869212120961e-03,
          -5.9000284519665396e-03, -3.0817331173881696e-03,
          1.8175000602687870e-03, -4.5894690233650145e-03,
          3.4516554037027272e-03, 2.4699595135980628e-03,
          3.3268763983538437e-03, 1.4897869212120961e-03,
          6.6900151880245739e-03, -1.6978924025067119e-03,
          -3.3630245144035029e-03, 3.4366036216919625e-03,
          -7.8012782300289915e-03, -6.2765536815659253e-04,
          -3.4613532277801121e-04, -2.8948838812382108e-04,
          -5.9000284519665396e-03, -1.6978924025067119e-03,
          1.3401218763429365e-01, 2.3710894266603519e-04,
          2.6164938175781264e-03, 6.6634531759113547e-03,
          -1.2481228810038556e-02, -2.1655925832749969e-03,
          -1.4518302844874066e-03, -3.0817331173881675e-03,
          -3.3630245144035029e-03, 2.3710894266603519e-04,
          1.5983786482302444e-02, -1.1072196620444395e-02,
          4.2306787126182100e-03, 9.3178639928850060e-03,
          3.2713117496782247e-03, 6.0402840605043237e-03,
          1.8175000602687866e-03, 3.4366036216919617e-03,
          2.6164938175781273e-03, -1.1072196620444393e-02,
          6.8399026745989605e-02, -1.4151011596645476e-02,
          -3.7641344572476652e-03, -7.4823195229924517e-03,
          -1.7391933218767832e-02, -4.5894690233650136e-03,
          -7.8012782300289889e-03, 6.6634531759113616e-03,
          4.2306787126182100e-03, -1.4151011596645476e-02,
          1.9464900287391310e-01 ]
   - !!opencv-matrix
      rows: 9
      cols: 9
      dt: d
      data: [ 3.4503318443577180e-01, 1.6258786995690122e-01,
          3.2243499212834960e-02, -1.3876858071714909e-02,
          -5.4692086458053646e-03, 6.8190765043916910e-03,
          -2.9041506176523815e-02, 6.0320623117261371e-02,
          1.6615113315077711e-02, 1.6258786995690119e-01,
          3.0882449748915253e-01, 5.0657140238736638e-02,
          3.9639556248519899e-02, 1.1154455052222133e-02,
          1.5883307322183175e-02, -3.3653452814342399e-02,
          8.6995113042343378e-02, 4.2077605104295292e-02,
          3.2243499212834960e-02, 5.0657140238736638e-02,
          5.3401023586060407e-02, 3.9123661449021593e-03,
          7.7009525243729963e-04, 5.1834131647950418e-03,
          -5.5704782212733237e-03, 1.3098556269635478e-02,
          8.0194706011146848e-03, -1.3876858071714909e-02,
          3.9639556248519905e-02, 3.9123661449021584e-03,
          1.3867464927048387e-01, 2.6088256480752293e-02,
          -4.9543116389819837e-05, -1.2241397814876813e-02,
          1.4067746740024371e-02, 8.2645245344573591e-03,
          -5.4692086458053638e-03, 1.1154455052222133e-02,
          7.7009525243729995e-04, 2.6088256480752293e-02,
          2.4559915537641402e-02, -1.2870191815279445e-03,
          -7.0779595308307361e-03, 5.0816247454531617e-03,
          2.9350071901477065e-03, 6.8190765043916910e-03,
          1.5883307322183175e-02, 5.1834131647950400e-03,
          -4.9543116389819897e-05, -1.2870191815279432e-03,
          5.5900387258085833e-02, -2.1638882288553779e-03,
          3.5153115395307592e-03, 5.4263000128514883e-03,
          -2.9041506176523815e-02, -3.3653452814342399e-02,
          -5.5704782212733228e-03, -1.2241397814876813e-02,
          -7.0779595308307361e-03, -2.1638882288553779e-03,
          3.1149511408309859e-02, -2.1527968388715034e-02,
          -1.3268987111217470e-02, 6.0320623117261371e-02,
          8.6995113042343378e-02, 1.3098556269635478e-02,
          1.4067746740024371e-02, 5.0816247454531626e-03,
          3.5153115395307592e-03, -2.1527968388715041e-02,
          6.2016377680859915e-02, 4.7737398418499308e-03,
          1.6615113315077711e-02, 4.2077605104295292e-02,
          8.0194706011146848e-03, 8.2645245344573574e-03,
          2.9350071901477065e-03, 5.4263000128514883e-03,
          -1.3268987111217470e-02, 4.7737398418499291e-03,
          9.7457161194851108e-02 ]
   - !!opencv-matrix
      rows: 9
      cols: 9
      dt: d
      data: [ 7.6053709014278756e-02, 5.7207493896223342e-03,
          2.6647321125437755e-03, 1.6558171347241450e-03,
          2.5129324377820591e-03, 2.6214722748872763e-03,
          -2.2691668504235436e-02, 1.2955954449748792e-02,
          1.4001050253153588e-02, 5.7207493896223325e-03,
          9.9358406149476219e-03, 7.0617645109038599e-03,
          2.4528126892808095e-03, 1.8337303398910096e-03,
          1.8715854140467334e-03, -2.3033468595073043e-03,
          5.4876927579572167e-03, 1.7225785735006934e-02,
          2.6647321125437755e-03, 7.0617645109038573e-03,
          7.8167699065397930e-02, -1.3525718153646522e-03,
          -1.9427517463787242e-03, 1.4939604827680186e-03,
          6.4872904393058180e-03, 3.4846016637158786e-03,
          -1.3561233484605830e-02, 1.6558171347241439e-03,
          2.4528126892808086e-03, -1.3525718153646524e-03,
          3.1802971520742185e-02, 1.1269827877633137e-03,
          -7.9516522415152713e-03, -5.3002304508778823e-03,
          3.7544904328377592e-03, 2.7656501369615382e-03,
          2.5129324377820587e-03, 1.8337303398910099e-03,
          -1.9427517463787246e-03, 1.1269827877633139e-03,
          1.1669045181971338e-02, -3.2589740652956762e-04,
