%YAML:1.0
---
groups:
   - intact
   - CD19
   - blast
intactGmmnames:
   - "intact.679.0"
   - "intact.679.1"
   - "intact.679.2"
   - "intact.679.3"
   - "intact.679.4"
intactLabels:
   - FSC-A
   - SSC-A
   - CD20
   - CD10
   - CD45
   - CD34
   - SYTO41
   - CD19
   - CD38
intactMu: !!opencv-matrix
   rows: 5
   cols: 9
   dt: d
   data: [ 1.0042635835495068e+00, 2.0290344198181939e-01,
       8.7533883304862148e-01, 9.0878790389983688e-01,
       3.5830860448283315e+00, 1.0970777140550143e+00,
       2.9882061957972490e+00, 1.0362612310389714e+00,
       1.9346040437989547e+00, 8.9193649004512243e-01,
       3.3123035972754006e-01, 1.0678869257023953e+00,
       1.1412674579508382e+00, 1.5001679197681013e+00,
       1.1081347446765226e+00, 2.8167003507513200e+00,
       9.4557360389919343e-01, 1.4859532567852940e+00,
       1.8358439629845640e+00, 1.6363798789919077e+00,
       1.2485491126981074e+00, 1.7416286183083283e+00,
       2.8876439939429561e+00, 1.3255100516210314e+00,
       2.9205607420956676e+00, 1.5964152722458411e+00,
       1.9685089883870679e+00, 1.2151259411897313e+00,
       3.5460222966765753e-01, 9.9865643796333115e-01,
       9.6427550700969977e-01, 3.7794641587332340e+00,
       1.1184616535423979e+00, 2.6034423872016612e+00,
       1.1963183623199938e+00, 1.7963254573566632e+00,
       1.0342064257021271e+00, 2.4033564320241049e-01,
       9.0900541066595519e-01, 9.0472670587421733e-01,
       3.6652763331541998e+00, 1.1461428874429469e+00,
       2.8061681885148086e+00, 1.0726825691948645e+00,
       2.0816990516019711e+00 ]
intactSigma:
   - !!opencv-matrix
      rows: 9
      cols: 9
      dt: d
      data: [ 4.7439062722959537e-02, 3.4737009303048298e-03,
          3.8944066676202759e-03, 1.2865636313002802e-04,
          8.9269962244974896e-03, 5.7883646027277204e-04,
          -2.6282408038062453e-02, 1.1297952006233777e-02,
          3.2946342774617097e-03, 3.4737009303048303e-03,
          1.4928147790060568e-03, 2.4454115516197002e-03,
          3.2499273635999882e-04, 1.6449392270101021e-03,
          1.4716844009250509e-04, -2.2120532942588940e-03,
          2.2014797476390111e-03, -2.4233352617366970e-03,
          3.8944066676202746e-03, 2.4454115516197006e-03,
          5.7243653579612468e-02, -5.8349668687168151e-03,
          1.7311970989229070e-03, -9.4375746953022550e-04,
          2.5380463899358406e-04, 1.9413693158814125e-03,
          -9.5684894257013937e-03, 1.2865636313002740e-04,
          3.2499273635999882e-04, -5.8349668687168177e-03,
          4.2983092706519066e-02, 9.9716325809249846e-04,
          -8.0433450589308276e-03, -1.7141666014884351e-03,
          2.7659580326320141e-03, 1.3790333161016232e-03,
          8.9269962244974861e-03, 1.6449392270101021e-03,
          1.7311970989229070e-03, 9.9716325809249824e-04,
          8.9100915804817878e-03, -1.8372310952267225e-03,
          -5.8549139376770825e-03, 4.1503589033513831e-03,
          -5.4536396881672044e-03, 5.7883646027277193e-04,
          1.4716844009250509e-04, -9.4375746953022496e-04,
          -8.0433450589308241e-03, -1.8372310952267231e-03,
          1.0073999819373174e-01, 1.2749977503852476e-03,
          -2.9544559436356089e-04, 1.8318184750548206e-03,
          -2.6282408038062453e-02, -2.2120532942588940e-03,
          2.5380463899358412e-04, -1.7141666014884344e-03,
          -5.8549139376770825e-03, 1.2749977503852487e-03,
          3.2904532393346904e-02, -1.2590934296719094e-02,
          -7.7079815755259559e-04, 1.1297952006233779e-02,
          2.2014797476390111e-03, 1.9413693158814120e-03,
          2.7659580326320141e-03, 4.1503589033513831e-03,
          -2.9544559436356127e-04, -1.2590934296719094e-02,
          7.4195647373157397e-02, -1.0571814588829973e-02,
          3.2946342774617097e-03, -2.4233352617366957e-03,
          -9.5684894257013937e-03, 1.3790333161016232e-03,
          -5.4536396881672052e-03, 1.8318184750548199e-03,
          -7.7079815755259570e-04, -1.0571814588829970e-02,
          1.4681014228720679e-01 ]
   - !!opencv-matrix
      rows: 9
      cols: 9
      dt: d
      data: [ 6.4601351796782919e-02, 2.7120130396258665e-03,
          -3.1166768399462180e-04, 1.3624752027368334e-02,
          9.8889601713085043e-03, 1.9097390323041070e-03,
          -6.1914041482346811e-02, 1.7129697346793312e-02,
          1.2314489330864421e-02, 2.7120130396258656e-03,
          2.2184167818142340e-02, 1.9540513421647400e-02,
          1.6907664521771431e-02, 1.1591438649732801e-02,
          1.6370775846150064e-03, 1.6255057213954817e-03,
          1.3588054131354329e-02, 1.2425366184057093e-02,
          -3.1166768399462191e-04, 1.9540513421647407e-02,
          6.8594199980162432e-02, 1.9634366520503727e-02,
          1.2527529810627281e-02, 1.8436582467966612e-03,
          9.9748325013194368e-03, 1.2464124448376884e-02,
          1.5339279449994860e-02, 1.3624752027368334e-02,
          1.6907664521771427e-02, 1.9634366520503727e-02,
          1.2844586155740442e-01, 4.3597155125152789e-02,
          4.1284747461000255e-03, 3.1111364462379228e-02,
          7.5665856557584413e-03, 6.5625629232812066e-02,
          9.8889601713085043e-03, 1.1591438649732801e-02,
          1.2527529810627281e-02, 4.3597155125152789e-02,
          5.3299248307340251e-02, 1.3898392761865657e-03,
          1.3157459039144712e-02, 9.2683335717283716e-04,
          4.8846441076094246e-02, 1.9097390323041077e-03,
          1.6370775846150064e-03, 1.8436582467966612e-03,
          4.1284747461000255e-03, 1.3898392761865662e-03,
          1.7454862639326704e-02, 1.1294078350128000e-03,
          1.4925560520112789e-03, 5.0817460662245890e-03,
          -6.1914041482346797e-02, 1.6255057213954830e-03,
          9.9748325013194368e-03, 3.1111364462379221e-02,
          1.3157459039144710e-02, 1.1294078350128009e-03,
          3.0043176306508745e-01, -6.7479340793362083e-02,
          3.2645098100951578e-02, 1.7129697346793312e-02,
          1.3588054131354329e-02, 1.2464124448376881e-02,
          7.5665856557584413e-03, 9.2683335717283813e-04,
          1.4925560520112789e-03, -6.7479340793362083e-02,
          5.7579706663204146e-02, -4.4472810892966274e-03,
          1.2314489330864421e-02, 1.2425366184057093e-02,
          1.5339279449994860e-02, 6.5625629232812066e-02,
          4.8846441076094246e-02, 5.0817460662245890e-03,
          3.2645098100951571e-02, -4.4472810892966274e-03,
          8.6949946629227462e-02 ]
   - !!opencv-matrix
      rows: 9
      cols: 9
      dt: d
      data: [ 4.3140722117397584e-01, 3.1915947944281786e-01,
          5.2987871584259036e-03, -1.0275490326676734e-02,
          -8.3171064023937254e-03, -2.6403478817295777e-02,
          -2.7970968360704535e-02, 7.6189069115469632e-02,
          -4.2714185229343671e-02, 3.1915947944281786e-01,
          8.4586589030015835e-01, 5.0346572472750796e-02,
          2.1946846418331351e-01, -1.2387755826902021e-01,
          -6.8497493004806426e-02, -5.4116344510423485e-02,
          2.3880227583570948e-01, -2.1284765868683869e-01,
          5.2987871584259071e-03, 5.0346572472750796e-02,
          1.6731795107662059e-01, 2.5920790861376282e-02,
          -2.0511078112793107e-02, 4.1201789175395714e-02,
          2.1595904892832644e-02, 6.9682707482998929e-02,
          1.4647040571256568e-02, -1.0275490326676734e-02,
          2.1946846418331351e-01, 2.5920790861376282e-02,
          4.5772889866100025e-01, -5.7814143371755146e-02,
          3.6273929059670454e-03, -4.1975440676526671e-02,
          1.4685170904178377e-01, -6.1406162544051957e-02,
          -8.3171064023937220e-03, -1.2387755826902021e-01,
          -2.0511078112793107e-02, -5.7814143371755153e-02,
          3.6645897431247570e-01, 5.7721475684394535e-03,
          -1.9442340351667451e-02, -2.7202309245473965e-02,
