%YAML:1.0
---
groups:
   - intact
   - CD19
   - blast
intactGmmnames:
   - "intact.681.0"
   - "intact.681.1"
   - "intact.681.2"
   - "intact.681.3"
   - "intact.681.4"
intactLabels:
   - FSC-A
   - SSC-A
   - CD20
   - CD10
   - CD45
   - CD34
   - SYTO41
   - CD19
   - CD38
intactMu: !!opencv-matrix
   rows: 5
   cols: 9
   dt: d
   data: [ 9.8858710872758893e-01, 1.9007072939056119e-01,
       8.9292410702706126e-01, 8.6207257606646204e-01,
       3.5983970138062173e+00, 1.0918379485950689e+00,
       3.3463459474358581e+00, 1.0395155934213702e+00,
       1.8674453559423867e+00, 1.6391269346258728e+00,
       1.2646246109122397e+00, 1.3530107076697624e+00,
       1.3217292474183704e+00, 1.6862855346554433e+00,
       1.3221997786973907e+00, 3.0118698970045732e+00,
       1.3280195718299670e+00, 1.6836991258259530e+00,
       9.0231674814113993e-01, 3.1518117847821492e-01,
       9.8603307282399355e-01, 1.1346713025534161e+00,
       1.4630702619273042e+00, 1.0746886077977718e+00,
       3.2082344200956272e+00, 9.9037797492406265e-01,
       1.5911065466177416e+00, 1.9776140249288938e+00,
       1.9714303645271276e+00, 1.4349913886206014e+00,
       2.2947992495456253e+00, 3.3919280703863688e+00,
       1.3191430628635832e+00, 3.1500083698883183e+00,
       1.6552916711774597e+00, 1.9442286087360605e+00,
       1.3944276359146319e+00, 4.0628373035682436e-01,
       9.8631502868304699e-01, 9.4665997166572569e-01,
       3.8064840123377204e+00, 1.1441609009354483e+00,
       3.0718269576272279e+00, 1.2254691909978290e+00,
       2.3377427950545488e+00 ]
intactSigma:
   - !!opencv-matrix
      rows: 9
      cols: 9
      dt: d
      data: [ 6.3059829584489135e-02, 4.1489159072357279e-03,
          7.0278724899336190e-03, 2.5247384753562425e-03,
          1.5674850044359711e-02, -3.5099748005613060e-03,
          -1.9341255250659075e-02, 7.8868331399323949e-03,
          -8.4850829769840593e-03, 4.1489159072357279e-03,
          4.7918259097788135e-03, 5.8420397819266010e-03,
          2.1282475887937006e-03, 3.2958890231414178e-03,
          2.6668578482659793e-04, -1.3305644433891379e-03,
          2.1722863567136671e-03, -4.1684127989144778e-03,
          7.0278724899336181e-03, 5.8420397819266010e-03,
          7.7164933783340661e-02, -3.2123117579950814e-03,
          5.2808306482677592e-03, -6.5340906047684790e-04,
          -3.8324207226920841e-04, 4.1221905669813815e-03,
          -1.3033313904662542e-02, 2.5247384753562430e-03,
          2.1282475887937002e-03, -3.2123117579950806e-03,
          3.7794119067587714e-02, 2.0684086148057747e-03,
          -5.7486991973920891e-03, -1.4463108116967594e-03,
          2.1267496042329135e-03, -3.9036456189900917e-03,
          1.5674850044359711e-02, 3.2958890231414178e-03,
          5.2808306482677574e-03, 2.0684086148057747e-03,
          1.2418348513193657e-02, -3.6353467903842557e-03,
          -5.7537218088362339e-03, 3.2761113276821444e-03,
          -5.9672802185240428e-03, -3.5099748005613068e-03,
          2.6668578482659777e-04, -6.5340906047684812e-04,
          -5.7486991973920891e-03, -3.6353467903842574e-03,
          1.2943432260748755e-01, 2.1654567156292842e-03,
          1.2384109167006907e-03, 2.3512896939782671e-03,
          -1.9341255250659075e-02, -1.3305644433891381e-03,
          -3.8324207226920831e-04, -1.4463108116967585e-03,
          -5.7537218088362339e-03, 2.1654567156292846e-03,
          1.1963567151481900e-02, -3.4193565263416774e-03,
          1.5082897367880742e-03, 7.8868331399323966e-03,
          2.1722863567136671e-03, 4.1221905669813815e-03,
          2.1267496042329140e-03, 3.2761113276821444e-03,
          1.2384109167006907e-03, -3.4193565263416770e-03,
          3.3385159973275520e-02, -6.5988899041151284e-03,
          -8.4850829769840593e-03, -4.1684127989144787e-03,
          -1.3033313904662544e-02, -3.9036456189900934e-03,
          -5.9672802185240419e-03, 2.3512896939782662e-03,
          1.5082897367880742e-03, -6.5988899041151284e-03,
          7.0385271561176632e-02 ]
   - !!opencv-matrix
      rows: 9
      cols: 9
      dt: d
      data: [ 5.8062273551404586e-01, 1.0664663656185415e-01,
          7.0737233992014342e-02, 5.9616425081871233e-02,
          3.4760173411574363e-02, 8.0193264565938449e-02,
          3.0709909999468123e-02, 2.9064459370962734e-02,
          1.5201735763097338e-02, 1.0664663656185415e-01,
          1.0059199019322966e+00, 2.2287794130580862e-02,
          -9.2588212116775787e-02, -1.3035157311706572e-01,
          -6.0260004471779136e-02, -1.4004325080174684e-01,
          2.7653376544987074e-01, -1.3896778323023021e-01,
          7.0737233992014342e-02, 2.2287794130580862e-02,
          1.5421472546022863e-01, 8.2888646930683180e-02,
          5.0292402182473384e-02, 3.3207707347901322e-02,
          7.4713288116873250e-02, 1.7748588696679286e-02,
          2.7533826545413486e-02, 5.9616425081871233e-02,
          -9.2588212116775787e-02, 8.2888646930683180e-02,
          2.3491498096137334e-01, 8.9354703434176633e-02,
          3.0922803729448330e-02, 1.1897640627944109e-01,
          -2.6820519211291548e-02, 6.6141118858104642e-02,
          3.4760173411574377e-02, -1.3035157311706572e-01,
          5.0292402182473384e-02, 8.9354703434176633e-02,
          1.3647593597619162e-01, 2.3791076737643510e-02,
          9.6455046181292137e-02, -4.1273029387206388e-02,
          7.7692702698183208e-02, 8.0193264565938449e-02,
          -6.0260004471779142e-02, 3.3207707347901329e-02,
          3.0922803729448327e-02, 2.3791076737643510e-02,
          1.7841574919640624e-01, -3.2767072539903457e-02,
          2.3651651601049456e-02, 1.0614018356882034e-02,
          3.0709909999468116e-02, -1.4004325080174679e-01,
          7.4713288116873250e-02, 1.1897640627944109e-01,
          9.6455046181292137e-02, -3.2767072539903457e-02,
          3.0196752007665723e-01, -1.1112046313533418e-01,
          9.3379792760946337e-02, 2.9064459370962734e-02,
          2.7653376544987074e-01, 1.7748588696679286e-02,
          -2.6820519211291555e-02, -4.1273029387206388e-02,
          2.3651651601049456e-02, -1.1112046313533418e-01,
          1.4557239364008429e-01, -5.5119394787814954e-02,
          1.5201735763097336e-02, -1.3896778323023021e-01,
          2.7533826545413486e-02, 6.6141118858104642e-02,
          7.7692702698183208e-02, 1.0614018356882035e-02,
          9.3379792760946351e-02, -5.5119394787814954e-02,
          8.6372462917834514e-02 ]
   - !!opencv-matrix
      rows: 9
      cols: 9
      dt: d
      data: [ 6.2977708915127023e-02, 1.3588795204889956e-02,
          1.8627039242256952e-02, 1.3521679005956499e-02,
          7.9425940336971604e-03, 5.3702489454484118e-04,
          8.2887130348585341e-03, 2.0786115231300369e-03,
          4.6712862211285124e-03, 1.3588795204889956e-02,
          1.2103760734006428e-02, 1.1356960553918008e-02,
          8.2253914107229126e-03, 3.9394164276270079e-03,
          9.6937070320901163e-04, 7.6743811943469180e-03,
          1.4555930207694496e-03, 2.8408525144493634e-03,
          1.8627039242256952e-02, 1.1356960553918008e-02,
          7.2300316893313912e-02, 4.0925439442885255e-03,
          3.9428157792885154e-03, 7.6296672188822261e-04,
          9.0174620253875935e-03, 6.6577035001681847e-04,
          3.2156130680489584e-03, 1.3521679005956506e-02,
          8.2253914107229108e-03, 4.0925439442885255e-03,
          1.3250829927000257e-01, 1.4349981639023266e-02,
          9.1272968949282832e-04, 5.2879415960791398e-04,
          4.9156069785159942e-03, 6.7962195051020141e-03,
          7.9425940336971604e-03, 3.9394164276270079e-03,
          3.9428157792885145e-03, 1.4349981639023266e-02,
          2.1767741520850929e-02, -8.6772726209047009e-04,
          6.5257465128926205e-03, -6.9647677833008540e-04,
