%YAML:1.0
---
groups:
   - intact
   - CD19
intactGmmnames:
   - "intact.682.0"
   - "intact.682.1"
   - "intact.682.2"
   - "intact.682.3"
   - "intact.682.4"
intactLabels:
   - FSC-A
   - SSC-A
   - CD20
   - CD10
   - CD45
   - CD34
   - SYTO41
   - CD19
   - CD38
intactMu: !!opencv-matrix
   rows: 5
   cols: 9
   dt: d
   data: [ 2.4980139333540081e+00, 3.2462904859234842e+00,
       1.2356000140665357e+00, 1.9482899953691704e+00,
       2.7559454217734780e+00, 1.1669331473490214e+00,
       3.6638533881810056e+00, 1.6068009632857467e+00,
       1.8501856394562686e+00, 1.2264310087910499e+00,
       3.2636050809043399e-01, 9.4269935059101440e-01,
       8.4456430648199610e-01, 3.5642904675011335e+00,
       1.0943498434289289e+00, 3.5572219535692335e+00,
       9.7582401228826399e-01, 1.7333180433793538e+00,
       2.0006879860917937e+00, 2.5377578254541775e+00,
       1.0887883708404142e+00, 1.8317589332519277e+00,
       2.6716102734314822e+00, 1.1255232539531386e+00,
       3.8952915362080827e+00, 1.2377957604814365e+00,
       1.7597273101757605e+00, 1.7988565374950403e+00,
       8.5805192773534911e-01, 1.0814878691297314e+00,
       1.0054785239341026e+00, 3.5212769301166911e+00,
       1.2812231892680350e+00, 3.5079987677487554e+00,
       1.2085715494622433e+00, 2.7479244596682735e+00,
       1.4271774160738462e+00, 8.6859344514804682e-01,
       1.0997678578733774e+00, 1.0513459352722663e+00,
       1.7130992286888149e+00, 1.3254271959383157e+00,
       3.3991640369619560e+00, 1.0292922320650955e+00,
       1.6626328986520944e+00 ]
intactSigma:
   - !!opencv-matrix
      rows: 9
      cols: 9
      dt: d
      data: [ 3.0084037968349064e-01, 1.4240566727062076e-01,
          2.4508989454354878e-02, -1.5361722989954918e-02,
          -9.1964342306719415e-03, -3.3610989843752825e-03,
          -5.2164531005059950e-04, 3.6252431209498684e-02,
          4.1014566845831036e-03, 1.4240566727062073e-01,
          4.0291065160163769e-01, 3.8801663873867055e-02,
          6.2658464956474494e-02, 2.4851904925789460e-02,
          8.2704904662816818e-03, -7.2851594335797210e-03,
          9.5778741621501670e-02, -2.0167616178364711e-04,
          2.4508989454354878e-02, 3.8801663873867055e-02,
          5.1270930990112061e-02, 5.2722520769816379e-03,
          3.7265098597950050e-03, 3.0412578687737703e-03,
          2.3491409973721202e-03, 8.9377592924332026e-03,
          2.8566200675902665e-03, -1.5361722989954914e-02,
          6.2658464956474494e-02, 5.2722520769816379e-03,
          1.9918864035059583e-01, 4.0163599893075302e-02,
          3.7638367338915695e-03, -1.2242323294603622e-02,
          1.9477469793122981e-02, -1.7394753585794891e-02,
          -9.1964342306719397e-03, 2.4851904925789467e-02,
          3.7265098597950050e-03, 4.0163599893075302e-02,
          4.3314638544460285e-02, 3.7710776022021292e-03,
          -5.6095593180361912e-03, 9.9563690784193956e-03,
          -2.4484063877986718e-03, -3.3610989843752830e-03,
          8.2704904662816818e-03, 3.0412578687737703e-03,
          3.7638367338915677e-03, 3.7710776022021283e-03,
          8.8280138779685977e-02, 1.4971479746899957e-03,
          3.9207167831596078e-03, 8.7510780045372942e-04,
          -5.2164531005059907e-04, -7.2851594335797227e-03,
          2.3491409973721211e-03, -1.2242323294603620e-02,
          -5.6095593180361912e-03, 1.4971479746899955e-03,
          4.6225550259815382e-02, -2.0780052078767642e-02,
          6.0365980332748783e-03, 3.6252431209498684e-02,
          9.5778741621501684e-02, 8.9377592924332009e-03,
          1.9477469793122988e-02, 9.9563690784193921e-03,
          3.9207167831596095e-03, -2.0780052078767642e-02,
          5.7320454086685783e-02, -9.6850813285844235e-03,
          4.1014566845830993e-03, -2.0167616178364721e-04,
          2.8566200675902665e-03, -1.7394753585794887e-02,
          -2.4484063877986727e-03, 8.7510780045372898e-04,
          6.0365980332748766e-03, -9.6850813285844235e-03,
          5.7317269587384860e-02 ]
   - !!opencv-matrix
      rows: 9
      cols: 9
      dt: d
      data: [ 1.2017465808263286e-01, 2.0020960694677643e-02,
          1.4123598067934106e-02, 1.1663056928446866e-02,
          2.3861478152143990e-02, 1.6107566712651789e-03,
          -3.6544015791942143e-02, 2.8331418543857474e-02,
          -2.6668010493142045e-03, 2.0020960694677643e-02,
          2.0936987024049964e-02, 1.1990974901410566e-02,
          9.1648243579238436e-03, 1.1665348157146633e-02,
          2.5625420786528040e-03, -1.3740354626973924e-02,
          1.4729643743312815e-02, 2.0838011784736141e-03,
          1.4123598067934109e-02, 1.1990974901410566e-02,
          9.1392446680914313e-02, -4.7830309252701911e-04,
          6.1963566280169528e-03, 8.0163212699945407e-04,
          -9.0375443823472786e-03, 1.0847557009925386e-02,
          -8.4065603265571429e-03, 1.1663056928446866e-02,
          9.1648243579238436e-03, -4.7830309252701911e-04,
          4.3014510616594059e-02, 5.4602513195134332e-03,
          -5.8444203971416298e-03, -1.3241244680847312e-02,
          1.0819793465670179e-02, -6.5082608199600153e-04,
          2.3861478152143990e-02, 1.1665348157146633e-02,
          6.1963566280169519e-03, 5.4602513195134332e-03,
          1.8726534024657314e-02, -4.5597024844147549e-04,
          -1.7192091622371557e-02, 1.4250024176718971e-02,
          2.2628481794554883e-03, 1.6107566712651789e-03,
          2.5625420786528040e-03, 8.0163212699945374e-04,
          -5.8444203971416333e-03, -4.5597024844147549e-04,
          1.4215263027799790e-01, 3.0317207417586340e-03,
          2.1115225544496071e-03, 5.2649210931252624e-03,
          -3.6544015791942143e-02, -1.3740354626973922e-02,
          -9.0375443823472804e-03, -1.3241244680847312e-02,
          -1.7192091622371557e-02, 3.0317207417586349e-03,
          6.0712981394713976e-02, -3.6907586818218818e-02,
          -9.6963612518646467e-04, 2.8331418543857474e-02,
          1.4729643743312816e-02, 1.0847557009925386e-02,
          1.0819793465670182e-02, 1.4250024176718971e-02,
          2.1115225544496054e-03, -3.6907586818218825e-02,
          5.7961526747032532e-02, -3.2339880648785471e-03,
          -2.6668010493142054e-03, 2.0838011784736132e-03,
          -8.4065603265571429e-03, -6.5082608199600186e-04,
          2.2628481794554874e-03, 5.2649210931252641e-03,
          -9.6963612518646467e-04, -3.2339880648785471e-03,
          6.5598973711566352e-02 ]
   - !!opencv-matrix
      rows: 9
      cols: 9
      dt: d
      data: [ 1.9491696666661990e-01, 9.2906833739185360e-02,
          1.2209727017298326e-02, -8.3139427897195514e-03,
          -4.1386767450823231e-03, 8.4540576089090717e-03,
          2.5804075021768767e-03, 2.4341190572101091e-02,
          1.1728810438754529e-03, 9.2906833739185346e-02,
          2.3519432933464726e-01, 3.1385704645641367e-02,
          5.7597623217421325e-02, 1.6778437054518328e-02,
          1.2661609355153430e-02, -2.4141452875381421e-03,
          6.3401424146863436e-02, 3.1064254788171091e-03,
          1.2209727017298326e-02, 3.1385704645641367e-02,
          7.2164443940161083e-02, 6.5542712123874058e-03,
          2.7632650603330007e-03, 3.8235863328444620e-03,
          -1.6689965155666535e-03, 1.0788541652522514e-02,
          1.3322232300845533e-04, -8.3139427897195549e-03,
          5.7597623217421325e-02, 6.5542712123874058e-03,
          2.1199732200987664e-01, 4.1752405713640486e-02,
          2.2197705016563001e-03, -4.4506524422762012e-03,
          2.2740335041509928e-02, -6.2771271391053509e-03,
          -4.1386767450823274e-03, 1.6778437054518331e-02,
          2.7632650603329999e-03, 4.1752405713640500e-02,
          4.4046223706587347e-02, -3.5076705927611915e-04,
          -7.6008367640348427e-04, 4.9311001897033978e-03,
