%YAML:1.0
---
groups:
   - intact
   - CD19
intactGmmnames:
   - "intact.685.0"
   - "intact.685.1"
   - "intact.685.2"
   - "intact.685.3"
   - "intact.685.4"
intactLabels:
   - FSC-A
   - SSC-A
   - CD20
   - CD10
   - CD45
   - CD34
   - SYTO41
   - CD19
   - CD38
intactMu: !!opencv-matrix
   rows: 5
   cols: 9
   dt: d
   data: [ 3.2700303713480769e+00, 2.9186009913335518e+00,
       1.2933094639161502e+00, 2.6801134894925767e+00,
       3.1195267177104959e+00, 1.1499121970063400e+00,
       3.2156352859832271e+00, 1.6732480148617557e+00,
       1.7591556475381211e+00, 1.5143971061176116e+00,
       3.5831685175721739e-01, 9.3814983042791478e-01,
       8.3025022005953630e-01, 3.6107075736366832e+00,
       1.0380240484989947e+00, 3.4534124450453838e+00,
       1.0480368874703858e+00, 1.9814863133947844e+00,
       3.6369610374977652e+00, 2.4744530617759493e+00,
       1.0894688628209337e+00, 1.9285455594727596e+00,
       2.8415746759027631e+00, 1.1038132938564755e+00,
       3.3021484142354045e+00, 1.5535300324140655e+00,
       1.7847161659946165e+00, 1.3458251595894122e+00,
       3.9878632291791372e-01, 1.0025943140422808e+00,
       1.0350655698760576e+00, 1.4128322688913151e+00,
       1.0972718177411573e+00, 3.3058653581222188e+00,
       9.9768490454116743e-01, 1.7354547116465495e+00,
       2.2993732063002112e+00, 1.6198594889441900e+00,
       1.5691336587679801e+00, 1.7078683035589226e+00,
       2.8151770991509539e+00, 1.3029147976032465e+00,
       3.3340797062879903e+00, 1.4467334426477971e+00,
       2.0738437756596886e+00 ]
intactSigma:
   - !!opencv-matrix
      rows: 9
      cols: 9
      dt: d
      data: [ 3.1429658706217967e-01, 1.3946923635212863e-01,
          2.6922904438817959e-02, -1.4960678061741896e-02,
          -1.6018862293623523e-02, 1.8418308781213010e-03,
          -1.4218492012398196e-02, 3.5697968113616196e-02,
          2.6640396858973723e-03, 1.3946923635212860e-01,
          2.8880422324182775e-01, 3.9502338681972594e-02,
          1.8597433173406203e-02, 1.0380604556740097e-02,
          6.1928563711851391e-03, -2.0577146935964945e-02,
          6.3804590553186921e-02, 2.5222249586076464e-03,
          2.6922904438817959e-02, 3.9502338681972587e-02,
          5.1090153846990428e-02, 2.6821093207766268e-03,
          5.6249076114133030e-03, 2.8369752876970188e-03,
          -4.9033430114360527e-03, 1.2328772274806003e-02,
          2.0072994424055841e-04, -1.4960678061741896e-02,
          1.8597433173406203e-02, 2.6821093207766268e-03,
          5.8469855667636773e-02, 1.8579882901598264e-02,
          -1.6026070241976614e-04, -5.7060244085462321e-03,
          5.2576485675470529e-03, 3.6456593659961581e-04,
          -1.6018862293623523e-02, 1.0380604556740095e-02,
          5.6249076114133021e-03, 1.8579882901598264e-02,
          2.8129561330523200e-02, -3.5248064251095878e-03,
          -8.4389328560065067e-03, 4.6776657730537453e-03,
          -1.4979205842143241e-03, 1.8418308781213025e-03,
          6.1928563711851400e-03, 2.8369752876970179e-03,
          -1.6026070241976616e-04, -3.5248064251095891e-03,
          8.6727324692890309e-02, 2.5483512988362673e-03,
          1.1163853634364245e-03, 7.7586620419987571e-04,
          -1.4218492012398195e-02, -2.0577146935964942e-02,
          -4.9033430114360553e-03, -5.7060244085462312e-03,
          -8.4389328560065067e-03, 2.5483512988362664e-03,
          5.3382052140549502e-02, -1.4533716178807278e-02,
          9.0215389078674812e-04, 3.5697968113616189e-02,
          6.3804590553186921e-02, 1.2328772274806003e-02,
          5.2576485675470521e-03, 4.6776657730537444e-03,
          1.1163853634364234e-03, -1.4533716178807278e-02,
          3.6550334408950037e-02, -2.1243030182035777e-03,
          2.6640396858973732e-03, 2.5222249586076472e-03,
          2.0072994424055851e-04, 3.6456593659961581e-04,
          -1.4979205842143241e-03, 7.7586620419987527e-04,
          9.0215389078674769e-04, -2.1243030182035777e-03,
          7.1209861622008363e-03 ]
   - !!opencv-matrix
      rows: 9
      cols: 9
      dt: d
      data: [ 1.1352855220607340e-01, 2.3251627961979077e-02,
          7.1981934842286818e-03, 8.5934942819924347e-03,
          1.9753387291232983e-02, 1.1101565489095615e-04,
          -4.9239682116418861e-02, 2.1286310755031766e-02,
          2.5883001038540271e-02, 2.3251627961979080e-02,
          1.7944655325692300e-02, 9.5135628278029735e-03,
          6.2334591701972203e-03, 1.0703323331142154e-02,
          -5.6091184150623989e-04, -2.4189548132254528e-02,
          1.2438008884126956e-02, 1.7125412759430018e-02,
          7.1981934842286818e-03, 9.5135628278029735e-03,
          8.1843122248201283e-02, -2.1745512329491854e-03,
          7.0176278612884601e-03, 1.2478428362620120e-03,
          -7.1853917533780164e-03, 5.9374353710872916e-03,
          -6.8770881709332224e-03, 8.5934942819924347e-03,
          6.2334591701972203e-03, -2.1745512329491849e-03,
          3.4512513744921570e-02, 4.4249949271808059e-03,
          -3.6145962524303256e-03, -1.1400734617840738e-02,
          6.4909211730145040e-03, 3.6622779072379699e-03,
          1.9753387291232983e-02, 1.0703323331142154e-02,
          7.0176278612884627e-03, 4.4249949271808050e-03,
          1.7966552873566900e-02, -2.3701861277772639e-03,
          -1.7250382106566785e-02, 9.8329762384008045e-03,
          -1.5656058433551250e-03, 1.1101565489095609e-04,
          -5.6091184150623967e-04, 1.2478428362620100e-03,
          -3.6145962524303243e-03, -2.3701861277772656e-03,
          1.4320239548388888e-01, 2.1686779054525466e-03,
          -1.5915031968684142e-04, 9.0453084929300622e-04,
          -4.9239682116418861e-02, -2.4189548132254528e-02,
          -7.1853917533780181e-03, -1.1400734617840738e-02,
          -1.7250382106566788e-02, 2.1686779054525466e-03,
          6.7872078245656775e-02, -2.7567789357063048e-02,
          -3.4778303139088966e-02, 2.1286310755031766e-02,
          1.2438008884126960e-02, 5.9374353710872924e-03,
          6.4909211730145040e-03, 9.8329762384008045e-03,
          -1.5915031968684302e-04, -2.7567789357063048e-02,
          3.1948182280418132e-02, 9.4711860016426976e-03,
          2.5883001038540271e-02, 1.7125412759430018e-02,
          -6.8770881709332259e-03, 3.6622779072379712e-03,
          -1.5656058433551256e-03, 9.0453084929300654e-04,
          -3.4778303139088966e-02, 9.4711860016426976e-03,
          1.2119037538050659e-01 ]
   - !!opencv-matrix
      rows: 9
      cols: 9
      dt: d
      data: [ 2.4554149482309448e-01, 3.1396868140252526e-02,
          6.0964999193739669e-02, -1.1295099805366268e-01,
          -4.6970165205795916e-02, 5.2243814430636215e-03,
          2.9112834897130359e-03, 2.7571246982577929e-03,
          9.5729311673224023e-03, 3.1396868140252526e-02,
          3.0803381364814586e-01, 5.0667745846847525e-03,
          1.4791428505998183e-01, 6.6810448424497210e-02,
          -4.6156487677747474e-03, -5.3510656126112818e-02,
          8.3660421317681519e-02, -3.1771311895980982e-03,
          6.0964999193739669e-02, 5.0667745846847533e-03,
          9.5440321881568535e-02, -9.7810902600790534e-02,
          -2.9544085020990679e-02, -6.0387990343033034e-05,
          7.5974037233005704e-03, -4.2786452613713432e-03,
          7.6211941744542206e-03, -1.1295099805366270e-01,
          1.4791428505998183e-01, -9.7810902600790534e-02,
          3.9005077689135109e-01, 1.0251091260143508e-01,
          2.8672014160018391e-03, -7.3997402686027489e-02,
          5.8944496281241154e-02, -2.2860854254079379e-02,
          -4.6970165205795916e-02, 6.6810448424497210e-02,
          -2.9544085020990679e-02, 1.0251091260143508e-01,
          6.2000565210028780e-02, -3.3970599415750874e-03,
          -2.1413247479086357e-02, 2.3324245362881749e-02,
