%YAML:1.0
---
groups:
   - intact
   - CD19
   - blast
intactGmmnames:
   - "intact.689.0"
   - "intact.689.1"
   - "intact.689.2"
   - "intact.689.3"
   - "intact.689.4"
intactLabels:
   - FSC-A
   - SSC-A
   - CD20
   - CD10
   - CD45
   - CD34
   - SYTO41
   - CD19
   - CD38
intactMu: !!opencv-matrix
   rows: 5
   cols: 9
   dt: d
   data: [ 1.7851763767336750e+00, 1.2063726443128564e+00,
       1.3898528122095410e+00, 1.1447562169497167e+00,
       2.3446624967448684e+00, 1.3148540278609604e+00,
       3.7471792274385658e+00, 1.1094601920710723e+00,
       2.2820766532498222e+00, 8.7346874250653772e-01,
       4.0432862336699221e-01, 9.2292210433561128e-01,
       7.9770028090347866e-01, 1.3245261969245421e+00,
       1.0229805803912126e+00, 3.6747707997694401e+00,
       9.5611158401535012e-01, 1.5567603169885007e+00,
       5.4621243921314544e-01, 2.8608795869796211e-01,
       1.0049181053621239e+00, 7.4806284613946461e-01,
       3.5213883822486243e+00, 1.0699009093988152e+00,
       3.7510378094242314e+00, 1.0120999059892182e+00,
       1.7844164602664094e+00, 2.4104074689133839e+00,
       3.2757888034346232e+00, 1.2409570624701476e+00,
       2.0934525621700026e+00, 3.1556211210940677e+00,
       1.1463412672961077e+00, 3.4857634358878564e+00,
       1.5990705910725536e+00, 1.7715693730382469e+00,
       1.5531552356559695e+00, 5.3547027896940036e-01,
       1.1114651642634885e+00, 8.6281939776714933e-01,
       3.7997999746436046e+00, 1.0702963433401957e+00,
       3.3160884096948813e+00, 1.1770257344518733e+00,
       2.3675446773362321e+00 ]
intactSigma:
   - !!opencv-matrix
      rows: 9
      cols: 9
      dt: d
      data: [ 8.9183350948286588e-01, 4.2598667990748906e-01,
          1.3257737012949763e-01, 3.5693054852413392e-02,
          3.4300403637611410e-01, 1.3417276088577415e-01,
          -4.2725286936225577e-02, 1.0603095697008698e-01,
          1.4449447537585625e-01, 4.2598667990748906e-01,
          5.4408823862995803e-01, 1.4077279096402812e-01,
          8.2913914948467948e-02, 2.9865346831550982e-01,
          9.0667218625060150e-02, -4.0257184644822003e-02,
          1.4824689818099840e-01, 1.5504411846051230e-01,
          1.3257737012949763e-01, 1.4077279096402812e-01,
          2.3063818721469104e-01, 1.2889816594701609e-01,
          1.1256770989990598e-01, 7.0295875533100183e-02,
          -2.4550675251543516e-02, 1.0444339283440733e-01,
          5.3535660248173841e-02, 3.5693054852413392e-02,
          8.2913914948467934e-02, 1.2889816594701611e-01,
          2.7691062674621392e-01, 5.9580991527677069e-02,
          4.8881284988462982e-02, -4.8778255567274116e-02,
          1.0086717407061896e-01, 5.3798557844823867e-02,
          3.4300403637611410e-01, 2.9865346831550982e-01,
          1.1256770989990597e-01, 5.9580991527677082e-02,
          6.8061508708360408e-01, 1.3073061484319135e-01,
          -8.7781851907398636e-02, 1.5583819604289809e-01,
          2.4250206862422655e-01, 1.3417276088577412e-01,
          9.0667218625060164e-02, 7.0295875533100183e-02,
          4.8881284988462982e-02, 1.3073061484319135e-01,
          2.3127040137774801e-01, -3.8604237130139003e-02,
          6.6516012428104954e-02, 5.3536738599447208e-02,
          -4.2725286936225557e-02, -4.0257184644821996e-02,
          -2.4550675251543516e-02, -4.8778255567274116e-02,
          -8.7781851907398650e-02, -3.8604237130139003e-02,
          1.0386499125564211e-01, -8.0223616603422185e-02,
          -2.7844561345972508e-02, 1.0603095697008699e-01,
          1.4824689818099840e-01, 1.0444339283440733e-01,
          1.0086717407061896e-01, 1.5583819604289809e-01,
          6.6516012428104954e-02, -8.0223616603422185e-02,
          1.5684885465076606e-01, 5.6647111334008890e-02,
          1.4449447537585627e-01, 1.5504411846051230e-01,
          5.3535660248173841e-02, 5.3798557844823867e-02,
          2.4250206862422655e-01, 5.3536738599447208e-02,
          -2.7844561345972508e-02, 5.6647111334008904e-02,
          3.6699106660083869e-01 ]
   - !!opencv-matrix
      rows: 9
      cols: 9
      dt: d
      data: [ 1.3056676522089136e-01, 3.4342500721569094e-02,
          3.8623153990394135e-02, 2.0682203964569948e-02,
          2.5158765004007728e-02, 1.0511735497552553e-03,
          -9.6492385880932452e-03, 1.0456074361072362e-02,
          1.6641435235574001e-02, 3.4342500721569094e-02,
          2.5563448253603040e-02, 2.6026428813570222e-02,
          7.5157769377121640e-03, 1.3949900038506130e-02,
          1.2392331369665255e-03, 8.1887718479775329e-03,
          4.3652808512057107e-04, 1.2517629155714595e-02,
          3.8623153990394142e-02, 2.6026428813570222e-02,
          9.5527101950736937e-02, 7.7393271676280042e-03,
          1.4737161733766577e-02, 1.3341887344079503e-03,
          3.7152586718456064e-04, 5.8955310808005016e-03,
          1.0316915582311303e-02, 2.0682203964569948e-02,
          7.5157769377121640e-03, 7.7393271676280077e-03,
          4.6312076079928807e-02, 1.2270815260267713e-02,
          -1.2368341910934245e-03, -1.8307045350857448e-02,
          1.1366238883323124e-02, 4.4116614951303446e-03,
          2.5158765004007728e-02, 1.3949900038506130e-02,
          1.4737161733766577e-02, 1.2270815260267711e-02,
          4.6890982172644043e-02, -5.5792114658363126e-04,
          7.7935585914427996e-05, 2.7044752736184413e-03,
          1.5208933134647946e-02, 1.0511735497552557e-03,
          1.2392331369665258e-03, 1.3341887344079499e-03,
          -1.2368341910934243e-03, -5.5792114658363104e-04,
          1.6265940491708871e-02, 1.8932474909959893e-03,
          -8.6991940661032541e-04, 4.7105495188471514e-04,
          -9.6492385880932487e-03, 8.1887718479775329e-03,
          3.7152586718456118e-04, -1.8307045350857455e-02,
          7.7935585914428362e-05, 1.8932474909959883e-03,
          7.0141158622144692e-02, -3.0939823988179637e-02,
          1.3010324180307804e-02, 1.0456074361072362e-02,
          4.3652808512057107e-04, 5.8955310808005007e-03,
          1.1366238883323122e-02, 2.7044752736184413e-03,
          -8.6991940661032563e-04, -3.0939823988179637e-02,
          1.9480808300059400e-02, -4.9553596108475066e-03,
          1.6641435235574001e-02, 1.2517629155714591e-02,
          1.0316915582311304e-02, 4.4116614951303437e-03,
          1.5208933134647940e-02, 4.7105495188471498e-04,
          1.3010324180307802e-02, -4.9553596108475066e-03,
          2.6655773523060675e-02 ]
   - !!opencv-matrix
      rows: 9
      cols: 9
      dt: d
      data: [ 3.3082862854792838e-02, 2.3733507450368640e-03,
          6.5860816765281483e-03, 5.6587694314473814e-03,
          1.0257373118126207e-02, -2.3898583821698569e-03,
          -8.7149510822999397e-03, 2.3177349926816223e-03,
          -8.9461884737087553e-03, 2.3733507450368636e-03,
          5.7894444286778557e-03, 1.1009348150573721e-02,
          2.8781088552812992e-03, 3.6061613366773588e-03,
          -6.9162882407531364e-04, -1.8249226485198182e-04,
          1.8196366076140560e-03, -4.8712288272537750e-03,
          6.5860816765281466e-03, 1.1009348150573721e-02,
          9.8211411002155385e-02, 9.8136026904136397e-04,
          8.8576943616324351e-03, -4.1188422367292093e-03,
          -3.2610610575260128e-04, 4.6206578247028019e-03,
          -1.4861164016726075e-02, 5.6587694314473806e-03,
          2.8781088552812997e-03, 9.8136026904136375e-04,
          3.1139948565552893e-02, 2.9439203119840992e-03,
          -3.7012751292998278e-03, -3.0387938399614898e-03,
          2.6453054764182201e-03, -3.1117360093482448e-03,
          1.0257373118126207e-02, 3.6061613366773588e-03,
          8.8576943616324351e-03, 2.9439203119840992e-03,
          1.3692425128808342e-02, -2.8475491284435613e-03,
          -2.9312294222313810e-03, 1.8171473850450742e-03,
