%YAML:1.0
---
groups:
   - intact
   - CD19
   - blast
intactGmmnames:
   - "intact.698.0"
   - "intact.698.1"
   - "intact.698.2"
   - "intact.698.3"
   - "intact.698.4"
intactLabels:
   - FSC-A
   - SSC-A
   - CD20
   - CD10
   - CD45
   - CD34
   - SYTO41
   - CD19
   - CD38
intactMu: !!opencv-matrix
   rows: 5
   cols: 9
   dt: d
   data: [ 1.9905129447015808e+00, 1.4011593569774143e+00,
       1.4977033332915293e+00, 1.4603998645063996e+00,
       3.0196642392379429e+00, 1.4185548978074825e+00,
       2.5157307804298248e+00, 1.5809313062493751e+00,
       1.9800133612330546e+00, 2.7027345954690514e+00,
       3.0807591668719438e+00, 1.2023521760736817e+00,
       2.0424565595478672e+00, 3.1481265724001561e+00,
       1.1243217882607022e+00, 2.5660668926140251e+00,
       1.8416323004026791e+00, 1.6799053021801384e+00,
       1.6269940472399820e+00, 5.5460015867262669e-01,
       1.1048564885088827e+00, 8.8531359427242362e-01,
       3.8904479761761266e+00, 1.1000456495952091e+00,
       2.2688388353703215e+00, 1.3635517059760116e+00,
       2.0202204392922383e+00, 1.3778553061360099e+00,
       1.0431297838535767e+00, 1.0865950335740462e+00,
       1.0296560892709150e+00, 1.2987347897252572e+00,
       1.1172411384773193e+00, 2.4146527840681298e+00,
       1.2427085992067453e+00, 1.4364566503976144e+00,
       1.4655473453529011e+00, 3.1169731328861583e-01,
       1.0314436644125677e+00, 8.4467986522069394e-01,
       3.8004119617136705e+00, 1.0845848638848372e+00,
       2.5048835885720342e+00, 1.1671769568856238e+00,
       1.9209802123533204e+00 ]
intactSigma:
   - !!opencv-matrix
      rows: 9
      cols: 9
      dt: d
      data: [ 6.0730531550214772e-01, 3.3991238757352488e-01,
          4.5134431394352074e-02, -1.6018450713385219e-02,
          -2.3044348940971737e-02, 5.6344053651833960e-02,
          5.9409421499912627e-03, 8.4434846236595112e-02,
          1.0981244041098345e-02, 3.3991238757352488e-01,
          8.4341058480276343e-01, 1.6117048599405159e-01,
          3.6857720850540135e-02, -7.1647714293829594e-04,
          1.2236531655894482e-01, 6.8166479979299100e-03,
          2.9633504952492862e-01, 1.0257773709922442e-02,
          4.5134431394352074e-02, 1.6117048599405159e-01,
          3.7037158281618726e-01, 1.3404110631079480e-01,
          1.2321964280227081e-02, 1.0168143971735527e-01,
          1.1219019256358589e-01, 1.8307764293488604e-01,
          8.8568130432080727e-02, -1.6018450713385212e-02,
          3.6857720850540128e-02, 1.3404110631079480e-01,
          3.8315695581947279e-01, 2.0079512399177598e-02,
          7.5235183489664181e-02, 4.7969626495765041e-02,
          8.6181568471953643e-02, 1.9967241071578712e-02,
          -2.3044348940971730e-02, -7.1647714293829280e-04,
          1.2321964280227081e-02, 2.0079512399177601e-02,
          7.0590989080363098e-01, -9.6593929775308479e-02,
          -2.1483288098105884e-02, 7.1402539392620257e-02,
          1.2796141028753510e-01, 5.6344053651833946e-02,
          1.2236531655894482e-01, 1.0168143971735527e-01,
          7.5235183489664181e-02, -9.6593929775308479e-02,
          2.8392492743395070e-01, -1.2578303455108845e-02,
          7.7804090471042434e-02, 6.3948104499465752e-02,
          5.9409421499912601e-03, 6.8166479979299031e-03,
          1.1219019256358589e-01, 4.7969626495765035e-02,
          -2.1483288098105877e-02, -1.2578303455108845e-02,
          2.0417824110870872e-01, -8.2163686599970934e-03,
          6.7069188213986899e-02, 8.4434846236595126e-02,
          2.9633504952492862e-01, 1.8307764293488604e-01,
          8.6181568471953629e-02, 7.1402539392620257e-02,
          7.7804090471042434e-02, -8.2163686599970934e-03,
          2.8711485875529602e-01, 4.9498701517256528e-02,
          1.0981244041098345e-02, 1.0257773709922435e-02,
          8.8568130432080727e-02, 1.9967241071578712e-02,
          1.2796141028753513e-01, 6.3948104499465766e-02,
          6.7069188213986899e-02, 4.9498701517256528e-02,
          4.7638318417778003e-01 ]
   - !!opencv-matrix
      rows: 9
      cols: 9
      dt: d
      data: [ 4.4183071288431680e-01, 8.7890594965883848e-02,
          3.4861644697886517e-02, -9.4786242504797835e-02,
          -1.0532942843447610e-02, 4.2974698537638911e-03,
          9.2180501159226777e-04, 1.6420861909177423e-02,
          2.0916550360876834e-02, 8.7890594965883861e-02,
          3.5969141741420896e-01, 3.9446777590512155e-02,
          9.9337879757168193e-02, 3.0384765734467165e-02,
          8.0665222079327453e-03, -1.5348269517266996e-02,
          7.1701945363647379e-02, 4.4122638483927307e-03,
          3.4861644697886524e-02, 3.9446777590512155e-02,
          4.6843943347034268e-02, -7.0071494812920763e-03,
          8.8891668176582762e-04, -1.5752832026102849e-03,
          1.0583888325631586e-03, 9.0820775577674893e-03,
          5.6904875597550836e-03, -9.4786242504797835e-02,
          9.9337879757168193e-02, -7.0071494812920763e-03,
          2.1718583543250961e-01, 3.5618644636183784e-02,
          2.0115998731078896e-03, -4.9815090553218455e-03,
          2.1566412667358523e-02, -1.6661814259049626e-02,
          -1.0532942843447610e-02, 3.0384765734467158e-02,
          8.8891668176582762e-04, 3.5618644636183777e-02,
          2.4493705326038402e-02, -1.2214523990949002e-03,
          -4.4301708303488199e-03, 6.7942986488125695e-03,
          -2.0075382966850391e-03, 4.2974698537638911e-03,
          8.0665222079327453e-03, -1.5752832026102853e-03,
          2.0115998731078883e-03, -1.2214523990948997e-03,
          4.6916725207144488e-02, 4.8084940691271949e-04,
          1.7844752468773484e-03, 2.0057613279065859e-04,
          9.2180501159227037e-04, -1.5348269517267000e-02,
          1.0583888325631581e-03, -4.9815090553218463e-03,
          -4.4301708303488181e-03, 4.8084940691271911e-04,
          3.7931501822374529e-02, -3.0294932092045346e-03,
          -3.0223870747042351e-03, 1.6420861909177423e-02,
          7.1701945363647393e-02, 9.0820775577674893e-03,
          2.1566412667358516e-02, 6.7942986488125695e-03,
          1.7844752468773478e-03, -3.0294932092045346e-03,
          3.4485440868253302e-02, -3.5443472683566539e-03,
          2.0916550360876834e-02, 4.4122638483927324e-03,
          5.6904875597550818e-03, -1.6661814259049629e-02,
          -2.0075382966850382e-03, 2.0057613279065811e-04,
          -3.0223870747042351e-03, -3.5443472683566548e-03,
          3.9550833599365773e-02 ]
   - !!opencv-matrix
      rows: 9
      cols: 9
      dt: d
      data: [ 1.1499630868598783e-01, 3.2024980443832499e-03,
          -2.1120603338438496e-05, 2.6990945748057586e-04,
          6.1200218131610990e-03, -3.3589494112090039e-03,
          -8.3964164921027096e-03, -6.4891837401953383e-04,
          -1.0823016504434013e-02, 3.2024980443832490e-03,
          2.1260716695531538e-02, 6.7066227913786325e-03,
          1.6049352768287930e-03, 3.2505923163464365e-03,
          3.1860293382605944e-03, -1.6879980186635930e-03,
          6.7763260234362781e-03, 3.9578617843810969e-02,
          -2.1120603338438090e-05, 6.7066227913786308e-03,
          5.8000766797211445e-02, -3.2091099675220077e-03,
          6.9881886181226839e-04, 2.4555793952567091e-03,
          7.3110491514208091e-03, 5.4486542109066756e-03,
          -1.3550423048713990e-02, 2.6990945748057554e-04,
          1.6049352768287937e-03, -3.2091099675220077e-03,
          4.4052870253392655e-02, -1.6623132915174750e-04,
          -1.1862407700825551e-02, 1.4937826056399862e-03,
          -3.8974079425903389e-04, -4.2319131280687001e-03,
          6.1200218131610981e-03, 3.2505923163464365e-03,
          6.9881886181226785e-04, -1.6623132915174750e-04,
          1.3520339610665287e-02, -1.7157439150298243e-03,
          -7.7850282202928502e-03, 5.9717948078011601e-03,
