%YAML:1.0
---
groups:
   - intact
   - CD19
   - blast
intactGmmnames:
   - "intact.705.0"
   - "intact.705.1"
   - "intact.705.2"
   - "intact.705.3"
   - "intact.705.4"
intactLabels:
   - FSC-A
   - SSC-A
   - CD20
   - CD10
   - CD45
   - CD34
   - SYTO41
   - CD19
   - CD38
intactMu: !!opencv-matrix
   rows: 5
   cols: 9
   dt: d
   data: [ 1.2668404877377399e+00, 3.0335556484413501e-01,
       8.7475955771907410e-01, 8.6398109032188775e-01,
       3.5663291687270204e+00, 1.0022841132411895e+00,
       3.1308372009335468e+00, 7.4318750155701740e-01,
       1.5626471677543736e+00, 2.5854281555594403e+00,
       2.9172035659428799e+00, 1.3264254988300899e+00,
       1.7486599441813853e+00, 2.6259914304157586e+00,
       1.1460172416261991e+00, 3.1270753686051234e+00,
       1.4259536196450300e+00, 1.7078150785268453e+00,
       1.0333096861638231e+00, 4.3359794802679658e-01,
       9.4809342374867822e-01, 1.2101171970970781e+00,
       1.4939787945185636e+00, 1.0663566801391402e+00,
       2.9952569422194664e+00, 8.7512415639254204e-01,
       1.4919820640973100e+00, 1.4187576650795779e+00,
       4.6571768251741447e-01, 9.4268500395289290e-01,
       9.0748762298528274e-01, 3.6729930632822785e+00,
       1.0194948203832936e+00, 2.9364146834949238e+00,
       7.2303151206345517e-01, 1.1865376404320782e+00,
       1.6299912805948293e+00, 5.9408663238748916e-01,
       9.3409281104069952e-01, 8.8863898281509779e-01,
       3.7046898538762063e+00, 1.0292729757133194e+00,
       2.9204304222087152e+00, 8.5033749047117269e-01,
       2.0389741462096129e+00 ]
intactSigma:
   - !!opencv-matrix
      rows: 9
      cols: 9
      dt: d
      data: [ 5.9773292898680802e-02, 1.5203767562710568e-03,
          1.0431764016373495e-03, 1.1747191597713241e-03,
          7.3033676091280629e-03, -5.0926742269551996e-03,
          -2.1230649268654247e-03, 1.0096737454052268e-02,
          2.5305644746846344e-02, 1.5203767562710570e-03,
          5.3892401696267979e-03, 5.6263420533800203e-03,
          9.6491400882688669e-04, 2.3007065231047548e-03,
          6.2716851065529550e-04, -1.7932315214394109e-03,
          2.9064108333846396e-04, -2.0892522157812520e-03,
          1.0431764016373486e-03, 5.6263420533800203e-03,
          6.2329602417721036e-02, -4.3091703936187879e-03,
          2.4568303738216686e-03, 5.8319726952947863e-04,
          -4.4364861351450276e-04, -2.8613738455880565e-04,
          -1.2439813126339259e-02, 1.1747191597713241e-03,
          9.6491400882688680e-04, -4.3091703936187871e-03,
          2.3622395984019696e-02, 4.3428223441584240e-04,
          -3.5809849482338163e-03, -1.0113463868778093e-03,
          7.5600910324100123e-04, -1.1007716041216368e-03,
          7.3033676091280629e-03, 2.3007065231047548e-03,
          2.4568303738216691e-03, 4.3428223441584218e-04,
          7.6677078027387914e-03, -1.5163875032643715e-03,
          -3.3590153344268863e-03, -6.0819257791601715e-04,
          -1.1383211639549051e-03, -5.0926742269552031e-03,
          6.2716851065529539e-04, 5.8319726952947711e-04,
          -3.5809849482338150e-03, -1.5163875032643708e-03,
          9.9863208298944586e-02, 1.5167477474627802e-03,
          9.2397056123970099e-05, 5.8369425951811686e-03,
          -2.1230649268654247e-03, -1.7932315214394105e-03,
          -4.4364861351450259e-04, -1.0113463868778091e-03,
          -3.3590153344268863e-03, 1.5167477474627806e-03,
          1.4494762416586916e-02, -2.5730412307660338e-03,
          2.3787566140430461e-03, 1.0096737454052269e-02,
          2.9064108333846396e-04, -2.8613738455880559e-04,
          7.5600910324100145e-04, -6.0819257791601704e-04,
          9.2397056123970329e-05, -2.5730412307660338e-03,
          2.1911457665196133e-02, 5.4538546593917046e-03,
          2.5305644746846344e-02, -2.0892522157812520e-03,
          -1.2439813126339256e-02, -1.1007716041216372e-03,
          -1.1383211639549049e-03, 5.8369425951811686e-03,
          2.3787566140430461e-03, 5.4538546593917046e-03,
          1.0638643653292029e-01 ]
   - !!opencv-matrix
      rows: 9
      cols: 9
      dt: d
      data: [ 8.1177070028071141e-01, 8.3284956718054026e-01,
          -7.4477735971173409e-02, 7.8227619057169934e-02,
          2.6258625539987642e-02, -4.5788798543428599e-02,
          5.2874251576948042e-02, 1.6416889170146967e-01,
          -9.8737644495683022e-02, 8.3284956718054026e-01,
          1.7322877105448717e+00, -1.6021172355384308e-01,
          2.4377683558765123e-01, 6.0461018083266288e-02,
          -1.0311354480348024e-01, 8.0632604854665640e-02,
          2.6395720666630496e-01, -2.4475493717220323e-01,
          -7.4477735971173409e-02, -1.6021172355384308e-01,
          1.7100869548931077e-01, -1.1472985889923910e-02,
          4.7811731616200365e-02, 2.1393340489604170e-02,
          3.2556370523350192e-03, 3.7889123124248754e-02,
          3.1622852139964977e-02, 7.8227619057169934e-02,
          2.4377683558765123e-01, -1.1472985889923914e-02,
          1.9403450259377900e-01, 1.8208853652016944e-02,
          -1.0609831400301206e-02, 2.7862721603518912e-02,
          4.4275543953230884e-02, -3.3212488694402992e-02,
          2.6258625539987642e-02, 6.0461018083266288e-02,
          4.7811731616200365e-02, 1.8208853652016948e-02,
          1.8146842429684532e-01, 1.6762191161525661e-03,
          1.0890994304603914e-02, 3.2399347670216690e-02,
          1.7729671292389164e-02, -4.5788798543428592e-02,
          -1.0311354480348024e-01, 2.1393340489604167e-02,
          -1.0609831400301206e-02, 1.6762191161525661e-03,
          8.2155403629002588e-02, -6.0521695931859089e-03,
          -1.5708893912072197e-02, 3.9082290820015707e-02,
          5.2874251576948042e-02, 8.0632604854665640e-02,
          3.2556370523350192e-03, 2.7862721603518912e-02,
          1.0890994304603913e-02, -6.0521695931859089e-03,
          1.0886774994666645e-01, -3.4238782070836267e-03,
          6.9742607104349564e-04, 1.6416889170146967e-01,
          2.6395720666630496e-01, 3.7889123124248754e-02,
          4.4275543953230884e-02, 3.2399347670216690e-02,
          -1.5708893912072197e-02, -3.4238782070836258e-03,
          1.4704276889705495e-01, -4.3690708579299818e-02,
          -9.8737644495683036e-02, -2.4475493717220323e-01,
          3.1622852139964977e-02, -3.3212488694402999e-02,
          1.7729671292389164e-02, 3.9082290820015707e-02,
          6.9742607104349586e-04, -4.3690708579299818e-02,
          1.9925037903521267e-01 ]
   - !!opencv-matrix
      rows: 9
      cols: 9
      dt: d
      data: [ 1.0636807131482662e-01, 2.3878582319898558e-02,
          2.0168780622156036e-02, 1.4850368945184697e-02,
          1.2470738793861499e-02, 2.0234918946382681e-03,
          -1.5774310563361132e-02, 6.2668612626380696e-03,
          3.6371346291752546e-03, 2.3878582319898558e-02,
          2.2079451871097139e-02, 1.4619643651135012e-02,
          1.2231594221973788e-02, 1.3541461383345657e-02,
          1.3548340372882951e-03, -5.8262306171448126e-03,
          2.9711218535980405e-03, 4.0871504687300013e-03,
          2.0168780622156032e-02, 1.4619643651135014e-02,
          6.6907790980848106e-02, 7.1029390178986391e-03,
          8.8301256958146432e-03, 1.2855559638250023e-03,
          2.1713164662734204e-03, 2.9678307796265854e-03,
          3.5504528123581763e-03, 1.4850368945184697e-02,
          1.2231594221973790e-02, 7.1029390178986357e-03,
          1.4206103535934217e-01, 2.2691412681363137e-02,
          2.0102661058027716e-04, 2.6607791673605843e-02,
          -3.9509393003478157e-03, 1.3734952285758233e-02,
          1.2470738793861499e-02, 1.3541461383345655e-02,
          8.8301256958146432e-03, 2.2691412681363144e-02,
          6.8009462336962159e-02, -1.0431681211042656e-03,
