%YAML:1.0
---
groups:
   - intact
   - CD19
   - blast
intactGmmnames:
   - "intact.713.0"
   - "intact.713.1"
   - "intact.713.2"
   - "intact.713.3"
   - "intact.713.4"
intactLabels:
   - FSC-A
   - SSC-A
   - CD20
   - CD10
   - CD45
   - CD34
   - SYTO41
   - CD19
   - CD38
intactMu: !!opencv-matrix
   rows: 5
   cols: 9
   dt: d
   data: [ 1.0069783042681257e+00, 2.3791024245708225e-01,
       1.0579722111138701e+00, 8.9033648656752351e-01,
       3.3767508195318636e+00, 1.0559820622340947e+00,
       3.3678051106091043e+00, 9.7793461556648942e-01,
       1.6402717255776376e+00, 1.5027647574499783e+00,
       1.1179233911704551e+00, 1.6134843021660414e+00,
       1.6452295618214106e+00, 2.3011639092641207e+00,
       1.3974161547028885e+00, 3.1962969255021623e+00,
       1.4212840535833289e+00, 1.8108645995290460e+00,
       5.0213705069923842e-01, 2.4735239049051835e-01,
       9.8559966002940946e-01, 8.5817813945865995e-01,
       1.1104254503038191e+00, 1.0534522341837065e+00,
       3.5098031443526483e+00, 7.5453762951529213e-01,
       1.4822645891101867e+00, 1.7001977938357133e+00,
       3.8007034258434325e-01, 1.1253792119070010e+00,
       1.0115449963891614e+00, 3.5496549283885259e+00,
       1.0412396078597983e+00, 3.1003719460858958e+00,
       1.1085258274447098e+00, 1.6918128680151365e+00,
       2.7607020759666496e+00, 2.6705075343315783e+00,
       1.2789148684425944e+00, 1.8244477722967485e+00,
       2.7171244735497551e+00, 1.0917380325148858e+00,
       3.0534849407465763e+00, 1.7075645232727721e+00,
       1.7608327648431290e+00 ]
intactSigma:
   - !!opencv-matrix
      rows: 9
      cols: 9
      dt: d
      data: [ 1.4794307994126799e-01, 7.2596700566620268e-03,
          8.8764580775203966e-03, 5.6372637216381642e-03,
          3.4956749368326052e-02, 2.3065382762425860e-03,
          -5.3451684125555975e-02, 2.4207745084808049e-02,
          -1.8012474050560095e-02, 7.2596700566620277e-03,
          6.6382668268137202e-03, 7.8054425211865472e-03,
          5.0154927113878946e-03, 3.1252119492440980e-03,
          1.3606149791418570e-03, -3.5499412463967815e-03,
          4.7495577750490039e-03, -2.7099575514309871e-03,
          8.8764580775203931e-03, 7.8054425211865480e-03,
          8.9998467556252765e-02, 4.4257376057814986e-03,
          3.4167601151039858e-03, 4.2241310584568408e-03,
          -2.6931894393178377e-03, 7.8019832801006017e-03,
          -4.9164294955955992e-03, 5.6372637216381642e-03,
          5.0154927113878920e-03, 4.4257376057815004e-03,
          5.4645690234555094e-02, 2.4823267368166233e-03,
          -1.2648849990169440e-03, -3.8198134531218664e-03,
          5.6928452701020009e-03, -3.2164300669400691e-03,
          3.4956749368326052e-02, 3.1252119492440980e-03,
          3.4167601151039850e-03, 2.4823267368166233e-03,
          1.7831990141811752e-02, -9.8964940021237127e-04,
          -1.5443745774193478e-02, 8.1502751040662732e-03,
          -4.4877594823281618e-03, 2.3065382762425851e-03,
          1.3606149791418561e-03, 4.2241310584568408e-03,
          -1.2648849990169444e-03, -9.8964940021237084e-04,
          1.0733856164504432e-01, -6.1402693810302467e-04,
          1.4289691976221870e-03, 1.0433722925119514e-03,
          -5.3451684125555975e-02, -3.5499412463967815e-03,
          -2.6931894393178368e-03, -3.8198134531218664e-03,
          -1.5443745774193478e-02, -6.1402693810302500e-04,
          3.0242749183281393e-02, -1.4423124485030997e-02,
          8.0324046073620304e-03, 2.4207745084808049e-02,
          4.7495577750490030e-03, 7.8019832801006000e-03,
          5.6928452701020017e-03, 8.1502751040662732e-03,
          1.4289691976221875e-03, -1.4423124485030997e-02,
          3.6730234448067091e-02, -7.6138777005396452e-03,
          -1.8012474050560095e-02, -2.7099575514309871e-03,
          -4.9164294955955975e-03, -3.2164300669400682e-03,
          -4.4877594823281618e-03, 1.0433722925119512e-03,
          8.0324046073620304e-03, -7.6138777005396443e-03,
          4.2953587305000387e-02 ]
   - !!opencv-matrix
      rows: 9
      cols: 9
      dt: d
      data: [ 6.8259674453228081e-01, 3.1531629855553173e-01,
          -1.8943840344202644e-03, 4.1182396635577975e-02,
          2.4709235272411492e-01, 3.1219017289934141e-02,
          -3.3642464670854681e-02, 1.5999914862049436e-01,
          8.8890339447811828e-02, 3.1531629855553173e-01,
          7.0420823498171370e-01, -2.5216050680479688e-03,
          8.9444373911177141e-02, 1.1235693537851635e-01,
          6.1134230341210356e-02, -7.5675837640618339e-03,
          2.8630633452361665e-01, -4.0537537112567620e-03,
          -1.8943840344202579e-03, -2.5216050680479662e-03,
          3.6908967435021872e-01, 2.7668281552988316e-01,
          1.2835813541677033e-02, 1.0156260890213402e-01,
          4.3961113437611270e-02, 9.2747806467031152e-02,
          1.8762053392544662e-03, 4.1182396635577975e-02,
          8.9444373911177114e-02, 2.7668281552988316e-01,
          5.4777073284730227e-01, 5.6693207544745210e-02,
          1.6120426138619398e-01, 3.3933264446088587e-02,
          2.1975096309018488e-01, 2.8169114874714782e-02,
          2.4709235272411492e-01, 1.1235693537851635e-01,
          1.2835813541677033e-02, 5.6693207544745196e-02,
          8.8608962878217046e-01, 3.7857653963921510e-02,
          1.1454448286418022e-01, 1.2703043342022122e-01,
          1.8224212757648633e-01, 3.1219017289934141e-02,
          6.1134230341210356e-02, 1.0156260890213402e-01,
          1.6120426138619398e-01, 3.7857653963921524e-02,
          2.5627996086373744e-01, 1.5119322546996283e-02,
          9.8559216475779310e-02, 3.3747023682524101e-02,
          -3.3642464670854674e-02, -7.5675837640618339e-03,
          4.3961113437611270e-02, 3.3933264446088587e-02,
          1.1454448286418022e-01, 1.5119322546996277e-02,
          2.3574229319079656e-01, -3.9446071075619274e-02,
          2.9393208411084483e-02, 1.5999914862049436e-01,
          2.8630633452361665e-01, 9.2747806467031152e-02,
          2.1975096309018488e-01, 1.2703043342022122e-01,
          9.8559216475779324e-02, -3.9446071075619274e-02,
          2.8518252964361218e-01, 6.5710578965758840e-02,
          8.8890339447811828e-02, -4.0537537112567594e-03,
          1.8762053392544701e-03, 2.8169114874714782e-02,
          1.8224212757648633e-01, 3.3747023682524101e-02,
          2.9393208411084483e-02, 6.5710578965758840e-02,
          3.8734607490812850e-01 ]
   - !!opencv-matrix
      rows: 9
      cols: 9
      dt: d
      data: [ 5.2927731454423928e-02, 1.0336182687207948e-02,
          1.0314526699564690e-02, 9.3445055735986628e-03,
          6.3276878765398514e-03, -1.6427239274246570e-03,
          -3.2572925826389092e-02, 1.7071158028328523e-02,
          -8.5775801160927162e-04, 1.0336182687207948e-02,
          1.3965443817081610e-02, 1.4163412643107921e-02,
          9.1447855394624963e-03, 3.7904316479247524e-03,
          1.2758091162320844e-03, -2.4458189199624762e-03,
          6.6063708758641029e-03, 6.5875805556792012e-04,
          1.0314526699564688e-02, 1.4163412643107923e-02,
          9.5063741371382030e-02, 9.2326348163557451e-03,
          7.1136234459474937e-03, 2.5357268068523491e-03,
          -5.8897332360940413e-03, 1.0489140667704525e-02,
          4.6939876045585719e-04, 9.3445055735986628e-03,
          9.1447855394624980e-03, 9.2326348163557451e-03,
          6.0311712485222095e-02, 1.0370187831249069e-02,
          1.3702940127190040e-03, -1.8919191616025035e-02,
          1.7091034597515178e-02, 4.1740860413498371e-04,
          6.3276878765398479e-03, 3.7904316479247524e-03,
          7.1136234459474937e-03, 1.0370187831249071e-02,
          6.5315782482385759e-02, 1.3195371745187130e-03,
          -1.0450234385871329e-02, 6.3211979421107624e-03,
