%YAML:1.0
---
groups:
   - intact
   - CD19
   - blast
intactGmmnames:
   - "intact.717.0"
   - "intact.717.1"
   - "intact.717.2"
   - "intact.717.3"
   - "intact.717.4"
intactLabels:
   - FSC-A
   - SSC-A
   - CD20
   - CD10
   - CD45
   - CD34
   - SYTO41
   - CD19
   - CD38
intactMu: !!opencv-matrix
   rows: 5
   cols: 9
   dt: d
   data: [ 1.0383380806234777e+00, 4.9795986857886093e-01,
       9.5833944335904953e-01, 9.2362374154742166e-01,
       1.1306009073656935e+00, 1.0119159079496238e+00,
       3.3996183198859038e+00, 9.7660701400756134e-01,
       1.3504478014536325e+00, 2.0291834906127666e+00,
       6.7949296785880076e-01, 9.7486626256659925e-01,
       8.9757110084837244e-01, 3.6096711150917020e+00,
       1.0462798844293593e+00, 2.8358903801287014e+00,
       1.2686969973679159e+00, 1.9533895155486982e+00,
       1.1874385453281020e+00, 4.8552333081352755e-01,
       9.5352408798161181e-01, 9.5192122820594427e-01,
       1.1679929287388804e+00, 1.0220000577703947e+00,
       2.5560214156867906e+00, 1.1041029622116432e+00,
       1.2722114782912068e+00, 1.4364012557027144e+00,
       3.7647980908176282e-01, 8.7224681992691633e-01,
       8.2850839602250637e-01, 3.4544131666195184e+00,
       1.0392107113443931e+00, 3.2156290831865157e+00,
       1.1312340162638421e+00, 1.7631847848201201e+00,
       1.8724561438053859e+00, 1.4861434178145485e+00,
       1.2243751792396169e+00, 1.2326886129224053e+00,
       1.8944303660599771e+00, 1.3880199134733122e+00,
       2.9696141753987968e+00, 1.2965467711028829e+00,
       1.8933316703072489e+00 ]
intactSigma:
   - !!opencv-matrix
      rows: 9
      cols: 9
      dt: d
      data: [ 6.7994078303866029e-02, 3.0901078192919325e-02,
          2.0132233438356451e-02, 1.0983353062076978e-02,
          7.3421661889364557e-03, 3.8017238423166053e-03,
          9.3584866390321667e-03, 3.2486746386063219e-03,
          1.0150992269974424e-02, 3.0901078192919318e-02,
          3.5112552577463485e-02, 2.0450176500559254e-02,
          1.0838863187512419e-02, 6.8532230453938713e-03,
          3.0916530665910987e-03, 1.3306221565540522e-02,
          2.6789251087792629e-03, 9.5622923188432348e-03,
          2.0132233438356455e-02, 2.0450176500559254e-02,
          6.9416996063901712e-02, -1.5251115569705847e-03,
          1.3117163595349364e-03, 1.8879306047155599e-03,
          3.1919735526425418e-03, 3.8689755382400699e-03,
          4.1325890088373604e-03, 1.0983353062076978e-02,
          1.0838863187512421e-02, -1.5251115569705849e-03,
          6.5675693530080778e-02, 9.0700329719107242e-03,
          -9.0847253257778961e-04, -9.0611294366587120e-03,
          7.2621813737482705e-03, 5.4065544602350090e-03,
          7.3421661889364540e-03, 6.8532230453938713e-03,
          1.3117163595349366e-03, 9.0700329719107242e-03,
          6.2940284070756705e-02, -3.5499889314095372e-03,
          -3.5572544533953045e-03, 1.8470162792128251e-03,
          4.1157411303908977e-03, 3.8017238423166040e-03,
          3.0916530665910987e-03, 1.8879306047155607e-03,
          -9.0847253257778993e-04, -3.5499889314095368e-03,
          4.4862501233407404e-02, 3.7013715407535159e-03,
          -9.4174534416142258e-04, 2.1327262433694090e-04,
          9.3584866390321667e-03, 1.3306221565540522e-02,
          3.1919735526425418e-03, -9.0611294366587138e-03,
          -3.5572544533953045e-03, 3.7013715407535159e-03,
          6.5736304515670016e-02, -2.3397077039930322e-02,
          6.8789330390920961e-03, 3.2486746386063219e-03,
          2.6789251087792633e-03, 3.8689755382400716e-03,
          7.2621813737482697e-03, 1.8470162792128260e-03,
          -9.4174534416142290e-04, -2.3397077039930322e-02,
          1.9628872785552875e-02, -3.8737715004120883e-03,
          1.0150992269974424e-02, 9.5622923188432348e-03,
          4.1325890088373604e-03, 5.4065544602350099e-03,
          4.1157411303908977e-03, 2.1327262433694076e-04,
          6.8789330390920961e-03, -3.8737715004120879e-03,
          3.0323842906953596e-02 ]
   - !!opencv-matrix
      rows: 9
      cols: 9
      dt: d
      data: [ 2.5180505137272641e-01, 1.6228644486942353e-03,
          -1.1213681206331946e-03, 2.1214570676821283e-03,
          1.0967112281602871e-02, -1.3336746799583075e-03,
          -3.3335079714292462e-02, -1.0631020275303214e-02,
          -5.3278048070312563e-02, 1.6228644486942362e-03,
          4.4642079289135717e-02, 1.0833126052722870e-02,
          1.0110863667826877e-02, 7.5104207912849970e-03,
          3.5710026811725717e-03, -2.2258389854706857e-02,
          1.4859088461091101e-02, 3.8331462328484285e-02,
          -1.1213681206331933e-03, 1.0833126052722870e-02,
          7.5021481087750266e-02, -2.5240278396124302e-03,
          1.2258862717465563e-03, 3.9716326227816545e-03,
          -7.7676048074161810e-04, 3.1979393339603003e-03,
          -1.7252818177970395e-02, 2.1214570676821288e-03,
          1.0110863667826875e-02, -2.5240278396124302e-03,
          5.8231333182945162e-02, 1.7948028006839235e-03,
          -3.1713522229467688e-03, -5.8703914659195382e-03,
          1.6303102823958097e-03, -3.3274946405210371e-03,
          1.0967112281602871e-02, 7.5104207912849996e-03,
          1.2258862717465558e-03, 1.7948028006839231e-03,
          1.3772010813473297e-02, -1.0569453547965557e-03,
          -1.5160333443680339e-02, 6.7940414947858354e-03,
          -8.7099678265937924e-03, -1.3336746799583069e-03,
          3.5710026811725699e-03, 3.9716326227816545e-03,
          -3.1713522229467662e-03, -1.0569453547965560e-03,
          1.9151234990713667e-01, 5.4823676708891126e-03,
          2.6998868848589273e-03, 4.0145420334392690e-03,
          -3.3335079714292462e-02, -2.2258389854706857e-02,
          -7.7676048074161897e-04, -5.8703914659195382e-03,
          -1.5160333443680339e-02, 5.4823676708891118e-03,
          1.1417422252318524e-01, -2.4972185075439697e-02,
          -6.2921185658511170e-03, -1.0631020275303214e-02,
          1.4859088461091101e-02, 3.1979393339602999e-03,
          1.6303102823958097e-03, 6.7940414947858371e-03,
          2.6998868848589256e-03, -2.4972185075439697e-02,
          3.7955307465490917e-02, 1.1212493727923321e-02,
          -5.3278048070312542e-02, 3.8331462328484285e-02,
          -1.7252818177970395e-02, -3.3274946405210371e-03,
          -8.7099678265937924e-03, 4.0145420334392690e-03,
          -6.2921185658511144e-03, 1.1212493727923321e-02,
          4.7704898555760789e-01 ]
   - !!opencv-matrix
      rows: 9
      cols: 9
      dt: d
      data: [ 1.1968644152093352e-01, 9.1738305685008861e-03,
          7.7062659726521475e-03, -2.0330285280542996e-03,
          1.4055578804209024e-05, -3.6604746463658700e-04,
          1.5046496011876768e-02, 1.9553253817333411e-03,
          -9.6408045147675439e-04, 9.1738305685008844e-03,
          1.7823947591182217e-02, 7.7779127493623175e-03,
          6.5024745381424233e-03, 2.5037090328485765e-03,
          1.4724650618813851e-03, -1.2954290666799418e-03,
          3.6839975402761615e-03, 1.4744838247016871e-03,
          7.7062659726521493e-03, 7.7779127493623175e-03,
          6.4093765848912951e-02, -8.2036037312261580e-03,
          8.4750738581820231e-04, -2.4377941653013453e-04,
          1.6923544716652506e-03, 1.9156779679562180e-03,
          -7.0090656663002963e-04, -2.0330285280542996e-03,
          6.5024745381424233e-03, -8.2036037312261563e-03,
          5.7831703492413393e-02, 7.1468408241341470e-03,
          4.2379060321402371e-04, -4.5076071029211797e-03,
          1.6166286833542869e-03, 1.2071838827071356e-03,
          1.4055578804207938e-05, 2.5037090328485765e-03,
          8.4750738581820285e-04, 7.1468408241341487e-03,
          6.8097253757863269e-02, 1.9429885071569465e-03,
