%YAML:1.0
---
groups:
   - intact
   - CD19
   - blast
intactGmmnames:
   - "intact.718.0"
   - "intact.718.1"
   - "intact.718.2"
   - "intact.718.3"
   - "intact.718.4"
intactLabels:
   - FSC-A
   - SSC-A
   - CD20
   - CD10
   - CD45
   - CD34
   - SYTO41
   - CD19
   - CD38
intactMu: !!opencv-matrix
   rows: 5
   cols: 9
   dt: d
   data: [ 1.1234446921463657e+00, 5.4646827430458733e-01,
       1.1519360085228130e+00, 9.2485536846890926e-01,
       1.3533247541494775e+00, 1.0754018951629849e+00,
       3.3472816274569674e+00, 8.8040391879215052e-01,
       1.4405943672184529e+00, 1.6724589139872004e+00,
       3.0269281329711523e-01, 8.8271053798878252e-01,
       7.9893242254351315e-01, 3.4065763166834464e+00,
       1.0695239515031933e+00, 3.6084266297768317e+00,
       8.1289882642433076e-01, 1.6579555309568808e+00,
       2.0499163778469103e+00, 2.4034449666420095e+00,
       1.4097508960972522e+00, 1.8144542468606000e+00,
       2.6931364421727051e+00, 1.3725387480141804e+00,
       3.3381539675949594e+00, 1.4154480660237243e+00,
       1.8783785589225639e+00, 1.9559884614310417e+00,
       5.7476920006076238e-01, 1.0214960420233608e+00,
       8.7266516287363882e-01, 3.6164809225653980e+00,
       1.0828286365781794e+00, 3.3466574405909579e+00,
       1.0262055937151759e+00, 1.4943490466855025e+00,
       1.7206017597045833e+00, 7.0237640825271597e-01,
       9.6128216790652798e-01, 8.6759661343961025e-01,
       3.5631044613122329e+00, 1.1087863509509537e+00,
       3.2678079465588898e+00, 1.0694493967595500e+00,
       2.5470466704706585e+00 ]
intactSigma:
   - !!opencv-matrix
      rows: 9
      cols: 9
      dt: d
      data: [ 1.2479372945159876e-01, 3.0699493421643461e-02,
          1.7636143486499400e-02, 9.1701235581768265e-03,
          2.0219746992537452e-02, 4.6433314206203525e-03,
          -2.2526560276581738e-02, 1.0938755632697776e-02,
          2.6028046681711072e-03, 3.0699493421643461e-02,
          5.3145540476107096e-02, 3.5516293739743202e-02,
          1.3024992062165820e-02, 1.2072681810545327e-02,
          3.8324819745775554e-03, 6.4247145081750773e-03,
          7.8797085251655040e-03, 4.8604499574944147e-03,
          1.7636143486499400e-02, 3.5516293739743202e-02,
          9.5531976436320928e-02, 9.3605135467251660e-03,
          7.7182313822810071e-03, 1.2918763082131930e-03,
          1.5867532680528474e-02, 4.8788571521001635e-03,
          4.2180831907885144e-03, 9.1701235581768265e-03,
          1.3024992062165817e-02, 9.3605135467251660e-03,
          4.1751917553189924e-02, 9.6980467585715806e-03,
          -3.3014879945333664e-04, -1.8335302883534830e-02,
          1.2475693671911777e-02, 1.3668353474874904e-04,
          2.0219746992537445e-02, 1.2072681810545327e-02,
          7.7182313822810088e-03, 9.6980467585715789e-03,
          8.6725193403530104e-02, 2.1712800001593832e-03,
          -2.6095544882412419e-02, 1.1445400232430427e-02,
          -8.8280068729718996e-04, 4.6433314206203542e-03,
          3.8324819745775545e-03, 1.2918763082131923e-03,
          -3.3014879945333681e-04, 2.1712800001593845e-03,
          3.7143611073471069e-02, -4.2796148908298423e-03,
          1.3251816581195514e-03, 8.6090894541349713e-04,
          -2.2526560276581738e-02, 6.4247145081750808e-03,
          1.5867532680528481e-02, -1.8335302883534830e-02,
          -2.6095544882412426e-02, -4.2796148908298432e-03,
          1.7440102465734419e-01, -6.2770568085359621e-02,
          1.0485415156238315e-02, 1.0938755632697772e-02,
          7.8797085251655040e-03, 4.8788571521001609e-03,
          1.2475693671911777e-02, 1.1445400232430427e-02,
          1.3251816581195510e-03, -6.2770568085359621e-02,
          3.9976728515787575e-02, -5.3851954640258834e-03,
          2.6028046681711072e-03, 4.8604499574944155e-03,
          4.2180831907885153e-03, 1.3668353474874910e-04,
          -8.8280068729719072e-04, 8.6090894541349756e-04,
          1.0485415156238312e-02, -5.3851954640258843e-03,
          6.4091692647175623e-03 ]
   - !!opencv-matrix
      rows: 9
      cols: 9
      dt: d
      data: [ 2.4091210074348485e-01, 1.0540088647887701e-02,
          9.8478516206789851e-03, 6.5763483015336879e-03,
          3.3810214061215982e-02, -3.2570327733644476e-03,
          -1.9201800147686129e-02, 2.1732874505283443e-02,
          -2.5690882972802319e-03, 1.0540088647887700e-02,
          7.6598453991945960e-03, 7.5873114617953149e-03,
          2.5731387519716312e-03, 4.3109860690631833e-03,
          8.2923200876735311e-04, -1.3736125059981062e-03,
          3.6318469208690262e-03, -4.1412611888206573e-03,
          9.8478516206789886e-03, 7.5873114617953149e-03,
          8.7067083734687870e-02, -2.9922215840877684e-03,
          5.1160782586066305e-03, 2.6707616438286807e-03,
          -1.1298255052086482e-03, 5.4623214937229506e-03,
          -1.0323619051777110e-02, 6.5763483015336861e-03,
          2.5731387519716317e-03, -2.9922215840877684e-03,
          3.7817032530831907e-02, 1.7994452016392049e-03,
          -5.0876676303530264e-03, -1.3066700974522999e-03,
          1.1035846117474284e-03, -4.8545176291356481e-03,
          3.3810214061215982e-02, 4.3109860690631833e-03,
          5.1160782586066314e-03, 1.7994452016392049e-03,
          1.3619966779431439e-02, -1.4837309460722413e-03,
          -3.5136420730119493e-03, 4.5279852945985643e-03,
          -4.9864276455259589e-03, -3.2570327733644458e-03,
          8.2923200876735268e-04, 2.6707616438286794e-03,
          -5.0876676303530256e-03, -1.4837309460722418e-03,
          1.1524783412005048e-01, 5.5600434828638728e-04,
          1.9100580670933370e-04, 2.4518624733320614e-03,
          -1.9201800147686129e-02, -1.3736125059981058e-03,
          -1.1298255052086474e-03, -1.3066700974522997e-03,
          -3.5136420730119502e-03, 5.5600434828638749e-04,
          7.6892855526647028e-03, -6.4968607537578904e-03,
          -2.0891669826023627e-04, 2.1732874505283443e-02,
          3.6318469208690262e-03, 5.4623214937229480e-03,
          1.1035846117474289e-03, 4.5279852945985660e-03,
          1.9100580670933362e-04, -6.4968607537578904e-03,
          2.7505157821645511e-02, -5.1885125037458924e-03,
          -2.5690882972802306e-03, -4.1412611888206581e-03,
          -1.0323619051777110e-02, -4.8545176291356481e-03,
          -4.9864276455259589e-03, 2.4518624733320619e-03,
          -2.0891669826023586e-04, -5.1885125037458924e-03,
          7.1123922607121248e-02 ]
   - !!opencv-matrix
      rows: 9
      cols: 9
      dt: d
      data: [ 6.0124855655088028e-01, 3.1832107296754097e-01,
          1.3791462184047913e-02, 4.4619569644603979e-02,
          5.6820519314249418e-02, -9.5501111509329814e-03,
          4.1777065620554964e-02, 6.8886649750992929e-02,
          -2.1648140742925162e-02, 3.1832107296754081e-01,
          1.5509167565935480e+00, -1.2894124389677888e-01,
          6.0298929450428229e-01, 2.1466246420990487e-01,
          -2.3850326843255681e-01, -1.0288180287158770e-02,
          3.0162617678272613e-01, -2.8545549661352282e-01,
          1.3791462184047910e-02, -1.2894124389677888e-01,
          2.0362776370753416e-01, -3.7343661737563510e-02,
          -1.3531345969470646e-02, 2.3726088741010173e-02,
          1.8786237262703821e-02, 3.4736276130714769e-02,
          4.3594192968295628e-02, 4.4619569644603979e-02,
          6.0298929450428229e-01, -3.7343661737563510e-02,
          6.1164628615100614e-01, 7.7465640756192902e-02,
          -1.2569841473023316e-01, -4.9690281419043213e-02,
          1.5650211034192546e-01, -2.2136878986371980e-01,
          5.6820519314249418e-02, 2.1466246420990487e-01,
          -1.3531345969470646e-02, 7.7465640756192902e-02,
          4.0993840871525694e-01, -7.4372561665600898e-02,
