%YAML:1.0
---
groups:
   - intact
   - CD19
   - blast
intactGmmnames:
   - "intact.719.0"
   - "intact.719.1"
   - "intact.719.2"
   - "intact.719.3"
   - "intact.719.4"
intactLabels:
   - FSC-A
   - SSC-A
   - CD20
   - CD10
   - CD45
   - CD34
   - SYTO41
   - CD19
   - CD38
intactMu: !!opencv-matrix
   rows: 5
   cols: 9
   dt: d
   data: [ 1.0303568704254562e+00, 3.1100864912223625e-01,
       7.8550535740331062e-01, 7.1158102474299734e-01,
       3.3939368127587404e+00, 1.1003711202227722e+00,
       4.0998435288494841e+00, 8.2793195482873683e-01,
       1.8592661634577485e+00, 2.9736084137525323e+00,
       3.3813260953722883e+00, 1.1485877742821802e+00,
       2.2378917930218583e+00, 2.4856800372652001e+00,
       1.1366992947677557e+00, 3.9802267096688562e+00,
       1.2729597275802920e+00, 1.7663280513159978e+00,
       2.1041400286750602e+00, 1.6465527679909593e+00,
       1.3546096904026226e+00, 1.2932514678743094e+00,
       2.9497120310783451e+00, 1.4965620959603998e+00,
       3.6040113143439720e+00, 1.3087854359621096e+00,
       2.4088790176588191e+00, 1.4552485197098450e+00,
       5.9447115411069706e-01, 9.7625581146219564e-01,
       9.2967027170538885e-01, 3.6072999602597187e+00,
       1.1048826534528318e+00, 3.5236339741596687e+00,
       1.1976277182354078e+00, 1.8302315388565642e+00,
       1.0118340537009203e+00, 5.3762421300266472e-01,
       8.8293202743436505e-01, 9.7286086529122917e-01,
       1.4327529246611586e+00, 1.1619204465237267e+00,
       3.8297286293211577e+00, 8.5098618420963057e-01,
       1.7279086300511086e+00 ]
intactSigma:
   - !!opencv-matrix
      rows: 9
      cols: 9
      dt: d
      data: [ 7.0256651269574102e-02, 4.5242075978178210e-03,
          1.0484835665503801e-02, 1.0218406092136803e-02,
          1.4486337739944748e-02, -1.0291761702806461e-03,
          -1.5527235254601651e-02, 1.7083175537306143e-02,
          -1.6231740829381496e-03, 4.5242075978178227e-03,
          7.7924857513676764e-03, 8.8544028490954597e-03,
          3.8872873492575037e-03, 2.8285096579624960e-03,
          8.7683181112669544e-04, -4.5601890712437844e-03,
          5.3982550337348025e-03, -6.6304239481322132e-03,
          1.0484835665503801e-02, 8.8544028490954597e-03,
          9.1416974178178040e-02, 4.4783231739102319e-03,
          5.3032092664309681e-03, -1.8820957642265103e-03,
          -1.3088446065636165e-02, 1.4981929266603957e-02,
          -2.0039592757722366e-02, 1.0218406092136803e-02,
          3.8872873492575037e-03, 4.4783231739102310e-03,
          2.5356630255770892e-02, 4.7894485952148834e-03,
          -3.5136744567123945e-03, -1.5650750798907532e-02,
          1.5787521197550489e-02, -1.0980178790352837e-02,
          1.4486337739944751e-02, 2.8285096579624960e-03,
          5.3032092664309681e-03, 4.7894485952148834e-03,
          1.2243147628245124e-02, -2.3977413818568531e-03,
          -7.0763534927898502e-03, 7.4292516396444542e-03,
          -5.0073875179378223e-03, -1.0291761702806461e-03,
          8.7683181112669587e-04, -1.8820957642265122e-03,
          -3.5136744567123945e-03, -2.3977413818568531e-03,
          1.1253787158743490e-01, 2.2419448626307321e-03,
          -1.5413853130445312e-03, 4.2882479766325945e-03,
          -1.5527235254601651e-02, -4.5601890712437844e-03,
          -1.3088446065636167e-02, -1.5650750798907532e-02,
          -7.0763534927898520e-03, 2.2419448626307304e-03,
          2.5968304069391785e-02, -2.5692346866387630e-02,
          1.5816630823053283e-02, 1.7083175537306140e-02,
          5.3982550337348017e-03, 1.4981929266603954e-02,
          1.5787521197550489e-02, 7.4292516396444542e-03,
          -1.5413853130445312e-03, -2.5692346866387630e-02,
          3.0080960635906560e-02, -1.6419787424476182e-02,
          -1.6231740829381512e-03, -6.6304239481322115e-03,
          -2.0039592757722366e-02, -1.0980178790352841e-02,
          -5.0073875179378223e-03, 4.2882479766325945e-03,
          1.5816630823053283e-02, -1.6419787424476182e-02,
          1.5788826499537040e-01 ]
   - !!opencv-matrix
      rows: 9
      cols: 9
      dt: d
      data: [ 6.0566701414851254e-01, 1.3639513237637582e-01,
          4.4375847538676481e-02, -6.7758825528669964e-02,
          2.3137056509225790e-02, 3.6008788040897246e-03,
          -1.5715589967256315e-02, 5.0143610295211825e-02,
          7.9596871579938385e-03, 1.3639513237637582e-01,
          3.3887468804277471e-01, 5.4889914198460628e-02,
          6.2711252977725118e-02, 3.4612186653812438e-02,
          9.6553899840205390e-03, -4.5870309370224904e-02,
          8.3432283804714569e-02, 1.0293224194612850e-02,
          4.4375847538676481e-02, 5.4889914198460628e-02,
          7.5458358891923843e-02, 2.3667321549150724e-03,
          5.7936073448355595e-03, 2.6245769407426500e-03,
          -1.2318711825511978e-02, 1.9561433613492319e-02,
          2.9861278184198370e-03, -6.7758825528669978e-02,
          6.2711252977725118e-02, 2.3667321549150733e-03,
          1.6535264947732983e-01, 4.1460596843666264e-02,
          6.8099468295941667e-03, -1.7983689522138087e-02,
          1.9954725853025580e-02, 2.3386364850467922e-04,
          2.3137056509225790e-02, 3.4612186653812438e-02,
          5.7936073448355595e-03, 4.1460596843666257e-02,
          7.1019829820021294e-02, 4.4490739522363266e-04,
          -8.8145383672424849e-03, 1.2647027652380988e-02,
          1.5647898322522745e-03, 3.6008788040897246e-03,
          9.6553899840205321e-03, 2.6245769407426522e-03,
          6.8099468295941684e-03, 4.4490739522363466e-04,
          7.5814717362275283e-02, 1.9057122777031870e-03,
          7.5690751578949490e-04, 3.0941915722830266e-03,
          -1.5715589967256312e-02, -4.5870309370224897e-02,
          -1.2318711825511981e-02, -1.7983689522138087e-02,
          -8.8145383672424849e-03, 1.9057122777031874e-03,
          4.7926061756722559e-02, -4.0446726338170036e-02,
          8.8658491743266211e-03, 5.0143610295211839e-02,
          8.3432283804714569e-02, 1.9561433613492319e-02,
          1.9954725853025584e-02, 1.2647027652380988e-02,
          7.5690751578949469e-04, -4.0446726338170036e-02,
          5.4162055982527810e-02, -9.4916545367189405e-03,
          7.9596871579938420e-03, 1.0293224194612849e-02,
          2.9861278184198361e-03, 2.3386364850467900e-04,
          1.5647898322522754e-03, 3.0941915722830270e-03,
          8.8658491743266211e-03, -9.4916545367189388e-03,
          8.1096041330817548e-02 ]
   - !!opencv-matrix
      rows: 9
      cols: 9
      dt: d
      data: [ 6.9298581423749750e-01, 3.4883630145910222e-01,
          4.1232886095706529e-02, 5.4002622303845060e-03,
          6.8796247281735681e-02, 4.5478591980391413e-02,
          -6.9251998455942378e-03, 6.2045140391758354e-02,
          7.6570912010960293e-02, 3.4883630145910222e-01,
          6.9686985761412090e-01, 1.0161962564356462e-01,
          1.0280990787992456e-01, 1.6737471712799535e-02,
          9.4496339762660017e-02, -6.9565570462329404e-02,
          1.5096086804686185e-01, 1.0343723152767244e-01,
          4.1232886095706522e-02, 1.0161962564356462e-01,
          2.4869887061005877e-01, 1.1534105472568427e-01,
          -1.4078485804602560e-02, 5.1495107605112306e-02,
          -6.6547207770154340e-03, 1.0113012359631318e-01,
          1.5841241037071331e-02, 5.4002622303845225e-03,
          1.0280990787992456e-01, 1.1534105472568430e-01,
          3.2346266532356477e-01, -4.7666990931066765e-02,
          4.8693424242968401e-02, -2.4769748607052292e-02,
          8.8665836234717674e-02, -2.5543977640884166e-03,
          6.8796247281735709e-02, 1.6737471712799531e-02,
          -1.4078485804602562e-02, -4.7666990931066765e-02,
          3.8660989834317677e-01, -5.8548419684942635e-02,
