%YAML:1.0
---
groups:
   - intact
   - CD19
   - blast
intactGmmnames:
   - "intact.721.0"
   - "intact.721.1"
   - "intact.721.2"
   - "intact.721.3"
   - "intact.721.4"
intactLabels:
   - FSC-A
   - SSC-A
   - CD20
   - CD10
   - CD45
   - CD34
   - SYTO41
   - CD19
   - CD38
intactMu: !!opencv-matrix
   rows: 5
   cols: 9
   dt: d
   data: [ 2.2059495781307712e+00, 1.4017405163590346e+00,
       1.1780267286199462e+00, 1.1874326456988629e+00,
       1.8824950590040082e+00, 1.7311986156358079e+00,
       2.7914131144267720e+00, 1.3348675622925237e+00,
       1.6222794094305930e+00, 1.1430187737726278e+00,
       6.7027832765998718e-01, 1.1928184262017525e+00,
       9.9766348283779960e-01, 3.5110838313102595e+00,
       1.1457584023121492e+00, 3.5334195907362669e+00,
       1.0892104915616494e+00, 1.6069766862776322e+00,
       1.9150587243076611e+00, 2.5695343513991600e+00,
       1.6096773388687708e+00, 1.8086003410101208e+00,
       3.0018593328466925e+00, 1.5153545666462263e+00,
       3.6038991501298554e+00, 1.4890830196042326e+00,
       2.0686978172250670e+00, 9.7760221580430229e-01,
       7.3573362371641260e-01, 1.2580025824255767e+00,
       1.4196173335689324e+00, 1.6032437176643755e+00,
       1.1397346608595658e+00, 3.4596356262483252e+00,
       1.0592733868569650e+00, 1.6102976612269269e+00,
       1.1862091825687580e+00, 8.7955278007011695e-01,
       1.1069851068614425e+00, 1.0067546123470867e+00,
       3.4344493075929803e+00, 1.1436717107520524e+00,
       3.3578325628289032e+00, 1.1970417966934912e+00,
       2.6822040559585303e+00 ]
intactSigma:
   - !!opencv-matrix
      rows: 9
      cols: 9
      dt: d
      data: [ 1.0211534089333065e+00, 3.7355844058653342e-01,
          1.2143543824287671e-01, 5.2424728996214295e-02,
          1.6473145290283922e-01, 1.6960734831968702e-01,
          1.3744310607321639e-01, 7.4835512902788323e-02,
          3.4232455063585861e-02, 3.7355844058653342e-01,
          3.9194265280988783e-01, 1.1205822139752980e-01,
          7.4117258341455244e-02, 1.2943329447361762e-01,
          1.2617352468377255e-01, 1.0646715683372086e-01,
          7.4757423167480172e-02, 2.7370146642463986e-02,
          1.2143543824287670e-01, 1.1205822139752980e-01,
          9.7613979755957550e-02, 2.4199566917657282e-02,
          3.9678385933892453e-02, 4.0175999740462334e-02,
          3.2235212457522262e-02, 2.3671572622437007e-02,
          7.6810560278454919e-03, 5.2424728996214282e-02,
          7.4117258341455244e-02, 2.4199566917657282e-02,
          1.2141725435191136e-01, 1.7002482681743192e-02,
          1.3011409442050764e-02, 1.4193902214517638e-02,
          1.9863822674975811e-02, 1.0822959898546059e-03,
          1.6473145290283919e-01, 1.2943329447361762e-01,
          3.9678385933892446e-02, 1.7002482681743196e-02,
          1.4809539472618927e-01, 4.4836981656940361e-02,
          4.3234666625750554e-02, 2.2110614154616910e-02,
          1.1805406259869526e-02, 1.6960734831968696e-01,
          1.2617352468377255e-01, 4.0175999740462334e-02,
          1.3011409442050764e-02, 4.4836981656940347e-02,
          1.3153750307100529e-01, 4.1377425768810108e-02,
          2.6890830273203162e-02, 1.1863409594486360e-02,
          1.3744310607321639e-01, 1.0646715683372084e-01,
          3.2235212457522262e-02, 1.4193902214517643e-02,
          4.3234666625750554e-02, 4.1377425768810108e-02,
          3.7784448250991552e-02, 1.9829684099839838e-02,
          9.3212352273416531e-03, 7.4835512902788323e-02,
          7.4757423167480172e-02, 2.3671572622437007e-02,
          1.9863822674975811e-02, 2.2110614154616910e-02,
          2.6890830273203162e-02, 1.9829684099839838e-02,
          2.5472010820772186e-02, 2.7326013006377940e-03,
          3.4232455063585861e-02, 2.7370146642463986e-02,
          7.6810560278454919e-03, 1.0822959898546059e-03,
          1.1805406259869524e-02, 1.1863409594486360e-02,
          9.3212352273416531e-03, 2.7326013006377945e-03,
          8.7692825032565855e-03 ]
   - !!opencv-matrix
      rows: 9
      cols: 9
      dt: d
      data: [ 1.7166205615156607e-01, 1.0974350006353939e-02,
          -2.8228713225814470e-03, 1.1453130291540254e-02,
          2.4720234925176096e-02, 2.1821750818190873e-04,
          -3.7752051701405845e-02, 1.5039122987475419e-02,
          -2.0580138110351989e-04, 1.0974350006353936e-02,
          3.8178237741335969e-02, 9.3729433974878446e-03,
          1.5186446005982669e-02, 9.2142371172722441e-03,
          5.5259800754420716e-03, -2.5401503930802264e-02,
          2.0989877571761604e-02, 3.8287407795544110e-04,
          -2.8228713225814488e-03, 9.3729433974878446e-03,
          7.6832048946910952e-02, -4.4643428699644170e-03,
          6.5838418713595585e-04, 1.5965245568736985e-04,
          1.6616341792656936e-03, 2.6945973620733470e-03,
          -1.1412574352161933e-03, 1.1453130291540258e-02,
          1.5186446005982669e-02, -4.4643428699644178e-03,
          9.5149234666811813e-02, 7.6004943497245403e-03,
          -6.4326576120425497e-04, -1.7437665326041397e-02,
          1.1638692861195964e-02, 7.8816080506844105e-04,
          2.4720234925176096e-02, 9.2142371172722441e-03,
          6.5838418713595628e-04, 7.6004943497245403e-03,
          1.4388174076070542e-02, -4.8583482613869335e-04,
          -1.4934253306237847e-02, 8.3071057779298303e-03,
          -6.7069235662957564e-05, 2.1821750818190952e-04,
          5.5259800754420699e-03, 1.5965245568736944e-04,
          -6.4326576120425454e-04, -4.8583482613869325e-04,
          1.5100302933925747e-01, -1.9953118966458874e-03,
          2.8231138046083603e-03, 2.2441683191463820e-03,
          -3.7752051701405845e-02, -2.5401503930802264e-02,
          1.6616341792656940e-03, -1.7437665326041397e-02,
          -1.4934253306237847e-02, -1.9953118966458874e-03,
          6.1985603629414410e-02, -2.8194750065896876e-02,
          -4.8880197466779317e-04, 1.5039122987475423e-02,
          2.0989877571761604e-02, 2.6945973620733470e-03,
          1.1638692861195964e-02, 8.3071057779298303e-03,
          2.8231138046083612e-03, -2.8194750065896876e-02,
          3.0001948848506571e-02, -1.8354692181369956e-03,
          -2.0580138110351946e-04, 3.8287407795544061e-04,
          -1.1412574352161926e-03, 7.8816080506844083e-04,
          -6.7069235662957482e-05, 2.2441683191463829e-03,
          -4.8880197466779306e-04, -1.8354692181369960e-03,
          1.6702084890648148e-02 ]
   - !!opencv-matrix
      rows: 9
      cols: 9
      dt: d
      data: [ 7.1448887326233890e-01, -1.3720359846456465e-01,
          1.4964641066508452e-02, 1.6552880469848010e-02,
          -1.7873628342866157e-03, 1.2577940682950307e-02,
          -3.9993516080215931e-02, 1.1356738978280611e-02,
          -1.8644153051062148e-02, -1.3720359846456465e-01,
          1.5070976748803413e+00, -4.1812539028134284e-03,
          2.3840992025555224e-01, -9.6168776483241764e-02,
          1.3775425198533878e-01, 4.5465521795910719e-05,
          2.0508209608504940e-01, -2.1925559955922727e-01,
          1.4964641066508457e-02, -4.1812539028134301e-03,
          1.9097698594617257e-01, 7.9039860808116438e-02,
          -3.5115767531656455e-03, 6.4367184945539363e-02,
          -2.2787652777314480e-03, 9.1369116199701575e-02,
          2.2872271560106502e-02, 1.6552880469848014e-02,
          2.3840992025555216e-01, 7.9039860808116438e-02,
          3.5359234799675215e-01, -3.3562140659107897e-02,
          7.7983288229078573e-02, -2.3443908790143398e-02,
          1.1849031561875802e-01, -9.7767480295166798e-02,
          -1.7873628342866181e-03, -9.6168776483241764e-02,
          -3.5115767531656511e-03, -3.3562140659107897e-02,
          3.8858022625265920e-01, -1.1900463480873896e-02,
          -1.1091066594010027e-02, 3.7525715824548389e-02,
