%YAML:1.0
---
groups:
   - intact
   - CD19
   - blast
intactGmmnames:
   - "intact.733.0"
   - "intact.733.1"
   - "intact.733.2"
   - "intact.733.3"
   - "intact.733.4"
intactLabels:
   - FSC-A
   - SSC-A
   - CD20
   - CD10
   - CD45
   - CD34
   - SYTO41
   - CD19
   - CD38
intactMu: !!opencv-matrix
   rows: 5
   cols: 9
   dt: d
   data: [ 1.8816303936909822e+00, 6.4921635961223478e-01,
       1.0251488534770909e+00, 9.1391039589185274e-01,
       3.6682226904070019e+00, 1.0793966418141239e+00,
       2.6321712121315461e+00, 1.2782107712597806e+00,
       2.2623777302315760e+00, 8.8052043279811409e-01,
       3.1103887877385145e-01, 8.2467763108770642e-01,
       8.9357791053910440e-01, 1.3351206685606909e+00,
       1.0331127927256794e+00, 2.9085508656110894e+00,
       9.9312448179338020e-01, 1.5380339301762389e+00,
       2.5214610406778881e+00, 3.4616086962058534e+00,
       1.1629005241811599e+00, 2.2192062824465766e+00,
       2.6420166883242882e+00, 1.0853914149036281e+00,
       2.9878926808996589e+00, 1.6195729838330488e+00,
       1.8397627884557437e+00, 1.5323199882227994e+00,
       3.5665175052993658e-01, 1.0057974251435158e+00,
       8.5466753620043667e-01, 3.5276930836673324e+00,
       1.0461926527590530e+00, 2.9797599154917265e+00,
       1.1457942950726798e+00, 1.6502548627892730e+00,
       1.7673953437141958e+00, 1.2907038046923738e+00,
       1.1904336270447635e+00, 1.3227647542728500e+00,
       2.1350898069327444e+00, 1.2686828239222201e+00,
       2.8717056934219927e+00, 1.2485344143112738e+00,
       2.0670237705573076e+00 ]
intactSigma:
   - !!opencv-matrix
      rows: 9
      cols: 9
      dt: d
      data: [ 2.0230180709853798e-01, 5.4845742059411911e-03,
          1.1752557799777996e-03, -1.1645374737139600e-04,
          1.1212344719681475e-02, 1.0998081542461203e-03,
          -1.0974913422465015e-02, -3.6535117012127258e-03,
          -2.1150040375282418e-02, 5.4845742059411911e-03,
          1.7018853874630202e-02, 6.8293552191249860e-03,
          3.6303179578781671e-03, 2.4734238612595084e-03,
          -1.9684850653532661e-03, -2.0262994721186719e-03,
          3.9757664857802619e-03, 8.7659695691619972e-03,
          1.1752557799777988e-03, 6.8293552191249860e-03,
          6.4326821804796583e-02, -2.9878635488646593e-03,
          3.6003517754697144e-03, 3.0469392818966998e-03,
          7.3660787637846125e-04, 3.8480539026024166e-03,
          -2.5021240916814264e-02, -1.1645374737139632e-04,
          3.6303179578781679e-03, -2.9878635488646589e-03,
          4.9051735012928831e-02, 7.9557809936363930e-04,
          -1.3593673445587779e-02, -7.0995947688656303e-04,
          3.0515716888738493e-03, -2.4144958349017484e-03,
          1.1212344719681475e-02, 2.4734238612595084e-03,
          3.6003517754697144e-03, 7.9557809936363930e-04,
          1.4749903262521276e-02, -4.5904537113639508e-03,
          -4.0394118691872470e-03, 4.0978323134448691e-03,
          -4.0002194052727418e-02, 1.0998081542461227e-03,
          -1.9684850653532661e-03, 3.0469392818966985e-03,
          -1.3593673445587779e-02, -4.5904537113639508e-03,
          1.8776128135858872e-01, 5.4515024095070034e-03,
          2.3078851940555312e-03, 2.2638833757630174e-02,
          -1.0974913422465015e-02, -2.0262994721186719e-03,
          7.3660787637846244e-04, -7.0995947688656325e-04,
          -4.0394118691872470e-03, 5.4515024095070043e-03,
          4.6509848737116430e-02, -3.7048930724789108e-03,
          -2.6691043657061419e-03, -3.6535117012127258e-03,
          3.9757664857802619e-03, 3.8480539026024170e-03,
          3.0515716888738480e-03, 4.0978323134448699e-03,
          2.3078851940555316e-03, -3.7048930724789112e-03,
          3.6798853924834965e-02, -1.4951525902257578e-02,
          -2.1150040375282408e-02, 8.7659695691620007e-03,
          -2.5021240916814264e-02, -2.4144958349017471e-03,
          -4.0002194052727418e-02, 2.2638833757630174e-02,
          -2.6691043657061427e-03, -1.4951525902257583e-02,
          4.1836526607684144e-01 ]
   - !!opencv-matrix
      rows: 9
      cols: 9
      dt: d
      data: [ 1.4417601694261975e-01, 1.7285535698037854e-02,
          1.2553817638513041e-02, 8.7618994948299358e-03,
          6.5888357689610003e-03, 2.1733331879613621e-03,
          -8.3644657710082865e-02, 1.6539449746424038e-02,
          -5.6656997034110104e-04, 1.7285535698037854e-02,
          1.1029274918010201e-02, 7.4255652908415751e-03,
          6.1838993611178618e-03, 5.2679386296845578e-03,
          1.5901687198455927e-03, -1.1553628953113756e-02,
          4.0690446699715591e-03, 2.8935631551896667e-03,
          1.2553817638513043e-02, 7.4255652908415751e-03,
          6.3351082461529137e-02, 7.9166655749101213e-04,
          2.8557875606973595e-03, 1.2252014609702233e-03,
          -4.8215032107429149e-03, 2.1291291879815617e-03,
          1.3522478119405155e-03, 8.7618994948299375e-03,
          6.1838993611178618e-03, 7.9166655749101234e-04,
          6.0387807486117585e-02, 8.0805706923089120e-03,
          -1.4332040134335268e-04, -5.6528408580796413e-03,
          3.0233516066551411e-03, 5.1410197216678263e-03,
          6.5888357689610029e-03, 5.2679386296845578e-03,
          2.8557875606973590e-03, 8.0805706923089138e-03,
          3.8310422081485059e-02, 5.8702887279433503e-04,
          -5.6072736350615878e-03, 1.9301462451162873e-03,
          7.4453382653347031e-03, 2.1733331879613621e-03,
          1.5901687198455929e-03, 1.2252014609702242e-03,
          -1.4332040134335113e-04, 5.8702887279433482e-04,
          3.2498037473155827e-02, -1.7357833729133431e-03,
          6.5698006376060545e-04, 5.9713132637292411e-04,
          -8.3644657710082865e-02, -1.1553628953113756e-02,
          -4.8215032107429157e-03, -5.6528408580796405e-03,
          -5.6072736350615895e-03, -1.7357833729133435e-03,
          2.0463720155315632e-01, -3.3052611698592888e-02,
          8.9421379152850710e-03, 1.6539449746424042e-02,
          4.0690446699715582e-03, 2.1291291879815617e-03,
          3.0233516066551411e-03, 1.9301462451162868e-03,
          6.5698006376060545e-04, -3.3052611698592881e-02,
          1.3087505400176069e-02, -1.7015564046860498e-03,
          -5.6656997034110147e-04, 2.8935631551896663e-03,
          1.3522478119405161e-03, 5.1410197216678255e-03,
          7.4453382653347031e-03, 5.9713132637292411e-04,
          8.9421379152850727e-03, -1.7015564046860498e-03,
          1.3019350972498792e-02 ]
   - !!opencv-matrix
      rows: 9
      cols: 9
      dt: d
      data: [ 5.8147522663645768e-01, 1.9868264289752735e-01,
          2.3194143369770562e-02, -5.1640071425251767e-02,
          3.7785985269859587e-02, 8.3066688576931801e-03,
          -2.0088067021685113e-02, 3.0555278008411586e-02,
          2.3057183797872190e-02, 1.9868264289752732e-01,
          3.3940778725997728e-01, 3.7975155863268495e-02,
          3.2929438758121821e-02, 2.7671814214244812e-02,
          8.3282669501923440e-03, -3.2948928582374734e-02,
          6.4349333019425706e-02, 1.4740235643315475e-02,
          2.3194143369770565e-02, 3.7975155863268495e-02,
          5.5190608658402626e-02, -1.4980004370134881e-03,
          7.8338016188742455e-04, -1.7685328994262151e-03,
          -2.6069048420017346e-03, 8.9085188070982552e-03,
          3.8956157820465710e-03, -5.1640071425251767e-02,
          3.2929438758121821e-02, -1.4980004370134872e-03,
          1.3032514887721580e-01, 2.5446672266563834e-02,
          1.3682532620097141e-03, -1.1281998794259243e-02,
          9.8079510616072407e-03, -3.5247268470143828e-03,
          3.7785985269859580e-02, 2.7671814214244812e-02,
          7.8338016188742433e-04, 2.5446672266563834e-02,
          4.6167804869344742e-02, -1.5875614538649399e-03,
