%YAML:1.0
---
groups:
   - intact
   - CD19
   - blast
intactGmmnames:
   - "intact.734.0"
   - "intact.734.1"
   - "intact.734.2"
   - "intact.734.3"
   - "intact.734.4"
intactLabels:
   - FSC-A
   - SSC-A
   - CD20
   - CD10
   - CD45
   - CD34
   - SYTO41
   - CD19
   - CD38
intactMu: !!opencv-matrix
   rows: 5
   cols: 9
   dt: d
   data: [ 1.5530128669767143e+00, 1.7614904121964765e+00,
       1.1341218000940927e+00, 1.4594829026545515e+00,
       3.0559325680678966e+00, 1.0523252739786457e+00,
       2.7837905997261383e+00, 1.4284748261751650e+00,
       1.8479889814794228e+00, 5.1181064498884743e-01,
       4.7929653544447565e-01, 1.0332127961380648e+00,
       8.6819872511342777e-01, 1.0852601899116368e+00,
       9.4536524447758330e-01, 2.9624879179565831e+00,
       7.0635688628139925e-01, 1.3390424347811904e+00,
       1.3496158147050139e+00, 1.6879313073694908e+00,
       2.4577516976796767e+00, 3.1988555552377083e+00,
       2.9785866184858216e+00, 2.0290564501081199e+00,
       3.2630932401558450e+00, 2.0022736772608685e+00,
       1.6143408091332399e+00, 1.5429694820310227e+00,
       9.5654669039420603e-01, 1.0176303418869728e+00,
       1.6490763319524449e+00, 1.1977795814397261e+00,
       9.5970175819050307e-01, 3.0553275640583446e+00,
       9.1322896686225830e-01, 1.2700068900384400e+00,
       8.1857501104881336e-01, 5.7302801791176283e-01,
       1.8590083434194753e+00, 2.1985482884585115e+00,
       2.0596960769295309e+00, 1.3907180606785721e+00,
       3.0075265600725327e+00, 8.4325132442271600e-01,
       1.4694087576041803e+00 ]
intactSigma:
   - !!opencv-matrix
      rows: 9
      cols: 9
      dt: d
      data: [ 8.3882442263323498e-01, 3.1403375817597606e-01,
          7.7235994550239120e-02, -1.4931461842354748e-02,
          5.6764325577392916e-02, 2.0928392464312148e-02,
          -7.7869732755179152e-02, 1.3627701048993285e-01,
          6.7957521289373657e-02, 3.1403375817597601e-01,
          5.2888544021829043e-01, 9.0229812144485111e-02,
          1.8572370678807676e-01, 1.9508449431067498e-02,
          3.1286158782069737e-02, -4.3938691020759972e-02,
          2.0859870765802224e-01, -5.5824068850056918e-02,
          7.7235994550239120e-02, 9.0229812144485139e-02,
          8.2028097323833218e-02, 3.3157458172113366e-02,
          1.0286270890147532e-02, 3.0569947288265112e-03,
          -4.4753826420299049e-03, 4.9708781874083161e-02,
          1.8354089739838580e-02, -1.4931461842354733e-02,
          1.8572370678807676e-01, 3.3157458172113366e-02,
          3.2921566437081723e-01, 2.9450636354938949e-02,
          1.3822905926405742e-02, -1.6221574986650042e-03,
          8.9959419617885367e-02, -1.2443178096393039e-01,
          5.6764325577392936e-02, 1.9508449431067505e-02,
          1.0286270890147537e-02, 2.9450636354938949e-02,
          9.9594755357541226e-02, -8.4321703133334001e-03,
          -2.3322512329044330e-02, 6.0503418092506080e-04,
          5.0198521002241484e-03, 2.0928392464312155e-02,
          3.1286158782069744e-02, 3.0569947288265060e-03,
          1.3822905926405745e-02, -8.4321703133334001e-03,
          1.4057232638712899e-01, -5.4182867055496079e-03,
          1.2302508854076950e-02, 2.1711954955228110e-02,
          -7.7869732755179139e-02, -4.3938691020759986e-02,
          -4.4753826420299066e-03, -1.6221574986650014e-03,
          -2.3322512329044330e-02, -5.4182867055496053e-03,
          8.4098656572540259e-02, -2.9632402196650184e-02,
          -2.2597622987668889e-02, 1.3627701048993285e-01,
          2.0859870765802221e-01, 4.9708781874083161e-02,
          8.9959419617885367e-02, 6.0503418092506330e-04,
          1.2302508854076947e-02, -2.9632402196650184e-02,
          1.3777899906835978e-01, -1.2515233559057487e-02,
          6.7957521289373657e-02, -5.5824068850056925e-02,
          1.8354089739838580e-02, -1.2443178096393039e-01,
          5.0198521002241493e-03, 2.1711954955228121e-02,
          -2.2597622987668882e-02, -1.2515233559057487e-02,
          2.4868445430897598e-01 ]
   - !!opencv-matrix
      rows: 9
      cols: 9
      dt: d
      data: [ 6.7224805644495719e-02, 2.9495810784674451e-02,
          2.1282247874167864e-02, 9.3268974235450990e-03,
          2.1683200332005242e-02, 4.7410569765511711e-04,
          -2.2360278267809380e-02, 2.6388464116472662e-02,
          8.5592261386412290e-04, 2.9495810784674451e-02,
          3.7269924261911606e-02, 2.4079779710117179e-02,
          1.1789225624810239e-02, 2.2586192178459523e-02,
          8.3948020823663592e-04, -1.6974574543585742e-02,
          3.3594991070381205e-02, 1.1877894143180931e-03,
          2.1282247874167864e-02, 2.4079779710117179e-02,
          6.2181220278959642e-02, 7.8767761176495900e-03,
          1.3300276334002097e-02, 3.0477794415436680e-03,
          -8.4073144034215036e-03, 2.1120472424427501e-02,
          1.7791229363798592e-03, 9.3268974235450972e-03,
          1.1789225624810239e-02, 7.8767761176495900e-03,
          5.9659578596560840e-02, 1.4823962059754460e-02,
          -1.2154361719812431e-03, -8.1052717459682098e-03,
          1.3277863884825981e-02, -2.3492596580633937e-04,
          2.1683200332005242e-02, 2.2586192178459530e-02,
          1.3300276334002097e-02, 1.4823962059754467e-02,
          1.3270886836648946e-01, -2.5185189946341493e-03,
          -9.1087221683513395e-03, 2.0549938740726512e-02,
          1.4530970170536209e-03, 4.7410569765511624e-04,
          8.3948020823663570e-04, 3.0477794415436680e-03,
          -1.2154361719812436e-03, -2.5185189946341489e-03,
          2.1825957672360397e-02, 1.3087922735706547e-03,
          1.9829435280720176e-03, 1.0528444367071004e-03,
          -2.2360278267809376e-02, -1.6974574543585742e-02,
          -8.4073144034215036e-03, -8.1052717459682080e-03,
          -9.1087221683513395e-03, 1.3087922735706547e-03,
          1.2371022889681758e-01, -4.1583403610515636e-02,
          1.4757809156978625e-03, 2.6388464116472662e-02,
          3.3594991070381205e-02, 2.1120472424427501e-02,
          1.3277863884825982e-02, 2.0549938740726515e-02,
          1.9829435280720184e-03, -4.1583403610515629e-02,
          5.3439894832966225e-02, -1.0224436652177410e-03,
          8.5592261386412257e-04, 1.1877894143180931e-03,
          1.7791229363798592e-03, -2.3492596580633937e-04,
          1.4530970170536209e-03, 1.0528444367071002e-03,
          1.4757809156978625e-03, -1.0224436652177410e-03,
          4.9050290099239774e-03 ]
   - !!opencv-matrix
      rows: 9
      cols: 9
      dt: d
      data: [ 7.0666271099645439e-01, 8.4344758899990879e-02,
          1.0486056475097862e-01, 6.2256565640917291e-02,
          7.1208655331517878e-02, 5.7393290121593006e-02,
          9.4383309510194871e-02, 1.4383945291019338e-02,
          2.5031762285391220e-02, 8.4344758899990879e-02,
          6.4466756878103293e-01, 5.5302951665475927e-02,
          9.0516978814505922e-03, 1.1015562458683464e-02,
          6.7708704792014268e-02, 2.1998701539603531e-02,
          1.5380169546829658e-01, 1.7323976873537247e-02,
          1.0486056475097862e-01, 5.5302951665475934e-02,
          2.1706402377147024e-01, 8.1971173655619539e-02,
          7.2477827872128489e-02, 1.2651208117788965e-01,
          3.7275052269943827e-02, 2.1677737385186392e-02,
          3.0445947283035596e-02, 6.2256565640917291e-02,
          9.0516978814505940e-03, 8.1971173655619539e-02,
          3.1447083491461808e-01, 1.8611232232610683e-01,
          1.8655365495212625e-01, -8.2826630641618434e-03,
          8.5842030527629204e-02, -4.1678601688163959e-02,
          7.1208655331517878e-02, 1.1015562458683466e-02,
          7.2477827872128503e-02, 1.8611232232610683e-01,
          1.5654482537485312e-01, 1.3305525581098041e-01,
          -1.0390766913495178e-02, 6.9449183817910640e-02,
