%YAML:1.0
---
groups:
   - intact
   - CD19
   - blast
intactGmmnames:
   - "intact.735.0"
   - "intact.735.1"
   - "intact.735.2"
   - "intact.735.3"
   - "intact.735.4"
intactLabels:
   - FSC-A
   - SSC-A
   - CD20
   - CD10
   - CD45
   - CD34
   - SYTO41
   - CD19
   - CD38
intactMu: !!opencv-matrix
   rows: 5
   cols: 9
   dt: d
   data: [ 5.1165409989966149e-01, 3.4660684834376837e-01,
       9.5926634453089443e-01, 9.2872878244764079e-01,
       3.2742926439240891e+00, 1.0812478162041625e+00,
       3.1477639924445988e+00, 1.2315923184840196e+00,
       1.8172399641660995e+00, 1.8141538333178555e+00,
       1.3923061601263544e+00, 1.2050556675960444e+00,
       1.2028693480272532e+00, 1.9770199591525230e+00,
       2.1468190155590290e+00, 2.2763997307050792e+00,
       1.3179676529361932e+00, 1.7720192105275889e+00,
       4.4788678241145163e-01, 3.8159091489362784e-01,
       9.0623102959443136e-01, 9.9073672533040880e-01,
       1.1382445015458456e+00, 1.1017400014538208e+00,
       3.0576589075368541e+00, 1.0275470167276468e+00,
       1.7111524441960146e+00, 1.5108153907918331e+00,
       6.6879508596522674e-01, 1.0642262599967300e+00,
       9.8483235165154082e-01, 3.6046106572938110e+00,
       1.1102158353093101e+00, 2.6916779280826946e+00,
       1.3205121943400113e+00, 2.0128518661397621e+00,
       1.4825339350063000e+00, 2.2766482213132964e+00,
       1.4138694088575881e+00, 1.7039692069027883e+00,
       2.5993924006361215e+00, 1.4106992268619707e+00,
       2.8840733374803094e+00, 1.6338633188395244e+00,
       1.9765874039536597e+00 ]
intactSigma:
   - !!opencv-matrix
      rows: 9
      cols: 9
      dt: d
      data: [ 8.9737626078205499e-02, 5.3799911290487471e-03,
          8.4522346602627849e-03, -2.1438818394069812e-03,
          3.2213768666035321e-02, -5.0404361152870704e-03,
          -2.8949946412472755e-02, -9.3581855124125809e-03,
          -7.6797970450092892e-03, 5.3799911290487471e-03,
          2.4492680803188970e-02, 1.2369547194582864e-02,
          1.1034378781672214e-02, 7.1894909789860491e-03,
          3.7671236749421268e-03, -1.9856834270860126e-03,
          5.0812972419130315e-03, -2.3972169194010616e-03,
          8.4522346602627849e-03, 1.2369547194582864e-02,
          7.0910396195265638e-02, -7.2956567636669762e-04,
          7.5272080370907962e-03, 2.1772040915528828e-03,
          -2.6502059957677925e-03, 4.2551882708309566e-03,
          -3.1189524996426935e-03, -2.1438818394069817e-03,
          1.1034378781672212e-02, -7.2956567636669664e-04,
          6.6555679989471886e-02, 3.6170055879230145e-04,
          1.8429536001159891e-03, 3.2174155781132914e-04,
          2.3405196544281251e-03, -1.4127204547508697e-03,
          3.2213768666035321e-02, 7.1894909789860491e-03,
          7.5272080370907962e-03, 3.6170055879230161e-04,
          2.6850060892669985e-02, -4.1830772519470599e-03,
          -1.1330198644683659e-02, -2.0061514088405169e-03,
          -3.1375181109012909e-03, -5.0404361152870695e-03,
          3.7671236749421285e-03, 2.1772040915528832e-03,
          1.8429536001159882e-03, -4.1830772519470590e-03,
          1.0023139089386687e-01, 1.3106656600295236e-03,
          3.0035080453372355e-03, 9.1821268527998332e-04,
          -2.8949946412472755e-02, -1.9856834270860131e-03,
          -2.6502059957677930e-03, 3.2174155781132942e-04,
          -1.1330198644683660e-02, 1.3106656600295240e-03,
          1.8336540281433788e-02, 2.6299701145277628e-03,
          2.2554754788261769e-03, -9.3581855124125809e-03,
          5.0812972419130324e-03, 4.2551882708309566e-03,
          2.3405196544281255e-03, -2.0061514088405169e-03,
          3.0035080453372364e-03, 2.6299701145277637e-03,
          3.2197222795198703e-02, -1.0855504986151756e-03,
          -7.6797970450092892e-03, -2.3972169194010616e-03,
          -3.1189524996426943e-03, -1.4127204547508697e-03,
          -3.1375181109012909e-03, 9.1821268527998332e-04,
          2.2554754788261760e-03, -1.0855504986151756e-03,
          1.3467746112724213e-02 ]
   - !!opencv-matrix
      rows: 9
      cols: 9
      dt: d
      data: [ 7.5422394510046842e-01, 3.1827097727671300e-01,
          1.0830082969617238e-01, 7.0669217912034968e-02,
          1.4341457315170741e-01, 1.3673820721162794e-01,
          9.2726168387274571e-02, 6.7450695336384106e-02,
          3.0182807159046594e-02, 3.1827097727671300e-01,
          5.8561321734996541e-01, 1.6249368117946242e-01,
          1.0395612691108323e-01, 1.9579940217746689e-01,
          2.0814855406010099e-01, 1.4859637698716308e-01,
          1.2092330437669284e-01, 5.2331434391591575e-02,
          1.0830082969617238e-01, 1.6249368117946236e-01,
          1.0034896804051598e-01, 2.4872818513497302e-02,
          5.8559236860270147e-02, 6.2574134740133985e-02,
          4.5674571103399175e-02, 3.5404424078798992e-02,
          1.4864029393579420e-02, 7.0669217912034968e-02,
          1.0395612691108323e-01, 2.4872818513497302e-02,
          8.1004314650799172e-02, 3.8108909715828226e-02,
          3.3178588102110565e-02, 2.9434922022914586e-02,
          2.4089641391138821e-02, 8.8039702795529411e-03,
          1.4341457315170747e-01, 1.9579940217746689e-01,
          5.8559236860270147e-02, 3.8108909715828226e-02,
          1.5320659289377461e-01, 8.1026198740197078e-02,
          5.4394142545824975e-02, 4.0408613791558780e-02,
          1.7879638622002425e-02, 1.3673820721162794e-01,
          2.0814855406010094e-01, 6.2574134740133985e-02,
          3.3178588102110565e-02, 8.1026198740197064e-02,
          1.4013409849658867e-01, 6.0217191014053803e-02,
          4.6254999742852326e-02, 2.0596713593375553e-02,
          9.2726168387274557e-02, 1.4859637698716308e-01,
          4.5674571103399175e-02, 2.9434922022914586e-02,
          5.4394142545824968e-02, 6.0217191014053803e-02,
          4.9147396273657766e-02, 3.3507533586831215e-02,
          1.4180316152158184e-02, 6.7450695336384106e-02,
          1.2092330437669284e-01, 3.5404424078798992e-02,
          2.4089641391138814e-02, 4.0408613791558780e-02,
          4.6254999742852326e-02, 3.3507533586831215e-02,
          4.5667260482485185e-02, 9.5468717812099025e-03,
          3.0182807159046594e-02, 5.2331434391591575e-02,
          1.4864029393579416e-02, 8.8039702795529411e-03,
          1.7879638622002425e-02, 2.0596713593375553e-02,
          1.4180316152158184e-02, 9.5468717812099025e-03,
          9.1092956223450608e-03 ]
   - !!opencv-matrix
      rows: 9
      cols: 9
      dt: d
      data: [ 6.5422194187033822e-02, 1.9458222518196101e-02,
          1.0409996315706925e-02, 1.1818627054052646e-02,
          1.1674373869044762e-02, 1.1300023684427348e-03,
          -2.3233935612626634e-02, 5.1115420169356917e-03,
          2.1123746125220940e-03, 1.9458222518196101e-02,
          3.3925724116207340e-02, 1.5763217408663485e-02,
          1.5229661190309341e-02, 9.4466583012223632e-03,
          6.2003895923348380e-03, -1.9545008594965132e-04,
          6.3485735564665323e-03, 2.4990906813888926e-03,
          1.0409996315706925e-02, 1.5763217408663481e-02,
          6.7229752829895642e-02, 4.3197028686584073e-03,
          3.8469231953383027e-03, 2.3284729364882986e-03,
          1.4153618723807726e-03, 3.0804678399619146e-03,
          7.4608108708135255e-04, 1.1818627054052649e-02,
          1.5229661190309341e-02, 4.3197028686584073e-03,
          7.5387003466685337e-02, 1.3041140928978467e-02,
          5.7196467091007955e-03, -4.4249827523880287e-03,
          5.5893069728684078e-03, 2.5534121783124496e-03,
          1.1674373869044762e-02, 9.4466583012223632e-03,
          3.8469231953383032e-03, 1.3041140928978465e-02,
          1.1495220631616915e-01, 4.8264492336827875e-03,
          -5.9087849437311438e-03, 2.2938119182613413e-03,
