%YAML:1.0
---
groups:
   - intact
   - CD19
   - blast
intactGmmnames:
   - "intact.739.0"
   - "intact.739.1"
   - "intact.739.2"
   - "intact.739.3"
   - "intact.739.4"
intactLabels:
   - FSC-A
   - SSC-A
   - CD20
   - CD10
   - CD45
   - CD34
   - SYTO41
   - CD19
   - CD38
intactMu: !!opencv-matrix
   rows: 5
   cols: 9
   dt: d
   data: [ 1.0960317446992427e+00, 2.7318779131449389e-01,
       8.8595867066804523e-01, 8.1440568430087878e-01,
       3.6803886119708218e+00, 1.0744315841536007e+00,
       3.5510600101088738e+00, 9.6790373028445531e-01,
       1.8416850189508416e+00, 7.1032948889172209e-01,
       3.3836886080518408e-01, 8.6479394395715226e-01,
       1.0056419469227091e+00, 1.2102536748388275e+00,
       1.0751486735860198e+00, 3.5415814279107884e+00,
       7.8113570227298801e-01, 1.5128380042541898e+00,
       1.7125209485967330e+00, 2.4431221167172539e+00,
       1.3323638939243867e+00, 2.3504331801709410e+00,
       2.9008764329895489e+00, 1.1934767701545117e+00,
       3.3324898198351365e+00, 1.4024497465313486e+00,
       1.6677238030816404e+00, 1.1958468464722818e+00,
       4.6440946493039864e-01, 9.6853677477801126e-01,
       9.8389088766220445e-01, 3.8092495157438120e+00,
       1.0665925066587041e+00, 3.3644361330154346e+00,
       1.1479725015476860e+00, 1.6563050617384327e+00,
       1.2710762721861304e+00, 7.3381446783656434e-01,
       1.1650248382539610e+00, 1.0484987971400175e+00,
       3.7728231845112608e+00, 1.1829582858202783e+00,
       3.3206597320069320e+00, 1.2612831384649581e+00,
       2.7389006957005946e+00 ]
intactSigma:
   - !!opencv-matrix
      rows: 9
      cols: 9
      dt: d
      data: [ 1.4034989633433587e-01, 8.4601481744040804e-03,
          5.9495767508528337e-03, 1.9247567361351213e-03,
          2.1932723381702220e-02, 4.6018008637932206e-03,
          -1.4813930887315403e-02, 1.0874856030467400e-02,
          2.8028582922703248e-03, 8.4601481744040804e-03,
          5.1011046367134905e-03, 4.9994078611730764e-03,
          1.9209349524689345e-03, 3.6439773773797178e-03,
          -2.8534972165843121e-04, -1.8695920292355153e-03,
          3.4094717008117371e-03, -5.5652218738975947e-04,
          5.9495767508528337e-03, 4.9994078611730764e-03,
          6.9864877984983073e-02, -5.2788330249595571e-03,
          2.6008734517837004e-03, -2.4530387746500302e-03,
          -3.5081117417530539e-04, 2.6964073123514633e-03,
          -6.5799027517329106e-03, 1.9247567361351213e-03,
          1.9209349524689338e-03, -5.2788330249595563e-03,
          4.1806911635742849e-02, 1.6304913873004334e-03,
          -8.0809447962253925e-03, -1.1730478720234222e-03,
          1.8521184184933474e-03, -4.8386959779086699e-04,
          2.1932723381702220e-02, 3.6439773773797178e-03,
          2.6008734517836999e-03, 1.6304913873004334e-03,
          1.0157891199017690e-02, -1.8731840257567632e-03,
          -4.4915553185597753e-03, 5.1010587936053710e-03,
          -9.2971482615655993e-04, 4.6018008637932198e-03,
          -2.8534972165843175e-04, -2.4530387746500293e-03,
          -8.0809447962253925e-03, -1.8731840257567632e-03,
          1.3311286374285272e-01, 5.7918964579414323e-04,
          1.2143253172028497e-03, 5.9750576062220411e-03,
          -1.4813930887315403e-02, -1.8695920292355148e-03,
          -3.5081117417530566e-04, -1.1730478720234220e-03,
          -4.4915553185597753e-03, 5.7918964579414323e-04,
          5.1348986940327225e-03, -4.0097753160393346e-03,
          -5.4920146950816230e-04, 1.0874856030467395e-02,
          3.4094717008117371e-03, 2.6964073123514629e-03,
          1.8521184184933481e-03, 5.1010587936053710e-03,
          1.2143253172028489e-03, -4.0097753160393355e-03,
          3.5034019599990918e-02, -2.6389977726118596e-03,
          2.8028582922703261e-03, -5.5652218738975914e-04,
          -6.5799027517329097e-03, -4.8386959779086666e-04,
          -9.2971482615655961e-04, 5.9750576062220437e-03,
          -5.4920146950816230e-04, -2.6389977726118583e-03,
          1.0500812993134334e-01 ]
   - !!opencv-matrix
      rows: 9
      cols: 9
      dt: d
      data: [ 6.3685024628403059e-02, 1.2380722693140792e-02,
          1.0829125068062762e-02, 9.2861861157399091e-03,
          1.0991764669793722e-02, -1.2709696971064362e-04,
          -8.4821037458473643e-03, 4.8058427298431619e-03,
          1.8430098953032350e-03, 1.2380722693140790e-02,
          1.2580395504240293e-02, 9.6094043763921052e-03,
          1.0133008380712575e-02, 8.9540632383678966e-03,
          1.3721531580171012e-03, 7.4049923170104121e-04,
          1.3118132670136896e-03, 2.1740121704263661e-03,
          1.0829125068062762e-02, 9.6094043763921052e-03,
          6.6257021886852605e-02, 4.7330120972308176e-04,
          4.7808665057911441e-03, 1.0461347766223042e-03,
          1.8676474458919924e-03, -4.7451371752615305e-04,
          2.1625025725827496e-03, 9.2861861157399091e-03,
          1.0133008380712575e-02, 4.7330120972308186e-04,
          1.1219119530544580e-01, 2.7036162779502142e-02,
          1.6176026035061159e-04, -6.1647267744492848e-03,
          7.2996466680744472e-03, 3.8178014145669090e-03,
          1.0991764669793716e-02, 8.9540632383678966e-03,
          4.7808665057911441e-03, 2.7036162779502142e-02,
          1.7185372822900663e-01, -1.6662190129403708e-03,
          -5.5903931147482473e-03, 4.8181692725964105e-03,
          3.2451024715994224e-03, -1.2709696971064386e-04,
          1.3721531580171012e-03, 1.0461347766223044e-03,
          1.6176026035061154e-04, -1.6662190129403708e-03,
          2.2927763199796444e-02, 3.4320129423751461e-03,
          -1.7774518843504841e-03, 3.0410328532805335e-04,
          -8.4821037458473643e-03, 7.4049923170104175e-04,
          1.8676474458919935e-03, -6.1647267744492848e-03,
          -5.5903931147482464e-03, 3.4320129423751474e-03,
          9.2017754683570263e-02, -4.7230908599001725e-02,
          8.3229551267726635e-03, 4.8058427298431610e-03,
          1.3118132670136889e-03, -4.7451371752615321e-04,
          7.2996466680744498e-03, 4.8181692725964096e-03,
          -1.7774518843504841e-03, -4.7230908599001718e-02,
          3.3703366849417139e-02, -5.4961051571350136e-03,
          1.8430098953032352e-03, 2.1740121704263665e-03,
          2.1625025725827496e-03, 3.8178014145669086e-03,
          3.2451024715994211e-03, 3.0410328532805330e-04,
          8.3229551267726635e-03, -5.4961051571350136e-03,
          5.8598471749939660e-03 ]
   - !!opencv-matrix
      rows: 9
      cols: 9
      dt: d
      data: [ 6.5114052048038817e-01, 4.3272681997881063e-01,
          4.6965015502503191e-02, 1.0546916620479459e-01,
          2.0278766321435099e-01, -1.6114400518385946e-02,
          -8.1880446987776176e-03, 1.0009674946208984e-01,
          2.1295113723121463e-02, 4.3272681997881063e-01,
          1.2192618944190943e+00, 7.2644050989543074e-02,
          5.5077806210950231e-01, 6.0734890277402453e-01,
          -1.4051381950590743e-04, -6.0824022554945283e-02,
          3.3433893256582231e-01, -2.3243816966276261e-02,
          4.6965015502503191e-02, 7.2644050989543074e-02,
          1.0200332233104641e-01, 1.3382558131169916e-02,
          1.2718179877371073e-02, 1.6492240191498093e-02,
          1.0849507930145986e-02, 2.4284043441883535e-02,
          1.0739269588307227e-02, 1.0546916620479459e-01,
          5.5077806210950231e-01, 1.3382558131169918e-02,
          5.5875942350724006e-01, 4.6719730006310728e-01,
          -2.4038647703899758e-02, -5.2096441746022945e-02,
          1.8072396253192169e-01, -3.2560448241358397e-02,
          2.0278766321435102e-01, 6.0734890277402453e-01,
          1.2718179877371085e-02, 4.6719730006310728e-01,
          6.1236232591942708e-01, -3.6558870263410412e-02,
