%YAML:1.0
---
groups:
   - intact
   - CD19
   - blast
intactGmmnames:
   - "intact.740.0"
   - "intact.740.1"
   - "intact.740.2"
   - "intact.740.3"
   - "intact.740.4"
intactLabels:
   - FSC-A
   - SSC-A
   - CD20
   - CD10
   - CD45
   - CD34
   - SYTO41
   - CD19
   - CD38
intactMu: !!opencv-matrix
   rows: 5
   cols: 9
   dt: d
   data: [ 1.9170988917502210e+00, 2.5266014914194246e+00,
       1.2557189513655156e+00, 1.5895624217920963e+00,
       2.7800145295085872e+00, 1.2565571012462435e+00,
       3.2578259601439727e+00, 1.3231252219918550e+00,
       1.8837050409677030e+00, 7.0093180998974214e-01,
       3.1857653106223299e-01, 1.0345066180663203e+00,
       7.8969085506590253e-01, 3.4546883079986288e+00,
       1.1231499875401765e+00, 3.6498057663221037e+00,
       8.6856124848685134e-01, 1.7404476435655369e+00,
       1.2538339703621784e+00, 6.5345411763798400e-01,
       1.0554709952339458e+00, 8.8116103353723207e-01,
       3.7470946958493547e+00, 1.1772980639567572e+00,
       3.1559965497269884e+00, 1.1500175366376379e+00,
       2.1758824331086961e+00, 5.9685509953683558e-01,
       5.0773083743234171e-01, 9.7644157409116938e-01,
       9.6108674069000699e-01, 1.6085852925748880e+00,
       1.0898595896518419e+00, 3.2768235707880842e+00,
       8.9372367297247135e-01, 1.6435885580533633e+00,
       1.4839187099485192e+00, 3.4891716229611816e+00,
       1.1537214603164745e+00, 2.5418737125148092e+00,
       3.1710877966542386e+00, 1.1402380314663485e+00,
       3.1720249787014452e+00, 1.5316018501528348e+00,
       1.6421696035062385e+00 ]
intactSigma:
   - !!opencv-matrix
      rows: 9
      cols: 9
      dt: d
      data: [ 1.0533936681096561e+00, 5.6917969596474938e-01,
          7.9883741235737396e-02, 3.0050130069089031e-02,
          2.0165546610019089e-01, -5.6797836262888063e-02,
          3.2281290086245168e-02, 1.1250002253977448e-01,
          -1.9218766179085623e-02, 5.6917969596474938e-01,
          1.3252082527180535e+00, 4.2130927392396884e-02,
          2.0688787283491181e-01, 2.1814034118947506e-01,
          -1.4207883660503140e-01, 9.7762542821399012e-02,
          1.9326780118062115e-01, -1.4533929974301776e-01,
          7.9883741235737396e-02, 4.2130927392396884e-02,
          1.4814101041933717e-01, 2.5523916264659878e-02,
          4.5302835586486047e-02, 2.3031116607357266e-02,
          2.5602405423311943e-02, 4.1317852738209343e-02,
          4.6691104973271259e-02, 3.0050130069089031e-02,
          2.0688787283491181e-01, 2.5523916264659885e-02,
          3.3958456146517885e-01, 3.8624371897079561e-02,
          -4.4295505878900104e-02, 1.2498393933127792e-02,
          3.4974274164138286e-02, -8.5758267062402790e-02,
          2.0165546610019089e-01, 2.1814034118947506e-01,
          4.5302835586486047e-02, 3.8624371897079561e-02,
          2.7254526151626840e-01, -9.3745990563067969e-03,
          4.2666192821374432e-02, 4.8968703888942852e-02,
          6.4707578839806434e-02, -5.6797836262888056e-02,
          -1.4207883660503143e-01, 2.3031116607357266e-02,
          -4.4295505878900104e-02, -9.3745990563067969e-03,
          1.9838035258548051e-01, 7.9231353817697924e-03,
          -2.3048976976582966e-02, 7.8828827384524180e-02,
          3.2281290086245175e-02, 9.7762542821399012e-02,
          2.5602405423311932e-02, 1.2498393933127792e-02,
          4.2666192821374439e-02, 7.9231353817697959e-03,
          2.5035370573692534e-01, -7.8427288508898990e-02,
          4.7747159799031394e-02, 1.1250002253977448e-01,
          1.9326780118062115e-01, 4.1317852738209343e-02,
          3.4974274164138286e-02, 4.8968703888942852e-02,
          -2.3048976976582963e-02, -7.8427288508899004e-02,
          1.2631814828848084e-01, -3.5743490705350552e-02,
          -1.9218766179085616e-02, -1.4533929974301771e-01,
          4.6691104973271259e-02, -8.5758267062402790e-02,
          6.4707578839806434e-02, 7.8828827384524180e-02,
          4.7747159799031394e-02, -3.5743490705350552e-02,
          2.4818262694903773e-01 ]
   - !!opencv-matrix
      rows: 9
      cols: 9
      dt: d
      data: [ 1.0108869934833380e-01, 1.1500775433168560e-02,
          9.2621672838720370e-03, 1.0232840097182434e-02,
          3.1555841125198714e-02, -3.5464259489150205e-03,
          -3.0113949242885251e-02, 2.1646927462737484e-02,
          -2.0133397929298748e-03, 1.1500775433168561e-02,
          6.9060104048969785e-03, 5.3428701022981660e-03,
          2.7438749483114947e-03, 6.6725820614900976e-03,
          7.7432990093260004e-04, -4.6302744543339431e-03,
          4.3442049225084489e-03, -3.3253058746940396e-03,
          9.2621672838720335e-03, 5.3428701022981669e-03,
          1.6193619168858359e-01, 5.1668570974270772e-03,
          4.7563383290225502e-03, 5.7866771432097865e-03,
          -4.5428864287531791e-03, 4.2476538209586023e-02,
          -9.6249664456691530e-03, 1.0232840097182430e-02,
          2.7438749483114947e-03, 5.1668570974270763e-03,
          4.2070221682650823e-02, 4.5651140183719076e-03,
          -6.1481575871569659e-03, -9.7000343021415112e-03,
          1.2883632379071671e-02, -3.5000868499865572e-03,
          3.1555841125198714e-02, 6.6725820614900976e-03,
          4.7563383290225502e-03, 4.5651140183719068e-03,
          2.2111685339331694e-02, -2.8883451504949911e-03,
          -1.2606329840227500e-02, 9.6901542886775067e-03,
          -5.5449669252509697e-03, -3.5464259489150244e-03,
          7.7432990093260058e-04, 5.7866771432097865e-03,
          -6.1481575871569659e-03, -2.8883451504949907e-03,
          1.1912519488025279e-01, 1.2190447145262948e-03,
          2.4719555813881790e-03, -1.3034850900134677e-03,
          -3.0113949242885258e-02, -4.6302744543339431e-03,
          -4.5428864287531791e-03, -9.7000343021415112e-03,
          -1.2606329840227500e-02, 1.2190447145262950e-03,
          3.5009731747218657e-02, -2.3785390848030268e-02,
          3.0865450226254601e-03, 2.1646927462737491e-02,
          4.3442049225084498e-03, 4.2476538209586023e-02,
          1.2883632379071671e-02, 9.6901542886775067e-03,
          2.4719555813881781e-03, -2.3785390848030268e-02,
          5.3428664876970323e-02, -3.6858715630477151e-03,
          -2.0133397929298748e-03, -3.3253058746940392e-03,
          -9.6249664456691530e-03, -3.5000868499865563e-03,
          -5.5449669252509697e-03, -1.3034850900134681e-03,
          3.0865450226254601e-03, -3.6858715630477151e-03,
          6.1526571702740188e-02 ]
   - !!opencv-matrix
      rows: 9
      cols: 9
      dt: d
      data: [ 1.8855608291384657e-01, 9.1183869601052618e-03,
          6.0118392821789553e-03, 1.3134239587232460e-03,
          9.1219809939302489e-03, 3.9053147585758558e-03,
          -5.5687052667160930e-03, 3.9350330565077534e-03,
          5.4015596572338530e-02, 9.1183869601052618e-03,
          2.3618696606453354e-02, 2.7465089076426762e-03,
          3.4556075359337144e-03, 2.3338833675724596e-03,
          5.5587892179308554e-03, -1.1876882767533676e-02,
          7.2327823398374196e-03, 4.3434048770089960e-02,
          6.0118392821789605e-03, 2.7465089076426754e-03,
          7.2917669167305577e-02, -7.0540479788531287e-03,
          3.9077485750369772e-03, 1.6404226704188192e-04,
          -3.8490149792620391e-03, 2.6927715484201930e-03,
          -3.5302995284790417e-02, 1.3134239587232462e-03,
          3.4556075359337135e-03, -7.0540479788531287e-03,
          4.0837488400929288e-02, 2.2951878458969581e-03,
          -7.1076043264250485e-03, -1.7066541205291996e-02,
          6.6637093445046499e-03, -7.8416533133926717e-03,
          9.1219809939302489e-03, 2.3338833675724579e-03,
          3.9077485750369781e-03, 2.2951878458969581e-03,
          1.4870034759290097e-02, -1.5294827931673870e-03,
