%YAML:1.0
---
groups:
   - intact
   - CD19
   - blast
intactGmmnames:
   - "intact.745.0"
   - "intact.745.1"
   - "intact.745.2"
   - "intact.745.3"
   - "intact.745.4"
intactLabels:
   - FSC-A
   - SSC-A
   - CD20
   - CD10
   - CD45
   - CD34
   - SYTO41
   - CD19
   - CD38
intactMu: !!opencv-matrix
   rows: 5
   cols: 9
   dt: d
   data: [ 2.7600024311022606e+00, 3.2847372775782806e+00,
       1.2245529540064140e+00, 1.9850409384622261e+00,
       2.7787088987800965e+00, 1.0873915188545551e+00,
       2.8926719960111105e+00, 1.7761406958139301e+00,
       1.8319460711182314e+00, 1.1358511394702162e+00,
       2.9805661693987834e-01, 9.9722314241281429e-01,
       8.4694949721935209e-01, 3.4934746582809497e+00,
       1.0516061717707976e+00, 2.8832754223572108e+00,
       1.0550234805397520e+00, 1.6957906241027751e+00,
       2.2622510100398117e+00, 1.7184187806230458e+00,
       1.3214167940717410e+00, 1.3783757788469457e+00,
       2.5856472446985981e+00, 1.3237379256073911e+00,
       2.5579583627337654e+00, 1.4963551498110097e+00,
       2.1521620128569197e+00, 1.8143666032072130e+00,
       5.8365493686054826e-01, 1.0852508568279811e+00,
       9.3574389149195492e-01, 3.7025541723552893e+00,
       1.0846782807185968e+00, 2.4270233932637755e+00,
       1.2984873411834943e+00, 1.9139688262603094e+00,
       9.5515340849031238e-01, 3.9981081740697078e-01,
       8.6130786216410271e-01, 1.0524543964718935e+00,
       1.5810509378666042e+00, 1.0704596069298260e+00,
       2.5218824135213613e+00, 8.4640874043250613e-01,
       1.5901874666500011e+00 ]
intactSigma:
   - !!opencv-matrix
      rows: 9
      cols: 9
      dt: d
      data: [ 6.2669963048845467e-01, 1.8799135312807405e-01,
          3.6134440285296034e-02, -4.2821611258324337e-02,
          5.5346042339109681e-03, 6.8488052817637533e-03,
          5.9569524488380706e-03, 3.1208571646197062e-02,
          1.5589089124602062e-02, 1.8799135312807402e-01,
          3.5978279136518537e-01, 4.2943158008931767e-02,
          4.0449857417158619e-02, 2.4778756362907862e-02,
          8.3020729610855364e-03, -5.0635237868461212e-02,
          7.0816876607132387e-02, 1.9561402791892071e-02,
          3.6134440285296027e-02, 4.2943158008931760e-02,
          4.9315661434340491e-02, -3.4313499131407698e-04,
          2.0569064367571637e-03, -1.1492873787029112e-03,
          -4.7289834334756668e-03, 8.7662276691743302e-03,
          6.1579431005058085e-03, -4.2821611258324330e-02,
          4.0449857417158619e-02, -3.4313499131407655e-04,
          1.3653079710549051e-01, 3.8833626132420709e-02,
          3.6051123857897423e-03, -2.6227284062898294e-02,
          1.4348176458069259e-02, -2.9630083947036024e-04,
          5.5346042339109681e-03, 2.4778756362907869e-02,
          2.0569064367571641e-03, 3.8833626132420709e-02,
          4.3003616173569015e-02, -1.7613455640330271e-04,
          -1.5242524692322072e-02, 8.1359594387234897e-03,
          -2.8219200084146313e-03, 6.8488052817637559e-03,
          8.3020729610855330e-03, -1.1492873787029120e-03,
          3.6051123857897410e-03, -1.7613455640330303e-04,
          5.9372345904322096e-02, -9.9635360386766416e-04,
          2.0183096458378227e-03, 1.0914259650547083e-03,
          5.9569524488380689e-03, -5.0635237868461212e-02,
          -4.7289834334756633e-03, -2.6227284062898294e-02,
          -1.5242524692322072e-02, -9.9635360386766394e-04,
          5.9494380178479099e-02, -1.7674884685713172e-02,
          -6.8242984614108057e-03, 3.1208571646197069e-02,
          7.0816876607132387e-02, 8.7662276691743302e-03,
          1.4348176458069259e-02, 8.1359594387234897e-03,
          2.0183096458378223e-03, -1.7674884685713169e-02,
          3.3761762799640015e-02, -2.3374595322636469e-03,
          1.5589089124602062e-02, 1.9561402791892075e-02,
          6.1579431005058076e-03, -2.9630083947036106e-04,
          -2.8219200084146313e-03, 1.0914259650547078e-03,
          -6.8242984614108031e-03, -2.3374595322636469e-03,
          9.7293964556306317e-02 ]
   - !!opencv-matrix
      rows: 9
      cols: 9
      dt: d
      data: [ 1.4451406296870523e-01, 9.1623650159817008e-03,
          2.0893398406406079e-02, 7.1422110536348386e-03,
          2.6837866283343750e-02, -3.3100974335551732e-03,
          -3.6049545553529731e-02, 9.9864293162632740e-03,
          -2.2863693754387217e-02, 9.1623650159817008e-03,
          5.6252941407826957e-03, 7.5058874230902045e-03,
          2.4201432927229219e-03, 3.3858178199515504e-03,
          -1.5969145103778863e-04, -4.4104337955826901e-03,
          4.9112356619412465e-03, -4.3973925313938013e-03,
          2.0893398406406079e-02, 7.5058874230902045e-03,
          7.7778663904381706e-02, -1.4246195517230277e-03,
          6.3116406022278148e-03, 2.6910838822737402e-04,
          -7.0261472594871912e-03, 9.3349079744236129e-03,
          -1.7433964091117755e-02, 7.1422110536348369e-03,
          2.4201432927229210e-03, -1.4246195517230284e-03,
          4.7759872054591278e-02, 2.7926319800124391e-03,
          -4.4452137182556615e-03, -3.1410483248890632e-03,
          3.5108872683915406e-03, -3.2984340513840171e-03,
          2.6837866283343753e-02, 3.3858178199515504e-03,
          6.3116406022278148e-03, 2.7926319800124395e-03,
          1.2225273531214101e-02, -2.4684294473150095e-03,
          -9.8144347663033302e-03, 4.9587976155093909e-03,
          -7.0545833061843944e-03, -3.3100974335551732e-03,
          -1.5969145103778839e-04, 2.6910838822737483e-04,
          -4.4452137182556606e-03, -2.4684294473150087e-03,
          1.1546721122267471e-01, 8.0418244582549086e-04,
          7.1128372108178193e-03, 4.2902354958309396e-03,
          -3.6049545553529731e-02, -4.4104337955826909e-03,
          -7.0261472594871912e-03, -3.1410483248890636e-03,
          -9.8144347663033302e-03, 8.0418244582548988e-04,
          3.6058903019445157e-02, -1.1985565707920804e-02,
          9.1777391566576442e-03, 9.9864293162632792e-03,
          4.9112356619412474e-03, 9.3349079744236146e-03,
          3.5108872683915406e-03, 4.9587976155093909e-03,
          7.1128372108178193e-03, -1.1985565707920800e-02,
          9.3519608975192112e-02, -1.5323377770457721e-02,
          -2.2863693754387220e-02, -4.3973925313938013e-03,
          -1.7433964091117752e-02, -3.2984340513840184e-03,
          -7.0545833061843944e-03, 4.2902354958309396e-03,
          9.1777391566576459e-03, -1.5323377770457725e-02,
          1.7941707873982787e-01 ]
   - !!opencv-matrix
      rows: 9
      cols: 9
      dt: d
      data: [ 9.0885828010064074e-01, 3.8418256172954490e-01,
          5.8292587625031859e-02, 1.1230090926267498e-02,
          1.9363149360393372e-01, -1.3764186068507928e-03,
          7.0971781181843233e-02, 9.3446609383920881e-02,
          7.7038706637763132e-02, 3.8418256172954490e-01,
          9.3483196039937178e-01, 2.6027874244287503e-02,
          1.0113420302758196e-01, 1.3313513017618503e-01,
          -7.3680971288303185e-02, 1.1944263582956714e-01,
          1.9130889555894001e-01, -6.4992475213975040e-02,
          5.8292587625031853e-02, 2.6027874244287503e-02,
          2.1610287887037502e-01, 1.0406088398942322e-01,
          9.7373033110634277e-02, 5.2865313619848052e-02,
          8.5782683555106085e-02, 9.0035871972698869e-02,
          9.1354140717767623e-02, 1.1230090926267483e-02,
          1.0113420302758196e-01, 1.0406088398942322e-01,
          2.4376155862368770e-01, 4.1790195320800673e-02,
          1.9485477262898374e-02, 1.0265105735959798e-01,
          6.0102973446063489e-02, 2.2851842600579337e-02,
          1.9363149360393375e-01, 1.3313513017618503e-01,
          9.7373033110634277e-02, 4.1790195320800673e-02,
          5.8592109817691185e-01, 5.7891330390333867e-02,
