%YAML:1.0
---
groups:
   - intact
   - CD19
   - blast
intactGmmnames:
   - "intact.747.0"
   - "intact.747.1"
   - "intact.747.2"
   - "intact.747.3"
   - "intact.747.4"
intactLabels:
   - FSC-A
   - SSC-A
   - CD20
   - CD10
   - CD45
   - CD34
   - SYTO41
   - CD19
   - CD38
intactMu: !!opencv-matrix
   rows: 5
   cols: 9
   dt: d
   data: [ 1.2372347821563632e+00, 4.2683972796021552e-01,
       9.8553296568138271e-01, 9.4135848895734464e-01,
       3.5522194140935288e+00, 1.0737143397472431e+00,
       2.1583124898341937e+00, 1.2813027375438304e+00,
       2.1033308464140443e+00, 2.0673231273117043e+00,
       3.1236487167021978e+00, 1.1686648421700705e+00,
       2.2129905442012081e+00, 2.6749886923767852e+00,
       1.0813104744605346e+00, 2.4624321854871991e+00,
       1.6837838866017547e+00, 1.6677279711267092e+00,
       7.9174415014688271e-01, 4.2433470235578413e-01,
       9.2038621390133513e-01, 1.0515136010447321e+00,
       1.3747330620780973e+00, 1.0759383674102905e+00,
       2.2655400944893724e+00, 1.0785174186470097e+00,
       1.3669632974953614e+00, 2.4754431472913869e+00,
       1.1988285926560334e+00, 7.4257877367995517e-01,
       8.7195098498947454e-01, 1.1370552567839467e+00,
       1.0423562552338412e+00, 1.5663561524350669e+00,
       1.3094354276761186e+00, 1.0897512639094200e+00,
       2.0650625344704756e+00, 1.7975785477209831e+00,
       1.4161368961888809e+00, 1.4198212803633619e+00,
       3.0190535936530911e+00, 1.3050081708717844e+00,
       2.2890945319613820e+00, 1.6545519299662865e+00,
       2.3324334452276339e+00 ]
intactSigma:
   - !!opencv-matrix
      rows: 9
      cols: 9
      dt: d
      data: [ 2.5547162304331017e-01, 4.2372316977219465e-02,
          8.9948022916662759e-03, 3.2393834247137288e-03,
          4.7295821938958774e-02, -2.0714821602760557e-04,
          -7.9507397144998909e-02, 7.2188663749247770e-03,
          2.8554835920634486e-02, 4.2372316977219472e-02,
          3.3186508670428244e-02, 8.2888334835017619e-03,
          8.5912776616469261e-03, 1.4046329048303576e-02,
          2.0436957944183027e-03, -2.5768212344112001e-02,
          1.0335528604206022e-02, 4.4303099803317370e-02,
          8.9948022916662759e-03, 8.2888334835017601e-03,
          6.3767299521639287e-02, -4.8082531778984337e-04,
          5.2688184837628490e-03, 3.2304329973898947e-03,
          -1.4399967418893152e-03, 4.8433429585817353e-03,
          -1.4145615826274403e-02, 3.2393834247137275e-03,
          8.5912776616469261e-03, -4.8082531778984304e-04,
          5.7392156675812385e-02, 1.7617422807590605e-03,
          -3.3720067777812958e-03, -1.1637225581997406e-03,
          3.4339682250753645e-03, -5.8741418677712327e-03,
          4.7295821938958767e-02, 1.4046329048303576e-02,
          5.2688184837628490e-03, 1.7617422807590598e-03,
          2.4007409843331471e-02, -1.5519330268209620e-03,
          -2.4041401284029491e-02, 6.6483330454861159e-03,
          -4.1797027177945941e-03, -2.0714821602760316e-04,
          2.0436957944183019e-03, 3.2304329973898934e-03,
          -3.3720067777812958e-03, -1.5519330268209629e-03,
          1.5452408330076134e-01, -1.8386047144971168e-03,
          1.4249658712472714e-03, 1.1348535068385684e-02,
          -7.9507397144998909e-02, -2.5768212344112001e-02,
          -1.4399967418893132e-03, -1.1637225581997404e-03,
          -2.4041401284029491e-02, -1.8386047144971162e-03,
          6.9289427609246515e-02, -1.0066367672082303e-02,
          -3.3034773403933911e-02, 7.2188663749247779e-03,
          1.0335528604206022e-02, 4.8433429585817353e-03,
          3.4339682250753628e-03, 6.6483330454861159e-03,
          1.4249658712472714e-03, -1.0066367672082301e-02,
          3.6095402823791402e-02, 2.9237216626710537e-03,
          2.8554835920634486e-02, 4.4303099803317370e-02,
          -1.4145615826274398e-02, -5.8741418677712353e-03,
          -4.1797027177945941e-03, 1.1348535068385684e-02,
          -3.3034773403933911e-02, 2.9237216626710537e-03,
          4.3832441665409327e-01 ]
   - !!opencv-matrix
      rows: 9
      cols: 9
      dt: d
      data: [ 5.8196936494521190e-01, 2.1453077160960227e-01,
          3.7611301409103411e-02, -2.1297144450394719e-02,
          3.1061810421733220e-02, 9.9597573303110160e-03,
          3.7105900439403706e-03, 3.3834673531692429e-02,
          2.0141872746258588e-02, 2.1453077160960218e-01,
          3.7566399502603409e-01, 4.7543817808984881e-02,
          3.2697069799098144e-02, 3.4877498307962509e-02,
          1.0570435206549010e-02, -8.7780425524975371e-03,
          7.0212850329271201e-02, 1.6556377751939539e-02,
          3.7611301409103411e-02, 4.7543817808984881e-02,
          5.8015603179175437e-02, 3.7423259945733550e-03,
          6.3669071624293545e-03, 3.9087615988748188e-03,
          1.4154527151959259e-03, 1.0053593974367593e-02,
          4.8923342543434698e-03, -2.1297144450394719e-02,
          3.2697069799098137e-02, 3.7423259945733559e-03,
          1.0126833125006052e-01, 2.8325002187033325e-02,
          6.3326728610911705e-04, -1.0680606554242465e-02,
          7.2077753682604643e-03, 4.1987785304850927e-03,
          3.1061810421733217e-02, 3.4877498307962509e-02,
          6.3669071624293562e-03, 2.8325002187033325e-02,
          4.9120413173636884e-02, -9.3627917383898857e-05,
          -3.9061359690913500e-03, 7.0249754579591941e-03,
          1.4302670528266233e-04, 9.9597573303110212e-03,
          1.0570435206549012e-02, 3.9087615988748180e-03,
          6.3326728610911705e-04, -9.3627917383899142e-05,
          7.1350872234008378e-02, -6.6257945586218725e-04,
          2.7768215375024337e-03, 2.0683222591225425e-03,
          3.7105900439403728e-03, -8.7780425524975371e-03,
          1.4154527151959255e-03, -1.0680606554242465e-02,
          -3.9061359690913500e-03, -6.6257945586218735e-04,
          2.5853872287473299e-02, -1.9497868322479483e-03,
          -6.1996441501545249e-03, 3.3834673531692436e-02,
          7.0212850329271201e-02, 1.0053593974367593e-02,
          7.2077753682604669e-03, 7.0249754579591941e-03,
          2.7768215375024333e-03, -1.9497868322479487e-03,
          3.1906253308993590e-02, -4.1948467735239458e-03,
          2.0141872746258581e-02, 1.6556377751939539e-02,
          4.8923342543434698e-03, 4.1987785304850971e-03,
          1.4302670528266247e-04, 2.0683222591225433e-03,
          -6.1996441501545266e-03, -4.1948467735239475e-03,
          9.8656573247032572e-02 ]
   - !!opencv-matrix
      rows: 9
      cols: 9
      dt: d
      data: [ 2.0119989877373934e-01, 5.7138613007656519e-02,
          1.5991031901427696e-02, -8.4143165565700138e-03,
          3.9622476217971152e-02, 1.5608477171325862e-02,
          -1.5112761109275857e-01, 1.3054623565684542e-02,
          1.4748032951020962e-03, 5.7138613007656526e-02,
          5.6085311745779159e-02, 2.0482419276232320e-02,
          1.3759415196188245e-02, 4.0036691024896945e-02,
          1.8113316486746713e-02, -4.1532739341351176e-02,
          1.5133973685710737e-02, 1.8791825917430921e-02,
          1.5991031901427699e-02, 2.0482419276232320e-02,
          6.5022595964834409e-02, 5.3601207502290823e-03,
          1.2465513147737433e-02, 3.7572086181430300e-03,
          4.7314294243947224e-04, 7.1005731384557649e-03,
          1.0384173752264431e-02, -8.4143165565700156e-03,
          1.3759415196188245e-02, 5.3601207502290815e-03,
          8.5285879168301479e-02, 1.2060881809939509e-02,
          -1.6589762243760175e-03, 3.2434157526009581e-02,
          7.1503312977145217e-03, 1.9460751252421436e-02,
          3.9622476217971152e-02, 4.0036691024896952e-02,
          1.2465513147737434e-02, 1.2060881809939507e-02,
          9.7362099200707514e-02, 1.3515588362196075e-02,
          -3.5665180284563926e-02, 1.1612058770083764e-02,
