%YAML:1.0
---
groups:
   - intact
   - CD19
   - blast
intactGmmnames:
   - "intact.757.0"
   - "intact.757.1"
   - "intact.757.2"
   - "intact.757.3"
   - "intact.757.4"
intactLabels:
   - FSC-A
   - SSC-A
   - CD20
   - CD10
   - CD45
   - CD34
   - SYTO41
   - CD19
   - CD38
intactMu: !!opencv-matrix
   rows: 5
   cols: 9
   dt: d
   data: [ 1.8697303222094488e+00, 6.2039217152419346e-01,
       1.2338732632953811e+00, 1.2390884715328907e+00,
       3.8600277098253950e+00, 1.3276998954753603e+00,
       3.9298900134409958e+00, 9.3777775470715519e-01,
       2.0002352175277087e+00, 1.2987062540526426e+00,
       5.3181102480489462e-01, 1.0550510026989601e+00,
       7.8014798934082197e-01, 1.3519273593981387e+00,
       1.2441746509279852e+00, 3.6904586547729537e+00,
       8.2475828550774632e-01, 1.5452832822034226e+00,
       1.8855339053643096e+00, 3.1656297495921981e-01,
       1.1230545910722805e+00, 1.0614228318387857e+00,
       3.6654712667133049e+00, 1.1745757337388272e+00,
       3.7478798662725610e+00, 9.3863887721175243e-01,
       1.6197412985998882e+00, 2.0805245014687048e+00,
       1.3309121138985376e+00, 2.2160485305185755e+00,
       2.4113618223242903e+00, 3.0033164439576332e+00,
       1.7986272275127901e+00, 3.5962933574477862e+00,
       2.2263684428034529e+00, 2.3837939679044240e+00,
       2.4398104606314401e+00, 1.5581876740268281e+00,
       1.3509615114484153e+00, 1.1968587380642783e+00,
       2.7351832525515150e+00, 1.4988656741111748e+00,
       3.5638293173059403e+00, 1.1598731316899453e+00,
       1.7607865982964561e+00 ]
intactSigma:
   - !!opencv-matrix
      rows: 9
      cols: 9
      dt: d
      data: [ 1.1148072332074249e-01, -4.2568367426267613e-03,
          -2.2137811538643017e-03, -6.5784515881668034e-03,
          -2.0526339918887549e-04, -9.6412201371055238e-03,
          -1.0502987245190414e-03, -9.6411469428179485e-03,
          -2.3689679732231770e-02, -4.2568367426267613e-03,
          2.4983452486097135e-02, 5.8157684642837198e-03,
          3.9067548324848026e-03, 7.4967815432079197e-03,
          1.5103582778873937e-02, 3.2750781635810249e-03,
          5.5913493327785406e-03, 1.5339608073196946e-02,
          -2.2137811538643012e-03, 5.8157684642837180e-03,
          7.0887146422087696e-02, 1.5837251533083505e-02,
          2.4419883645471932e-03, 5.8255502401651843e-03,
          -1.1385140305273100e-03, 1.1689548601396829e-02,
          -8.7156660650730211e-04, -6.5784515881668051e-03,
          3.9067548324848026e-03, 1.5837251533083505e-02,
          9.0479141268017524e-02, 9.2532975511665418e-03,
          6.8147240208374102e-03, -1.1875323908872170e-02,
          3.2766941019628716e-02, 2.0427327114920613e-02,
          -2.0526339918887568e-04, 7.4967815432079197e-03,
          2.4419883645471932e-03, 9.2532975511665418e-03,
          1.1854757660750462e-02, 2.5822585748938040e-03,
          8.6440294405958594e-04, 3.6190292912418398e-03,
          -1.5033726996260570e-03, -9.6412201371055238e-03,
          1.5103582778873933e-02, 5.8255502401651799e-03,
          6.8147240208374102e-03, 2.5822585748938040e-03,
          2.1388377260341226e-01, 8.0496669793247457e-04,
          1.0650271270360353e-02, 3.3728367812834087e-02,
          -1.0502987245190410e-03, 3.2750781635810249e-03,
          -1.1385140305273090e-03, -1.1875323908872172e-02,
          8.6440294405958616e-04, 8.0496669793247500e-04,
          2.1163920862433558e-02, -2.0402882707708622e-02,
          -5.5443769659375558e-03, -9.6411469428179485e-03,
          5.5913493327785424e-03, 1.1689548601396829e-02,
          3.2766941019628709e-02, 3.6190292912418394e-03,
          1.0650271270360353e-02, -2.0402882707708622e-02,
          6.0342900976169685e-02, 1.4255288864603213e-02,
          -2.3689679732231770e-02, 1.5339608073196943e-02,
          -8.7156660650730125e-04, 2.0427327114920620e-02,
          -1.5033726996260567e-03, 3.3728367812834087e-02,
          -5.5443769659375549e-03, 1.4255288864603217e-02,
          2.2497456048946815e-01 ]
   - !!opencv-matrix
      rows: 9
      cols: 9
      dt: d
      data: [ 2.1997697327793742e-01, 5.5051403451842021e-02,
          2.7187411592494090e-02, 1.8581256672086550e-02,
          7.2564791444049620e-02, 6.4969370223344924e-02,
          -6.2841122597689786e-02, 3.0119002696305717e-02,
          4.7245690288541279e-03, 5.5051403451842021e-02,
          6.0941068125452129e-02, 3.4262617082245810e-02,
          2.2999127355981783e-02, 8.7315790978809454e-02,
          6.2795990595228418e-02, -4.8119160548793644e-02,
          2.1380913990770925e-02, 1.1719236091006422e-02,
          2.7187411592494101e-02, 3.4262617082245810e-02,
          1.1697924846371294e-01, 1.5209991593035278e-02,
          4.9195841728924661e-02, 2.0564489195114086e-02,
          -4.8771199159344074e-03, 4.8243562303080965e-03,
          8.3396466342472077e-03, 1.8581256672086550e-02,
          2.2999127355981783e-02, 1.5209991593035278e-02,
          7.4608537233157662e-02, 6.2596063385433443e-02,
          3.0874108698821862e-02, -4.7444058772188186e-02,
          3.0954353884636378e-02, 3.5133707074333303e-03,
          7.2564791444049620e-02, 8.7315790978809454e-02,
          4.9195841728924654e-02, 6.2596063385433443e-02,
          2.9322756530366129e-01, 1.3232948769733738e-01,
          -1.3725053528077266e-01, 6.1945692823272704e-02,
          2.4641619558867341e-02, 6.4969370223344924e-02,
          6.2795990595228418e-02, 2.0564489195114086e-02,
          3.0874108698821869e-02, 1.3232948769733738e-01,
          1.3635261101192067e-01, -1.2641034518292107e-01,
          5.3848470180194889e-02, 1.2134249566911498e-02,
          -6.2841122597689786e-02, -4.8119160548793644e-02,
          -4.8771199159344074e-03, -4.7444058772188200e-02,
          -1.3725053528077263e-01, -1.2641034518292105e-01,
          1.9117415362376527e-01, -9.4531570207087162e-02,
          -2.7801521959611798e-04, 3.0119002696305717e-02,
          2.1380913990770925e-02, 4.8243562303080991e-03,
          3.0954353884636382e-02, 6.1945692823272704e-02,
          5.3848470180194889e-02, -9.4531570207087162e-02,
          5.8658326835609328e-02, -3.8507160896505293e-03,
          4.7245690288541288e-03, 1.1719236091006422e-02,
          8.3396466342472025e-03, 3.5133707074333290e-03,
          2.4641619558867341e-02, 1.2134249566911498e-02,
          -2.7801521959611793e-04, -3.8507160896505293e-03,
          1.2725588429201786e-02 ]
   - !!opencv-matrix
      rows: 9
      cols: 9
      dt: d
      data: [ 1.6295184672080676e-01, 5.2737575102538630e-03,
          1.5419051928210588e-02, 4.8635296901088183e-03,
          1.3869383342741225e-02, 6.2278488048355676e-04,
          1.1104462066633574e-02, -7.8499172925530596e-03,
          -1.1985946647913271e-02, 5.2737575102538639e-03,
          5.7300243056685254e-03, 7.3065160490518510e-03,
          3.5227126509761787e-03, 3.1243574957212131e-03,
          1.7034219477914166e-03, 4.5775568355728713e-03,
          -1.6302112617172723e-03, -1.5521166587914377e-03,
          1.5419051928210591e-02, 7.3065160490518510e-03,
          7.8342016420310689e-02, 3.3441417109889801e-03,
          4.9712304339328542e-03, 7.1550820231561958e-03,
          1.5263715295691883e-03, 3.1533997813634196e-03,
          -5.6832720260773665e-03, 4.8635296901088166e-03,
          3.5227126509761787e-03, 3.3441417109889809e-03,
          5.7242512054926475e-02, 4.4301273089965227e-03,
          -3.5050616903961260e-03, -5.9821909706817980e-03,
          8.2057792379223605e-03, -1.7438413523516096e-03,
          1.3869383342741225e-02, 3.1243574957212131e-03,
          4.9712304339328550e-03, 4.4301273089965218e-03,
          8.3177384205180421e-03, -1.2905469998709571e-03,
          5.3404339637440562e-03, -2.8226012117606404e-03,
