%YAML:1.0
---
groups:
   - intact
   - CD19
   - blast
intactGmmnames:
   - "intact.762.0"
   - "intact.762.1"
   - "intact.762.2"
   - "intact.762.3"
   - "intact.762.4"
intactLabels:
   - FSC-A
   - SSC-A
   - CD20
   - CD10
   - CD45
   - CD34
   - SYTO41
   - CD19
   - CD38
intactMu: !!opencv-matrix
   rows: 5
   cols: 9
   dt: d
   data: [ 2.9074589059049583e+00, 3.5807808712469273e+00,
       1.3227005880132212e+00, 1.6424184091385292e+00,
       3.0969452029048035e+00, 1.4710330928711803e+00,
       2.9726295420296460e+00, 1.6505629730197808e+00,
       1.8012972612004137e+00, 2.2944314098853913e+00,
       6.1899328864585934e-01, 1.1064424916325948e+00,
       8.7602630966530826e-01, 3.7623435755761485e+00,
       1.1823789463685275e+00, 2.9432267654985109e+00,
       1.1236299263027048e+00, 1.8692770624731450e+00,
       2.7391226072218515e+00, 3.3772296434592270e+00,
       1.2977412411257199e+00, 1.8985499931271488e+00,
       3.2761312176968933e+00, 1.4729221247058011e+00,
       2.9836254955837616e+00, 1.6417315364035727e+00,
       1.5994698265506686e+00, 1.4129465248053164e+00,
       5.3155270280681810e-01, 1.1587217335781053e+00,
       1.1192063309393736e+00, 1.6802315082159203e+00,
       1.1327868357604129e+00, 3.1179057755626869e+00,
       9.6220682378896283e-01, 1.7015948190450283e+00,
       2.7210194672591368e+00, 2.1827058993817632e+00,
       1.3591042569491691e+00, 1.2419749536327558e+00,
       2.6523232692416752e+00, 1.8082631326504934e+00,
       2.5889681634755939e+00, 1.4158575316976236e+00,
       1.9546592636387670e+00 ]
intactSigma:
   - !!opencv-matrix
      rows: 9
      cols: 9
      dt: d
      data: [ 6.6525400873763485e-01, 1.3743572522480141e-01,
          9.6376655190746272e-03, -3.9129022163555627e-02,
          3.4698960450684092e-03, 5.5668136644169862e-03,
          -1.7353154711787968e-02, 3.0294500029377464e-02,
          4.4982838267154213e-02, 1.3743572522480138e-01,
          3.2517154247332769e-01, 3.6780522077256322e-02,
          3.9840718163508052e-02, 3.3570724338954853e-02,
          2.3305575996484400e-02, -1.3642642378785444e-03,
          5.8991691661181837e-02, 3.1155665919612642e-02,
          9.6376655190746289e-03, 3.6780522077256322e-02,
          3.2598069554368697e-02, 9.4613188324484988e-03,
          9.7968121072836110e-03, 3.0789148016128419e-03,
          5.6472565853261404e-04, 7.9095200314771314e-03,
          3.2458408342716919e-03, -3.9129022163555627e-02,
          3.9840718163508052e-02, 9.4613188324485006e-03,
          1.6980014985434586e-01, 1.1479865628918874e-02,
          -2.9379541513180787e-03, -3.5181214488052685e-03,
          7.0725815893565684e-03, -1.5668459043855325e-02,
          3.4698960450684092e-03, 3.3570724338954853e-02,
          9.7968121072836110e-03, 1.1479865628918874e-02,
          2.1229551049852548e-02, 2.4337268066706155e-03,
          -8.8258190861977665e-04, 6.8834965601444397e-03,
          6.5026140183350907e-03, 5.5668136644169844e-03,
          2.3305575996484407e-02, 3.0789148016128419e-03,
          -2.9379541513180770e-03, 2.4337268066706164e-03,
          1.2434473498929771e-01, -5.1750402755247095e-04,
          5.2118641876461912e-03, 1.3751747196374906e-02,
          -1.7353154711787968e-02, -1.3642642378785450e-03,
          5.6472565853261361e-04, -3.5181214488052685e-03,
          -8.8258190861977730e-04, -5.1750402755247084e-04,
          2.3041387485775024e-02, -2.4170464414377886e-03,
          -2.6154280467508820e-04, 3.0294500029377461e-02,
          5.8991691661181837e-02, 7.9095200314771297e-03,
          7.0725815893565684e-03, 6.8834965601444397e-03,
          5.2118641876461903e-03, -2.4170464414377886e-03,
          3.0514845553750749e-02, 1.2343667222565325e-04,
          4.4982838267154206e-02, 3.1155665919612635e-02,
          3.2458408342716906e-03, -1.5668459043855318e-02,
          6.5026140183350890e-03, 1.3751747196374901e-02,
          -2.6154280467508760e-04, 1.2343667222565320e-04,
          1.1558421134898786e-01 ]
   - !!opencv-matrix
      rows: 9
      cols: 9
      dt: d
      data: [ 3.3283966461812253e-01, 2.7805944262484953e-02,
          -7.9507892834686858e-03, 1.0566751792764879e-03,
          1.3586026524363391e-02, -1.5268228887399984e-03,
          -2.8213384831363757e-02, 8.8845466813612644e-03,
          1.5198274909937580e-02, 2.7805944262484953e-02,
          3.3638568748795429e-02, 3.6967043473707410e-03,
          3.2642172434908709e-03, 9.4287027574250920e-03,
          7.5850490222964780e-03, -6.8974388834887540e-03,
          1.0562777932071369e-02, 4.5669825469559493e-02,
          -7.9507892834686858e-03, 3.6967043473707410e-03,
          9.5007577423910847e-02, -2.5960814782828696e-03,
          1.7190664166133710e-03, -5.8997009925724590e-03,
          6.6312336766275294e-03, 7.7113396258862068e-03,
          -4.7417213640790372e-02, 1.0566751792764875e-03,
          3.2642172434908705e-03, -2.5960814782828691e-03,
          4.6309009109620138e-02, 1.0459548641031855e-03,
          -1.0243029177686869e-02, 2.3724302073631663e-04,
          1.3083800797216913e-03, -5.0161015100185858e-03,
          1.3586026524363391e-02, 9.4287027574250920e-03,
          1.7190664166133710e-03, 1.0459548641031859e-03,
          1.4089460727646620e-02, 2.2410770463252455e-03,
          -2.9381175953826968e-03, 4.6843228839048871e-03,
          -1.1790181246350093e-02, -1.5268228887399971e-03,
          7.5850490222964780e-03, -5.8997009925724564e-03,
          -1.0243029177686869e-02, 2.2410770463252459e-03,
          1.9999860436462225e-01, -1.4599472778183695e-03,
          5.3156483490585590e-03, 1.6749549974269754e-02,
          -2.8213384831363757e-02, -6.8974388834887532e-03,
          6.6312336766275312e-03, 2.3724302073631644e-04,
          -2.9381175953826972e-03, -1.4599472778183684e-03,
          2.9882276291907272e-02, -4.9827396625807046e-03,
          -2.6405313296192827e-02, 8.8845466813612627e-03,
          1.0562777932071367e-02, 7.7113396258862085e-03,
          1.3083800797216902e-03, 4.6843228839048871e-03,
          5.3156483490585573e-03, -4.9827396625807029e-03,
          5.2617128114178062e-02, 8.1411261298703025e-04,
          1.5198274909937587e-02, 4.5669825469559493e-02,
          -4.7417213640790365e-02, -5.0161015100185840e-03,
          -1.1790181246350090e-02, 1.6749549974269758e-02,
          -2.6405313296192823e-02, 8.1411261298702971e-04,
          6.3726198710155368e-01 ]
   - !!opencv-matrix
      rows: 9
      cols: 9
      dt: d
      data: [ 6.4874258237203120e-01, 1.0956332316121323e-01,
          2.6237028022182012e-02, -1.0750245420169835e-02,
          -2.4699104640631860e-03, 9.9576215603791873e-03,
          -6.7552661154639945e-03, 2.2718539570582407e-02,
          5.3049638910260162e-03, 1.0956332316121323e-01,
          3.7583383797090458e-01, 2.7591197011220665e-02,
          3.8638794852312960e-02, 1.3505333577559909e-02,
          1.4771768462063172e-02, 7.2055174116859135e-03,
          6.7504078295458139e-02, 1.6492364136428361e-02,
          2.6237028022182002e-02, 2.7591197011220658e-02,
          1.1946355658437482e-01, 3.6883917343700806e-02,
          3.3248794354712979e-02, 1.1810276760441706e-02,
          5.4562293109688470e-03, 1.3799590728134864e-02,
          -1.7551151976991790e-02, -1.0750245420169840e-02,
          3.8638794852312947e-02, 3.6883917343700806e-02,
          1.4061272467439148e-01, 2.2591471756145596e-02,
          4.0101702496030114e-03, 4.0032345853224039e-03,
          1.0314362982464522e-02, -1.2844287602703675e-02,
          -2.4699104640631851e-03, 1.3505333577559911e-02,
          3.3248794354712979e-02, 2.2591471756145589e-02,
          2.3554358945764988e-02, 3.2652649892003028e-03,
          -4.2703616867321433e-04, 6.0263250068133866e-03,
          -1.2869054681129434e-02, 9.9576215603791856e-03,
          1.4771768462063172e-02, 1.1810276760441708e-02,
          4.0101702496030114e-03, 3.2652649892003028e-03,
          1.4417554444996472e-01, 6.6848876468609073e-03,
          3.4501692135194377e-03, 2.6316296870589222e-02,
          -6.7552661154639954e-03, 7.2055174116859135e-03,
          5.4562293109688478e-03, 4.0032345853224039e-03,
          -4.2703616867321401e-04, 6.6848876468609073e-03,
          2.1740971628372151e-02, -9.9923270252270610e-04,
          6.2195113703427994e-03, 2.2718539570582407e-02,
          6.7504078295458125e-02, 1.3799590728134864e-02,
          1.0314362982464523e-02, 6.0263250068133857e-03,
          3.4501692135194377e-03, -9.9923270252270566e-04,
          3.6823173805965843e-02, -8.8533389223240250e-03,
          5.3049638910260171e-03, 1.6492364136428354e-02,
          -1.7551151976991790e-02, -1.2844287602703675e-02,
          -1.2869054681129434e-02, 2.6316296870589222e-02,
          6.2195113703428020e-03, -8.8533389223240250e-03,
          1.3873528322593703e-01 ]
   - !!opencv-matrix
      rows: 9
      cols: 9
      dt: d
      data: [ 2.8722954489469915e-01, 8.0192898277145763e-02,
          5.1500089164316531e-02, 3.4674270068080548e-02,
          4.4053892087187435e-02, 1.9907210394781567e-02,
          1.7532683145306208e-02, 9.2902088844109727e-03,
          3.5842661547901125e-02, 8.0192898277145791e-02,
          1.7917326927496596e-01, 1.1726574621098568e-01,
          7.5414395007504825e-02, 3.2313547396493489e-02,
          2.8721423024533663e-02, 5.6071768408187971e-02,
          3.8853802551317394e-02, -8.7460361808265157e-03,
          5.1500089164316531e-02, 1.1726574621098569e-01,
          2.1935373443324221e-01, 9.0740418180595667e-02,
          1.9585390732431238e-02, 3.6446653023327558e-02,
          5.5862744727766221e-02, 3.3572982558497243e-02,
          -2.1638268012583724e-02, 3.4674270068080548e-02,
          7.5414395007504811e-02, 9.0740418180595653e-02,
          1.4074778801970667e-01, 3.8234917889209546e-02,
          2.6872933428311291e-02, 3.4748123036474711e-02,
          2.2396257378501708e-02, 1.9738252412894987e-02,
          4.4053892087187435e-02, 3.2313547396493489e-02,
          1.9585390732431238e-02, 3.8234917889209546e-02,
          1.8988322693254620e-01, 1.5159521796604743e-02,
          1.5168773270850575e-02, 4.8005254912922447e-03,
          1.3187288591701701e-01, 1.9907210394781563e-02,
          2.8721423024533663e-02, 3.6446653023327544e-02,
          2.6872933428311291e-02, 1.5159521796604746e-02,
          5.8046432248535215e-02, 1.6173657672424322e-02,
          1.1502195028008302e-02, 1.1909423368723120e-02,
          1.7532683145306208e-02, 5.6071768408187971e-02,
          5.5862744727766221e-02, 3.4748123036474711e-02,
          1.5168773270850578e-02, 1.6173657672424322e-02,
          7.7426042980482418e-02, -2.0316287994661180e-03,
          8.6097922240554008e-03, 9.2902088844109745e-03,
          3.8853802551317394e-02, 3.3572982558497243e-02,
          2.2396257378501698e-02, 4.8005254912922447e-03,
          1.1502195028008302e-02, -2.0316287994661185e-03,
          3.5759236963835615e-02, -9.7497331198757205e-03,
          3.5842661547901132e-02, -8.7460361808265122e-03,
          -2.1638268012583728e-02, 1.9738252412894987e-02,
          1.3187288591701707e-01, 1.1909423368723120e-02,
          8.6097922240554025e-03, -9.7497331198757239e-03,
          2.2166553439559691e-01 ]
   - !!opencv-matrix
      rows: 9
      cols: 9
      dt: d
      data: [ 7.8837237996171061e-01, 9.9039927064216382e-02,
          5.5976476522791953e-02, -2.5585193181797430e-02,
          2.6918054396425261e-02, 8.7290974566593516e-02,
          3.7639016179434812e-02, 1.3954072559440582e-02,
          1.0026986607683358e-01, 9.9039927064216396e-02,
          8.1546535391621611e-01, 8.8966374882444771e-02,
          1.7009280455612980e-01, 1.4781377107991042e-01,
          -1.6399724842645502e-01, 1.8731371680495174e-01,
          1.6555795664639447e-01, -4.7056978316638758e-03,
          5.5976476522791939e-02, 8.8966374882444785e-02,
          1.1752350849103720e-01, 3.8777818415911443e-02,
          1.0509835611198140e-01, 5.1310739631427849e-02,
          6.6378690975667051e-02, 3.7419504102400809e-02,
          1.0357490881714143e-01, -2.5585193181797427e-02,
          1.7009280455612980e-01, 3.8777818415911443e-02,
          1.3250608083054999e-01, 6.6426755397422377e-02,
          -4.4835643351164786e-02, 5.3122702877769060e-02,
          4.8042160383602935e-02, -1.8363833031400647e-03,
          2.6918054396425278e-02, 1.4781377107991042e-01,
          1.0509835611198140e-01, 6.6426755397422377e-02,
          3.5351025970663585e-01, 1.1645946398735973e-01,
          1.4948879030307752e-01, 5.1928448945191982e-02,
          2.8436825903830426e-01, 8.7290974566593529e-02,
          -1.6399724842645502e-01, 5.1310739631427849e-02,
          -4.4835643351164786e-02, 1.1645946398735972e-01,
          3.0250947908062847e-01, 1.1245912592607429e-02,
          -2.8477649045008102e-02, 1.9622921702526058e-01,
          3.7639016179434825e-02, 1.8731371680495174e-01,
          6.6378690975667051e-02, 5.3122702877769060e-02,
          1.4948879030307752e-01, 1.1245912592607432e-02,
          1.3861548783824260e-01, 4.3429290834223637e-02,
          1.4855492160974451e-01, 1.3954072559440584e-02,
          1.6555795664639447e-01, 3.7419504102400809e-02,
          4.8042160383602935e-02, 5.1928448945191982e-02,
          -2.8477649045008102e-02, 4.3429290834223637e-02,
          7.2427473713703880e-02, 4.8422578962078128e-03,
          1.0026986607683355e-01, -4.7056978316638663e-03,
          1.0357490881714143e-01, -1.8363833031400665e-03,
          2.8436825903830426e-01, 1.9622921702526053e-01,
          1.4855492160974451e-01, 4.8422578962078137e-03,
          4.5167515940037278e-01 ]
intactC: !!opencv-matrix
   rows: 1
   cols: 5
   dt: d
   data: [ 2.2275618381264919e-01, 2.0937137793811186e-01,
       2.2679340164337267e-01, 4.3830606822998906e-02,
       1.1596849862453129e-01 ]
intactNumEvents: 175062.
intactMaxVals: !!opencv-matrix
   rows: 1
   cols: 9
   dt: d
   data: [ 4.5000000000000000e+00, 4.5000000000000000e+00,
       4.5000000000000000e+00, 4.5000000000000000e+00,
       4.5000000000000000e+00, 4.5000000000000000e+00,
       4.5000000000000000e+00, 4.5000000000000000e+00,
       4.5000000000000000e+00 ]
intactScales: !!opencv-matrix
   rows: 1
   cols: 9
   dt: d
   data: [ 1., 1., 1., 1., 1., 1., 1., 1., 1. ]
CD19Gmmnames:
   - "CD19.762.0"
   - "CD19.762.1"
CD19Labels:
   - FSC-A
   - SSC-A
   - CD20
   - CD10
   - CD45
   - CD34
   - SYTO41
   - CD19
   - CD38
CD19Mu: !!opencv-matrix
   rows: 2
   cols: 9
   dt: d
   data: [ 1.9734201701378367e+00, 3.2904161300091694e-01,
       3.0336130195961015e+00, 1.2700729999950924e+00,
       3.6238981530819725e+00, 1.1103682395849044e+00,
       2.8616050077175599e+00, 2.9320776628860243e+00,
       1.6644020215545015e+00, 2.0258487799800884e+00,
       5.1821819790519996e-01, 3.2084832444738551e+00,
       1.5153701397162653e+00, 3.6471717401905908e+00,
       1.1869984453499867e+00, 2.9084460971492003e+00,
       2.9459541607527711e+00, 1.3572358213975650e+00 ]
CD19Sigma:
   - !!opencv-matrix
      rows: 9
      cols: 9
      dt: d
      data: [ 1.6092535416300890e-01, 4.5037218577324524e-03,
          3.2606819128888241e-03, 4.1616452497719421e-03,
          8.0529900547974508e-03, -3.0412193921492679e-03,
          -1.6000191498506146e-02, 1.6744963551124429e-03,
          6.1136788324528098e-03, 4.5037218577324524e-03,
          7.2925028339352283e-03, 4.3903770766805508e-03,
          3.9101445518875226e-03, 2.9776461367703542e-03,
          3.7678917479270655e-04, -5.2753534885146723e-04,
          3.0546807011551835e-03, 4.0868154138450907e-03,
          3.2606819128888232e-03, 4.3903770766805499e-03,
          2.0243268459561297e-02, 1.4041392749983258e-02,
          3.5876887854023919e-03, 1.1056163367529224e-03,
          -1.0485863154716020e-03, 5.5525018676957109e-03,
          1.1049645086480361e-02, 4.1616452497719421e-03,
          3.9101445518875226e-03, 1.4041392749983258e-02,
          1.3409048870102028e-01, 3.6264583838389059e-03,
          -3.9218654152931793e-03, -1.8702350519875482e-03,
          2.4394567064828974e-03, 2.2214671739673328e-02,
          8.0529900547974508e-03, 2.9776461367703542e-03,
          3.5876887854023919e-03, 3.6264583838389050e-03,
          7.3542237844376971e-03, -1.1024408892491072e-03,
          -1.7344333350968509e-03, 2.3566391708059252e-03,
          2.8675337313710278e-03, -3.0412193921492683e-03,
          3.7678917479270645e-04, 1.1056163367529235e-03,
          -3.9218654152931810e-03, -1.1024408892491072e-03,
          1.5371573210391062e-01, -9.1080514752819500e-05,
          1.5422199041773858e-03, 7.1746805770898465e-03,
          -1.6000191498506146e-02, -5.2753534885146755e-04,
          -1.0485863154716018e-03, -1.8702350519875491e-03,
          -1.7344333350968509e-03, -9.1080514752819839e-05,
          2.8680095529815038e-02, -3.0550096989852499e-04,
          1.7131374874959678e-03, 1.6744963551124429e-03,
          3.0546807011551835e-03, 5.5525018676957092e-03,
          2.4394567064828982e-03, 2.3566391708059252e-03,
          1.5422199041773860e-03, -3.0550096989852477e-04,
          2.1794339511320888e-02, -6.4406433579286236e-03,
          6.1136788324528063e-03, 4.0868154138450907e-03,
          1.1049645086480361e-02, 2.2214671739673328e-02,
          2.8675337313710269e-03, 7.1746805770898465e-03,
          1.7131374874959678e-03, -6.4406433579286236e-03,
          3.1030348861511792e-01 ]
   - !!opencv-matrix
      rows: 9
      cols: 9
      dt: d
      data: [ 2.4537167056840933e-01, 6.7869496705997828e-03,
          2.2327345285020036e-03, 4.0600038359833298e-03,
          1.0903968018072642e-02, 1.5214141286003693e-03,
          -1.3323692959500578e-02, 5.4991151314897329e-03,
          -1.5364793194125859e-02, 6.7869496705997828e-03,
          3.7098731634353781e-02, 3.2828156917487354e-02,
          3.4445065175413736e-02, 1.2073451007943749e-02,
          2.4184161921024911e-03, 5.9921814967369884e-03,
          4.5918789677088442e-02, -1.8644137431148757e-02,
          2.2327345285020062e-03, 3.2828156917487347e-02,
          9.6173245986428915e-02, 8.1959839713446156e-02,
          1.8789229131530468e-02, 6.8914978949338266e-03,
          2.1674392937641581e-03, 7.7236142369926791e-02,
          -5.5262410057676438e-02, 4.0600038359833342e-03,
          3.4445065175413736e-02, 8.1959839713446156e-02,
          1.6255418265119306e-01, 1.4047729014340272e-02,
          -4.6456062900357559e-03, 2.7253931591594508e-03,
          7.8529936997340205e-02, -3.2310369883978084e-02,
          1.0903968018072642e-02, 1.2073451007943749e-02,
          1.8789229131530468e-02, 1.4047729014340272e-02,
          2.1713074013098490e-02, 4.9915398579838597e-04,
          6.7237087597457731e-04, 1.6684649797077584e-02,
          -1.4479954891935990e-02, 1.5214141286003721e-03,
          2.4184161921024902e-03, 6.8914978949338266e-03,
          -4.6456062900357559e-03, 4.9915398579838510e-04,
          2.1122768359650129e-01, 1.3334074944957651e-03,
          8.4054654572910618e-03, 1.6585497479576140e-02,
          -1.3323692959500578e-02, 5.9921814967369902e-03,
          2.1674392937641581e-03, 2.7253931591594499e-03,
          6.7237087597457710e-04, 1.3334074944957659e-03,
          3.6839734393140082e-02, 7.3462788354763855e-03,
          7.4054931022063406e-03, 5.4991151314897338e-03,
          4.5918789677088435e-02, 7.7236142369926777e-02,
          7.8529936997340219e-02, 1.6684649797077587e-02,
          8.4054654572910635e-03, 7.3462788354763889e-03,
          1.2439522820788532e-01, -7.9706064221094788e-02,
          -1.5364793194125865e-02, -1.8644137431148750e-02,
          -5.5262410057676452e-02, -3.2310369883978091e-02,
          -1.4479954891935992e-02, 1.6585497479576133e-02,
          7.4054931022063371e-03, -7.9706064221094788e-02,
          4.8000192179740492e-01 ]
CD19C: !!opencv-matrix
   rows: 1
   cols: 2
   dt: d
   data: [ 1.4548964202493733e-01, 3.5430179884670704e-02 ]
CD19NumEvents: 38685.
CD19MaxVals: !!opencv-matrix
   rows: 1
   cols: 9
   dt: d
   data: [ 4.5000000000000000e+00, 4.5000000000000000e+00,
       4.5000000000000000e+00, 4.5000000000000000e+00,
       4.5000000000000000e+00, 4.5000000000000000e+00,
       4.5000000000000000e+00, 4.5000000000000000e+00,
       4.5000000000000000e+00 ]
CD19Scales: !!opencv-matrix
   rows: 1
   cols: 9
   dt: d
   data: [ 1., 1., 1., 1., 1., 1., 1., 1., 1. ]
blastGmmnames:
   - "blast.762.0"
blastLabels:
   - FSC-A
   - SSC-A
   - CD20
   - CD10
   - CD45
   - CD34
   - SYTO41
   - CD19
   - CD38
blastMu: !!opencv-matrix
   rows: 1
   cols: 9
   dt: d
   data: [ 2.5410810275511309e+00, 6.3016873075590507e-01,
       1.6713067985974350e+00, 3.2758443541341018e+00,
       3.1838223934173584e+00, 1.7304668441995399e+00,
       2.9833268035541884e+00, 3.0656279031332438e+00,
       2.0153795809714827e+00 ]
blastSigma:
   - !!opencv-matrix
      rows: 9
      cols: 9
      dt: d
      data: [ 4.5629025147569818e-01, 3.9917437051840672e-03,
          8.8158988874058736e-03, 2.4850010654920009e-02,
          -5.4714943567841959e-04, 5.7941022795116703e-02,
          -6.1811693134897197e-03, 8.9690642990182898e-03,
          -3.9610980554659253e-02, 3.9917437051840672e-03,
          5.4845730916079249e-02, 5.8580025551536803e-02,
          1.0078255589230438e-02, 3.9138233436805309e-02,
          -3.6548950526432256e-02, 4.0131939212421606e-03,
          3.6316208637845536e-02, 5.8357378753087150e-02,
          8.8158988874058736e-03, 5.8580025551536803e-02,
          2.5460348803930039e-01, 5.7751645462869048e-03,
          6.5414472386165434e-02, -2.1446304470485473e-02,
          -4.4221387828493460e-03, 8.2413257478241297e-02,
          1.2444614089560571e-01, 2.4850010654920009e-02,
          1.0078255589230438e-02, 5.7751645462869048e-03,
          6.0233194021335923e-02, 2.3180137825442549e-03,
          3.3345065092198985e-02, -3.9788818470257699e-03,
          5.7433821493713582e-03, 1.7577124444639592e-02,
          -5.4714943567841959e-04, 3.9138233436805309e-02,
          6.5414472386165434e-02, 2.3180137825442549e-03,
          5.2796991660267689e-02, -3.2539551199247278e-02,
          -9.4561499556026043e-04, 4.6434681944456810e-02,
          4.9139597801062591e-02, 5.7941022795116703e-02,
          -3.6548950526432256e-02, -2.1446304470485473e-02,
          3.3345065092198985e-02, -3.2539551199247278e-02,
          4.9759789245194846e-01, -6.7266454387051389e-03,
          -2.3314399924193863e-02, -1.1589763178435264e-03,
          -6.1811693134897197e-03, 4.0131939212421606e-03,
          -4.4221387828493460e-03, -3.9788818470257699e-03,
          -9.4561499556026043e-04, -6.7266454387051389e-03,
          1.3249410148789255e-02, -1.3700554787356249e-03,
          9.6450447853643970e-03, 8.9690642990182898e-03,
          3.6316208637845536e-02, 8.2413257478241297e-02,
          5.7433821493713582e-03, 4.6434681944456810e-02,
          -2.3314399924193863e-02, -1.3700554787356249e-03,
          6.1474108120435612e-02, 5.1224701024771405e-02,
          -3.9610980554659253e-02, 5.8357378753087150e-02,
          1.2444614089560571e-01, 1.7577124444639592e-02,
          4.9139597801062591e-02, -1.1589763178435264e-03,
          9.6450447853643970e-03, 5.1224701024771405e-02,
          4.2183492014980500e-01 ]
blastC: !!opencv-matrix
   rows: 1
   cols: 1
   dt: d
   data: [ 3.6010924872792644e-04 ]
blastNumEvents: 77.
blastMaxVals: !!opencv-matrix
   rows: 1
   cols: 9
   dt: d
   data: [ 4.5000000000000000e+00, 4.5000000000000000e+00,
       4.5000000000000000e+00, 4.5000000000000000e+00,
       4.5000000000000000e+00, 4.5000000000000000e+00,
       4.5000000000000000e+00, 4.5000000000000000e+00,
       4.5000000000000000e+00 ]
blastScales: !!opencv-matrix
   rows: 1
   cols: 9
   dt: d
   data: [ 1., 1., 1., 1., 1., 1., 1., 1., 1. ]
