%YAML:1.0
---
groups:
   - intact
   - CD19
   - blast
intactGmmnames:
   - "intact.762.0"
   - "intact.762.1"
   - "intact.762.2"
   - "intact.762.3"
   - "intact.762.4"
intactLabels:
   - FSC-A
   - SSC-A
   - CD20
   - CD10
   - CD45
   - CD34
   - SYTO41
   - CD19
   - CD38
intactMu: !!opencv-matrix
   rows: 5
   cols: 9
   dt: d
   data: [ 2.9074589059049583e+00, 3.5807808712469273e+00,
       1.3227005880132212e+00, 1.6424184091385292e+00,
       3.0969452029048035e+00, 1.4710330928711803e+00,
       2.9726295420296460e+00, 1.6505629730197808e+00,
       1.8012972612004137e+00, 2.2944314098853913e+00,
       6.1899328864585934e-01, 1.1064424916325948e+00,
       8.7602630966530826e-01, 3.7623435755761485e+00,
       1.1823789463685275e+00, 2.9432267654985109e+00,
       1.1236299263027048e+00, 1.8692770624731450e+00,
       2.7391226072218515e+00, 3.3772296434592270e+00,
       1.2977412411257199e+00, 1.8985499931271488e+00,
       3.2761312176968933e+00, 1.4729221247058011e+00,
       2.9836254955837616e+00, 1.6417315364035727e+00,
       1.5994698265506686e+00, 1.4129465248053164e+00,
       5.3155270280681810e-01, 1.1587217335781053e+00,
       1.1192063309393736e+00, 1.6802315082159203e+00,
       1.1327868357604129e+00, 3.1179057755626869e+00,
       9.6220682378896283e-01, 1.7015948190450283e+00,
       2.7210194672591368e+00, 2.1827058993817632e+00,
       1.3591042569491691e+00, 1.2419749536327558e+00,
       2.6523232692416752e+00, 1.8082631326504934e+00,
       2.5889681634755939e+00, 1.4158575316976236e+00,
       1.9546592636387670e+00 ]
intactSigma:
   - !!opencv-matrix
      rows: 9
      cols: 9
      dt: d
      data: [ 6.6525400873763485e-01, 1.3743572522480141e-01,
          9.6376655190746272e-03, -3.9129022163555627e-02,
          3.4698960450684092e-03, 5.5668136644169862e-03,
          -1.7353154711787968e-02, 3.0294500029377464e-02,
          4.4982838267154213e-02, 1.3743572522480138e-01,
          3.2517154247332769e-01, 3.6780522077256322e-02,
          3.9840718163508052e-02, 3.3570724338954853e-02,
          2.3305575996484400e-02, -1.3642642378785444e-03,
          5.8991691661181837e-02, 3.1155665919612642e-02,
          9.6376655190746289e-03, 3.6780522077256322e-02,
          3.2598069554368697e-02, 9.4613188324484988e-03,
          9.7968121072836110e-03, 3.0789148016128419e-03,
          5.6472565853261404e-04, 7.9095200314771314e-03,
          3.2458408342716919e-03, -3.9129022163555627e-02,
          3.9840718163508052e-02, 9.4613188324485006e-03,
          1.6980014985434586e-01, 1.1479865628918874e-02,
          -2.9379541513180787e-03, -3.5181214488052685e-03,
          7.0725815893565684e-03, -1.5668459043855325e-02,
          3.4698960450684092e-03, 3.3570724338954853e-02,
          9.7968121072836110e-03, 1.1479865628918874e-02,
          2.1229551049852548e-02, 2.4337268066706155e-03,
          -8.8258190861977665e-04, 6.8834965601444397e-03,
          6.5026140183350907e-03, 5.5668136644169844e-03,
          2.3305575996484407e-02, 3.0789148016128419e-03,
          -2.9379541513180770e-03, 2.4337268066706164e-03,
          1.2434473498929771e-01, -5.1750402755247095e-04,
          5.2118641876461912e-03, 1.3751747196374906e-02,
          -1.7353154711787968e-02, -1.3642642378785450e-03,
          5.6472565853261361e-04, -3.5181214488052685e-03,
          -8.8258190861977730e-04, -5.1750402755247084e-04,
          2.3041387485775024e-02, -2.4170464414377886e-03,
          -2.6154280467508820e-04, 3.0294500029377461e-02,
          5.8991691661181837e-02, 7.9095200314771297e-03,
          7.0725815893565684e-03, 6.8834965601444397e-03,
          5.2118641876461903e-03, -2.4170464414377886e-03,
          3.0514845553750749e-02, 1.2343667222565325e-04,
          4.4982838267154206e-02, 3.1155665919612635e-02,
          3.2458408342716906e-03, -1.5668459043855318e-02,
          6.5026140183350890e-03, 1.3751747196374901e-02,
          -2.6154280467508760e-04, 1.2343667222565320e-04,
          1.1558421134898786e-01 ]
   - !!opencv-matrix
      rows: 9
      cols: 9
      dt: d
      data: [ 3.3283966461812253e-01, 2.7805944262484953e-02,
          -7.9507892834686858e-03, 1.0566751792764879e-03,
          1.3586026524363391e-02, -1.5268228887399984e-03,
          -2.8213384831363757e-02, 8.8845466813612644e-03,
          1.5198274909937580e-02, 2.7805944262484953e-02,
          3.3638568748795429e-02, 3.6967043473707410e-03,
          3.2642172434908709e-03, 9.4287027574250920e-03,
          7.5850490222964780e-03, -6.8974388834887540e-03,
          1.0562777932071369e-02, 4.5669825469559493e-02,
          -7.9507892834686858e-03, 3.6967043473707410e-03,
          9.5007577423910847e-02, -2.5960814782828696e-03,
          1.7190664166133710e-03, -5.8997009925724590e-03,
          6.6312336766275294e-03, 7.7113396258862068e-03,
          -4.7417213640790372e-02, 1.0566751792764875e-03,
          3.2642172434908705e-03, -2.5960814782828691e-03,
          4.6309009109620138e-02, 1.0459548641031855e-03,
          -1.0243029177686869e-02, 2.3724302073631663e-04,
          1.3083800797216913e-03, -5.0161015100185858e-03,
          1.3586026524363391e-02, 9.4287027574250920e-03,
          1.7190664166133710e-03, 1.0459548641031859e-03,
          1.4089460727646620e-02, 2.2410770463252455e-03,
          -2.9381175953826968e-03, 4.6843228839048871e-03,
          -1.1790181246350093e-02, -1.5268228887399971e-03,
          7.5850490222964780e-03, -5.8997009925724564e-03,
          -1.0243029177686869e-02, 2.2410770463252459e-03,
          1.9999860436462225e-01, -1.4599472778183695e-03,
          5.3156483490585590e-03, 1.6749549974269754e-02,
          -2.8213384831363757e-02, -6.8974388834887532e-03,
          6.6312336766275312e-03, 2.3724302073631644e-04,
          -2.9381175953826972e-03, -1.4599472778183684e-03,
          2.9882276291907272e-02, -4.9827396625807046e-03,
          -2.6405313296192827e-02, 8.8845466813612627e-03,
          1.0562777932071367e-02, 7.7113396258862085e-03,
          1.3083800797216902e-03, 4.6843228839048871e-03,
          5.3156483490585573e-03, -4.9827396625807029e-03,
          5.2617128114178062e-02, 8.1411261298703025e-04,
          1.5198274909937587e-02, 4.5669825469559493e-02,
          -4.7417213640790365e-02, -5.0161015100185840e-03,
          -1.1790181246350090e-02, 1.6749549974269758e-02,
          -2.6405313296192823e-02, 8.1411261298702971e-04,
          6.3726198710155368e-01 ]
   - !!opencv-matrix
      rows: 9
      cols: 9
      dt: d
      data: [ 6.4874258237203120e-01, 1.0956332316121323e-01,
          2.6237028022182012e-02, -1.0750245420169835e-02,
          -2.4699104640631860e-03, 9.9576215603791873e-03,
          -6.7552661154639945e-03, 2.2718539570582407e-02,
          5.3049638910260162e-03, 1.0956332316121323e-01,
          3.7583383797090458e-01, 2.7591197011220665e-02,
          3.8638794852312960e-02, 1.3505333577559909e-02,
          1.4771768462063172e-02, 7.2055174116859135e-03,
          6.7504078295458139e-02, 1.6492364136428361e-02,
          2.6237028022182002e-02, 2.7591197011220658e-02,
          1.1946355658437482e-01, 3.6883917343700806e-02,
          3.3248794354712979e-02, 1.1810276760441706e-02,
          5.4562293109688470e-03, 1.3799590728134864e-02,
          -1.7551151976991790e-02, -1.0750245420169840e-02,
          3.8638794852312947e-02, 3.6883917343700806e-02,
          1.4061272467439148e-01, 2.2591471756145596e-02,
          4.0101702496030114e-03, 4.0032345853224039e-03,
          1.0314362982464522e-02, -1.2844287602703675e-02,
          -2.4699104640631851e-03, 1.3505333577559911e-02,
          3.3248794354712979e-02, 2.2591471756145589e-02,
          2.3554358945764988e-02, 3.2652649892003028e-03,
          -4.2703616867321433e-04, 6.0263250068133866e-03,
