%YAML:1.0
---
groups:
   - intact
   - CD19
   - blast
intactGmmnames:
   - "intact.770.0"
   - "intact.770.1"
   - "intact.770.2"
   - "intact.770.3"
   - "intact.770.4"
intactLabels:
   - FSC-A
   - SSC-A
   - CD20
   - CD10
   - CD45
   - CD34
   - SYTO41
   - CD19
   - CD38
intactMu: !!opencv-matrix
   rows: 5
   cols: 9
   dt: d
   data: [ 1.0032543711992696e+00, 4.1157681270225399e-01,
       9.5284588447438578e-01, 1.2301981968296047e+00,
       1.6526718189685514e+00, 1.1433448691967822e+00,
       2.9722605237784099e+00, 9.1156186214901080e-01,
       1.6733842397051828e+00, 1.1634395493343213e+00,
       3.5128477279337184e-01, 8.8274000544873255e-01,
       8.8474035141088658e-01, 3.7906685128903921e+00,
       1.1088394385730742e+00, 3.0255029957497914e+00,
       1.1858105438379587e+00, 1.9035413701372217e+00,
       2.6084294943707804e+00, 3.3665446564232084e+00,
       1.2897289594062440e+00, 1.5703526944039494e+00,
       2.8623721567033713e+00, 1.1970430714940841e+00,
       3.1837701584291915e+00, 1.7164262047137140e+00,
       1.7466567610915062e+00, 1.8323708817527615e+00,
       1.3984980394399147e+00, 1.2883950042063448e+00,
       1.3734393700177214e+00, 2.8992930618540718e+00,
       1.5986183980764359e+00, 3.1497897168112727e+00,
       1.3202668720127682e+00, 2.7366204966154730e+00,
       1.5584406091217076e+00, 5.6496957716603480e-01,
       9.4806723748702038e-01, 9.2279635470654464e-01,
       3.8800930600973613e+00, 1.1449799060438404e+00,
       2.8711575377477518e+00, 1.3166668263183645e+00,
       2.2718386578007395e+00 ]
intactSigma:
   - !!opencv-matrix
      rows: 9
      cols: 9
      dt: d
      data: [ 8.5580268126650719e-02, 2.2041743914787623e-02,
          1.4556093967166213e-02, 2.5148385629611091e-02,
          2.8440850117764378e-02, 2.2974567912191278e-03,
          -2.0768033975269115e-03, 1.0168933649830332e-02,
          1.5177003055133621e-02, 2.2041743914787623e-02,
          2.1959328581607034e-02, 1.3101858755076011e-02,
          1.8737221851032566e-02, 2.0484173035761381e-02,
          3.6068925878919018e-03, 8.5107167720707682e-03,
          6.3277052895565327e-03, 1.3080759423802478e-02,
          1.4556093967166213e-02, 1.3101858755076011e-02,
          6.4616231482581041e-02, 5.5565162341070264e-03,
          1.1219871446624313e-02, 1.2332208714389468e-03,
          7.7871420667930619e-03, 4.0665976914006771e-03,
          7.1383184191674874e-03, 2.5148385629611091e-02,
          1.8737221851032566e-02, 5.5565162341070290e-03,
          1.3882237717166740e-01, 4.0465985556673120e-02,
          5.4177375411783467e-03, 2.2404492749184792e-02,
          2.6987696359212433e-03, 2.3004257098413625e-02,
          2.8440850117764368e-02, 2.0484173035761385e-02,
          1.1219871446624313e-02, 4.0465985556673120e-02,
          1.7735408893420235e-01, 5.2002213172701629e-03,
          1.0547373560401687e-02, 5.1307412607266819e-03,
          4.3154619875607453e-02, 2.2974567912191278e-03,
          3.6068925878919018e-03, 1.2332208714389470e-03,
          5.4177375411783458e-03, 5.2002213172701603e-03,
          3.4404484479427871e-02, 2.9717784707003715e-03,
          2.1099654316084908e-03, 3.7611374855256031e-03,
          -2.0768033975269136e-03, 8.5107167720707699e-03,
          7.7871420667930628e-03, 2.2404492749184792e-02,
          1.0547373560401686e-02, 2.9717784707003723e-03,
          1.4207905675145210e-01, -3.2201656409861036e-02,
          2.1208653083114218e-02, 1.0168933649830333e-02,
          6.3277052895565301e-03, 4.0665976914006771e-03,
          2.6987696359212425e-03, 5.1307412607266827e-03,
          2.1099654316084908e-03, -3.2201656409861036e-02,
          3.9031610551188804e-02, -2.7367179024501251e-03,
          1.5177003055133621e-02, 1.3080759423802475e-02,
          7.1383184191674874e-03, 2.3004257098413621e-02,
          4.3154619875607453e-02, 3.7611374855256040e-03,
          2.1208653083114221e-02, -2.7367179024501251e-03,
          3.9847820288668984e-02 ]
   - !!opencv-matrix
      rows: 9
      cols: 9
      dt: d
      data: [ 7.3979324623861295e-02, 4.0574704924226908e-03,
          4.6700409123154457e-03, 9.2061448385021027e-04,
          8.3624645040805429e-03, 6.8937227887488027e-04,
          -1.2262053195498383e-02, -2.8356202004562788e-03,
          -1.0089063853303324e-02, 4.0574704924226908e-03,
          9.6465183919216199e-03, 6.0977950633447735e-03,
          2.5550122788847939e-03, 3.2436553678395360e-03,
          4.0792002835674635e-04, -4.6236639473917485e-03,
          6.8385911020010463e-03, -5.9841012486029710e-03,
          4.6700409123154457e-03, 6.0977950633447726e-03,
          6.3013468267349784e-02, -5.6883027151699971e-03,
          1.8167397020377074e-03, -4.7270015566240381e-04,
          -2.1860418164851327e-03, 3.0427062995616676e-03,
          -5.4355961091759174e-03, 9.2061448385021070e-04,
          2.5550122788847939e-03, -5.6883027151699971e-03,
          3.4635164100684367e-02, 9.8306230527307119e-04,
          -4.5840106449559440e-03, -2.3680084291832532e-03,
          3.7791820114588836e-03, -3.3464673335846930e-03,
          8.3624645040805429e-03, 3.2436553678395355e-03,
          1.8167397020377072e-03, 9.8306230527307097e-04,
          6.0723861361829390e-03, -1.1422002912314594e-03,
          -4.7417285267852410e-03, 2.9475516610626353e-03,
          -4.2382063362606456e-03, 6.8937227887487930e-04,
          4.0792002835674624e-04, -4.7270015566240430e-04,
          -4.5840106449559432e-03, -1.1422002912314594e-03,
          1.5210824863847433e-01, 6.3924961132083959e-04,
          6.5347671599072493e-03, -1.1546067682155312e-03,
          -1.2262053195498383e-02, -4.6236639473917485e-03,
          -2.1860418164851331e-03, -2.3680084291832540e-03,
          -4.7417285267852410e-03, 6.3924961132083883e-04,
          1.8453180633384827e-02, -7.0833471997747439e-03,
          3.9899292693365502e-03, -2.8356202004562788e-03,
          6.8385911020010463e-03, 3.0427062995616668e-03,
          3.7791820114588836e-03, 2.9475516610626344e-03,
          6.5347671599072519e-03, -7.0833471997747439e-03,
          8.5652029856299591e-02, -1.1903004100468474e-02,
          -1.0089063853303324e-02, -5.9841012486029710e-03,
          -5.4355961091759192e-03, -3.3464673335846934e-03,
          -4.2382063362606456e-03, -1.1546067682155318e-03,
          3.9899292693365493e-03, -1.1903004100468474e-02,
          1.2248988818885802e-01 ]
   - !!opencv-matrix
      rows: 9
      cols: 9
      dt: d
      data: [ 4.5461676101781900e-01, 1.1972988385805973e-01,
          4.9848310826867220e-02, -9.9942048756114302e-02,
          4.0456739532652450e-03, -9.3282206771481396e-03,
          -3.8422477814768772e-03, 3.0188650494566739e-02,
          3.3669877526515256e-02, 1.1972988385805973e-01,
          4.6320643233916886e-01, 3.8367004568157247e-02,
          7.1431537631077485e-02, 1.2128595145504842e-02,
          1.3744083719261821e-02, -1.4894656344244478e-02,
          9.5439860237635316e-02, -1.5623408876960522e-02,
          4.9848310826867220e-02, 3.8367004568157247e-02,
          5.7375084004024669e-02, -1.6369370055814302e-02,
          1.6607827988778003e-03, 1.8888261028125438e-03,
          2.6446032178345192e-03, 1.0698290660163120e-02,
          1.0076790213471650e-02, -9.9942048756114316e-02,
          7.1431537631077485e-02, -1.6369370055814302e-02,
          1.5522972448150496e-01, 1.3790269591322481e-02,
          1.6531495131794884e-02, -4.8764773623708943e-03,
          1.2840312792363860e-02, -2.6413787200567859e-02,
          4.0456739532652450e-03, 1.2128595145504845e-02,
          1.6607827988778000e-03, 1.3790269591322485e-02,
          2.1651083925115007e-02, -1.0022513764170433e-04,
          -1.8773366707859154e-03, 2.1343843226558951e-03,
