%YAML:1.0
---
groups:
   - intact
   - CD19
   - blast
intactGmmnames:
   - "intact.770.0"
   - "intact.770.1"
   - "intact.770.2"
   - "intact.770.3"
   - "intact.770.4"
intactLabels:
   - FSC-A
   - SSC-A
   - CD20
   - CD10
   - CD45
   - CD34
   - SYTO41
   - CD19
   - CD38
intactMu: !!opencv-matrix
   rows: 5
   cols: 9
   dt: d
   data: [ 1.0032543711992696e+00, 4.1157681270225399e-01,
       9.5284588447438578e-01, 1.2301981968296047e+00,
       1.6526718189685514e+00, 1.1433448691967822e+00,
       2.9722605237784099e+00, 9.1156186214901080e-01,
       1.6733842397051828e+00, 1.1634395493343213e+00,
       3.5128477279337184e-01, 8.8274000544873255e-01,
       8.8474035141088658e-01, 3.7906685128903921e+00,
       1.1088394385730742e+00, 3.0255029957497914e+00,
       1.1858105438379587e+00, 1.9035413701372217e+00,
       2.6084294943707804e+00, 3.3665446564232084e+00,
       1.2897289594062440e+00, 1.5703526944039494e+00,
       2.8623721567033713e+00, 1.1970430714940841e+00,
       3.1837701584291915e+00, 1.7164262047137140e+00,
       1.7466567610915062e+00, 1.8323708817527615e+00,
       1.3984980394399147e+00, 1.2883950042063448e+00,
       1.3734393700177214e+00, 2.8992930618540718e+00,
       1.5986183980764359e+00, 3.1497897168112727e+00,
       1.3202668720127682e+00, 2.7366204966154730e+00,
       1.5584406091217076e+00, 5.6496957716603480e-01,
       9.4806723748702038e-01, 9.2279635470654464e-01,
       3.8800930600973613e+00, 1.1449799060438404e+00,
       2.8711575377477518e+00, 1.3166668263183645e+00,
       2.2718386578007395e+00 ]
intactSigma:
   - !!opencv-matrix
      rows: 9
      cols: 9
      dt: d
      data: [ 8.5580268126650719e-02, 2.2041743914787623e-02,
          1.4556093967166213e-02, 2.5148385629611091e-02,
          2.8440850117764378e-02, 2.2974567912191278e-03,
          -2.0768033975269115e-03, 1.0168933649830332e-02,
          1.5177003055133621e-02, 2.2041743914787623e-02,
          2.1959328581607034e-02, 1.3101858755076011e-02,
          1.8737221851032566e-02, 2.0484173035761381e-02,
          3.6068925878919018e-03, 8.5107167720707682e-03,
          6.3277052895565327e-03, 1.3080759423802478e-02,
          1.4556093967166213e-02, 1.3101858755076011e-02,
          6.4616231482581041e-02, 5.5565162341070264e-03,
          1.1219871446624313e-02, 1.2332208714389468e-03,
          7.7871420667930619e-03, 4.0665976914006771e-03,
          7.1383184191674874e-03, 2.5148385629611091e-02,
          1.8737221851032566e-02, 5.5565162341070290e-03,
          1.3882237717166740e-01, 4.0465985556673120e-02,
          5.4177375411783467e-03, 2.2404492749184792e-02,
          2.6987696359212433e-03, 2.3004257098413625e-02,
          2.8440850117764368e-02, 2.0484173035761385e-02,
          1.1219871446624313e-02, 4.0465985556673120e-02,
          1.7735408893420235e-01, 5.2002213172701629e-03,
          1.0547373560401687e-02, 5.1307412607266819e-03,
          4.3154619875607453e-02, 2.2974567912191278e-03,
          3.6068925878919018e-03, 1.2332208714389470e-03,
          5.4177375411783458e-03, 5.2002213172701603e-03,
          3.4404484479427871e-02, 2.9717784707003715e-03,
          2.1099654316084908e-03, 3.7611374855256031e-03,
          -2.0768033975269136e-03, 8.5107167720707699e-03,
          7.7871420667930628e-03, 2.2404492749184792e-02,
          1.0547373560401686e-02, 2.9717784707003723e-03,
          1.4207905675145210e-01, -3.2201656409861036e-02,
          2.1208653083114218e-02, 1.0168933649830333e-02,
          6.3277052895565301e-03, 4.0665976914006771e-03,
          2.6987696359212425e-03, 5.1307412607266827e-03,
          2.1099654316084908e-03, -3.2201656409861036e-02,
          3.9031610551188804e-02, -2.7367179024501251e-03,
          1.5177003055133621e-02, 1.3080759423802475e-02,
          7.1383184191674874e-03, 2.3004257098413621e-02,
          4.3154619875607453e-02, 3.7611374855256040e-03,
          2.1208653083114221e-02, -2.7367179024501251e-03,
          3.9847820288668984e-02 ]
   - !!opencv-matrix
      rows: 9
      cols: 9
      dt: d
      data: [ 7.3979324623861295e-02, 4.0574704924226908e-03,
          4.6700409123154457e-03, 9.2061448385021027e-04,
          8.3624645040805429e-03, 6.8937227887488027e-04,
          -1.2262053195498383e-02, -2.8356202004562788e-03,
          -1.0089063853303324e-02, 4.0574704924226908e-03,
          9.6465183919216199e-03, 6.0977950633447735e-03,
          2.5550122788847939e-03, 3.2436553678395360e-03,
          4.0792002835674635e-04, -4.6236639473917485e-03,
          6.8385911020010463e-03, -5.9841012486029710e-03,
          4.6700409123154457e-03, 6.0977950633447726e-03,
          6.3013468267349784e-02, -5.6883027151699971e-03,
          1.8167397020377074e-03, -4.7270015566240381e-04,
          -2.1860418164851327e-03, 3.0427062995616676e-03,
          -5.4355961091759174e-03, 9.2061448385021070e-04,
          2.5550122788847939e-03, -5.6883027151699971e-03,
          3.4635164100684367e-02, 9.8306230527307119e-04,
          -4.5840106449559440e-03, -2.3680084291832532e-03,
          3.7791820114588836e-03, -3.3464673335846930e-03,
          8.3624645040805429e-03, 3.2436553678395355e-03,
          1.8167397020377072e-03, 9.8306230527307097e-04,
          6.0723861361829390e-03, -1.1422002912314594e-03,
          -4.7417285267852410e-03, 2.9475516610626353e-03,
          -4.2382063362606456e-03, 6.8937227887487930e-04,
          4.0792002835674624e-04, -4.7270015566240430e-04,
          -4.5840106449559432e-03, -1.1422002912314594e-03,
          1.5210824863847433e-01, 6.3924961132083959e-04,
          6.5347671599072493e-03, -1.1546067682155312e-03,
          -1.2262053195498383e-02, -4.6236639473917485e-03,
          -2.1860418164851331e-03, -2.3680084291832540e-03,
          -4.7417285267852410e-03, 6.3924961132083883e-04,
          1.8453180633384827e-02, -7.0833471997747439e-03,
          3.9899292693365502e-03, -2.8356202004562788e-03,
          6.8385911020010463e-03, 3.0427062995616668e-03,
          3.7791820114588836e-03, 2.9475516610626344e-03,
          6.5347671599072519e-03, -7.0833471997747439e-03,
          8.5652029856299591e-02, -1.1903004100468474e-02,
          -1.0089063853303324e-02, -5.9841012486029710e-03,
          -5.4355961091759192e-03, -3.3464673335846934e-03,
          -4.2382063362606456e-03, -1.1546067682155318e-03,
          3.9899292693365493e-03, -1.1903004100468474e-02,
          1.2248988818885802e-01 ]
   - !!opencv-matrix
      rows: 9
      cols: 9
      dt: d
      data: [ 4.5461676101781900e-01, 1.1972988385805973e-01,
          4.9848310826867220e-02, -9.9942048756114302e-02,
          4.0456739532652450e-03, -9.3282206771481396e-03,
          -3.8422477814768772e-03, 3.0188650494566739e-02,
          3.3669877526515256e-02, 1.1972988385805973e-01,
          4.6320643233916886e-01, 3.8367004568157247e-02,
          7.1431537631077485e-02, 1.2128595145504842e-02,
          1.3744083719261821e-02, -1.4894656344244478e-02,
          9.5439860237635316e-02, -1.5623408876960522e-02,
          4.9848310826867220e-02, 3.8367004568157247e-02,
          5.7375084004024669e-02, -1.6369370055814302e-02,
          1.6607827988778003e-03, 1.8888261028125438e-03,
          2.6446032178345192e-03, 1.0698290660163120e-02,
          1.0076790213471650e-02, -9.9942048756114316e-02,
          7.1431537631077485e-02, -1.6369370055814302e-02,
          1.5522972448150496e-01, 1.3790269591322481e-02,
          1.6531495131794884e-02, -4.8764773623708943e-03,
          1.2840312792363860e-02, -2.6413787200567859e-02,
          4.0456739532652450e-03, 1.2128595145504845e-02,
          1.6607827988778000e-03, 1.3790269591322485e-02,
          2.1651083925115007e-02, -1.0022513764170433e-04,
          -1.8773366707859154e-03, 2.1343843226558951e-03,
          1.8306136669154810e-03, -9.3282206771481430e-03,
          1.3744083719261823e-02, 1.8888261028125420e-03,
          1.6531495131794884e-02, -1.0022513764170433e-04,
          6.0139448810953892e-02, 2.9235552344794694e-04,
          1.5921878532017531e-03, -4.1412811131043750e-03,
          -3.8422477814768767e-03, -1.4894656344244481e-02,
          2.6446032178345188e-03, -4.8764773623708926e-03,
          -1.8773366707859160e-03, 2.9235552344794699e-04,
          1.5265809900658149e-02, -6.1230113326435345e-03,
          8.3967776882372109e-04, 3.0188650494566729e-02,
          9.5439860237635316e-02, 1.0698290660163118e-02,
          1.2840312792363858e-02, 2.1343843226558959e-03,
          1.5921878532017542e-03, -6.1230113326435328e-03,
          4.5430043138592918e-02, -6.6658427943158500e-03,
          3.3669877526515249e-02, -1.5623408876960518e-02,
          1.0076790213471650e-02, -2.6413787200567859e-02,
          1.8306136669154816e-03, -4.1412811131043767e-03,
          8.3967776882372077e-04, -6.6658427943158483e-03,
          5.9900398547791930e-02 ]
   - !!opencv-matrix
      rows: 9
      cols: 9
      dt: d
      data: [ 5.1110427868227737e-01, 2.8515992144440899e-01,
          5.3650093358872109e-02, 1.7172759365908702e-02,
          1.2769995678872448e-01, 3.1215256986991076e-02,
          6.6836234489024718e-02, 7.1385347847920111e-02,
          7.0355424177583059e-02, 2.8515992144440899e-01,
          6.8707986481970296e-01, 1.1377519316354502e-01,
          3.0845503913819721e-02, 1.3255585605054282e-01,
          -1.4010600942569645e-02, 5.5979317997682396e-02,
          1.6658797635171380e-01, 1.0290669539242160e-01,
          5.3650093358872109e-02, 1.1377519316354502e-01,
          1.6653036493762796e-01, 7.7013949267046827e-02,
          4.2440666920428131e-02, -1.3294604434531445e-02,
          2.7712811901363939e-02, 6.4335945113310158e-02,
          7.8507657219676185e-03, 1.7172759365908705e-02,
          3.0845503913819721e-02, 7.7013949267046827e-02,
          2.9474890260462894e-01, -5.7276688717559504e-02,
          -4.1587176413274286e-02, 4.8488472474852426e-02,
          6.3323020983163947e-03, -6.8659551042642805e-02,
          1.2769995678872448e-01, 1.3255585605054282e-01,
          4.2440666920428131e-02, -5.7276688717559511e-02,
          5.4164326156007936e-01, 2.9709379618140651e-02,
          2.1775723077288665e-02, 1.4160061125576887e-01,
          3.0035957226249727e-01, 3.1215256986991076e-02,
          -1.4010600942569642e-02, -1.3294604434531447e-02,
          -4.1587176413274293e-02, 2.9709379618140661e-02,
          4.0679650605930823e-01, 2.4259033234955710e-02,
          -1.6900737985143396e-02, 1.1092907099713595e-01,
          6.6836234489024718e-02, 5.5979317997682396e-02,
          2.7712811901363935e-02, 4.8488472474852426e-02,
          2.1775723077288658e-02, 2.4259033234955714e-02,
          1.8679623338053397e-01, -3.8567069606310699e-02,
          9.4308115389336478e-02, 7.1385347847920111e-02,
          1.6658797635171377e-01, 6.4335945113310158e-02,
          6.3323020983163947e-03, 1.4160061125576887e-01,
          -1.6900737985143396e-02, -3.8567069606310699e-02,
          1.8260682492028668e-01, 5.1112401244913605e-02,
          7.0355424177583059e-02, 1.0290669539242160e-01,
          7.8507657219676237e-03, -6.8659551042642805e-02,
          3.0035957226249721e-01, 1.1092907099713595e-01,
          9.4308115389336478e-02, 5.1112401244913591e-02,
          4.8852876422899244e-01 ]
   - !!opencv-matrix
      rows: 9
      cols: 9
      dt: d
      data: [ 1.0601134796236504e-01, -2.6214233644137213e-03,
          -5.6419104867913735e-04, -3.4749852252038125e-04,
          2.4282959100197567e-04, 4.7229679606364131e-03,
          -3.2000529757670155e-03, -7.4556279042915560e-03,
          -1.2394348917586359e-02, -2.6214233644137213e-03,
          2.2267346874478164e-02, 8.5867227509146184e-03,
          3.6380947246170679e-03, 5.2132067140920266e-03,
          4.5478118492076778e-03, -1.4727224953594248e-03,
          1.1456707440341728e-02, 3.4367823670973768e-02,
          -5.6419104867913767e-04, 8.5867227509146184e-03,
          6.5800513272678246e-02, -2.9245938121608447e-03,
          3.1479327964898706e-03, -1.3085786214302689e-03,
          1.3848350055497148e-03, 7.4803429147208885e-03,
          -2.0525754525412054e-02, -3.4749852252038131e-04,
          3.6380947246170692e-03, -2.9245938121608439e-03,
          3.9510178945936593e-02, 8.6685005745400960e-04,
          -1.1659866191923355e-02, -1.1885403203037636e-03,
          1.8785597936274556e-03, -2.2799560143331155e-03,
          2.4282959100197578e-04, 5.2132067140920257e-03,
          3.1479327964898706e-03, 8.6685005745400960e-04,
          8.7258201945467316e-03, -2.0538721216256852e-03,
          -1.9646737618568889e-03, 6.2728093013482847e-03,
          1.0185871363991364e-02, 4.7229679606364122e-03,
          4.5478118492076796e-03, -1.3085786214302704e-03,
          -1.1659866191923361e-02, -2.0538721216256852e-03,
          1.8850131285760505e-01, -1.7694127586380447e-03,
          6.1406571284174901e-03, 3.0365185305647014e-02,
          -3.2000529757670159e-03, -1.4727224953594246e-03,
          1.3848350055497157e-03, -1.1885403203037643e-03,
          -1.9646737618568889e-03, -1.7694127586380440e-03,
          5.0739668137178499e-02, -9.1948642070736972e-03,
          -1.4542467421753177e-02, -7.4556279042915560e-03,
          1.1456707440341727e-02, 7.4803429147208885e-03,
          1.8785597936274575e-03, 6.2728093013482856e-03,
          6.1406571284174883e-03, -9.1948642070736972e-03,
          9.4149002634845311e-02, 1.5937090803411103e-02,
          -1.2394348917586362e-02, 3.4367823670973768e-02,
          -2.0525754525412054e-02, -2.2799560143331146e-03,
          1.0185871363991366e-02, 3.0365185305647014e-02,
          -1.4542467421753177e-02, 1.5937090803411096e-02,
          4.9132897890098343e-01 ]
intactC: !!opencv-matrix
   rows: 1
   cols: 5
   dt: d
   data: [ 2.3510151928197245e-01, 3.0890006047810947e-01,
       5.3728846274486160e-02, 6.1955749584130755e-02,
       2.0555566145348200e-01 ]
intactNumEvents: 227601.
intactMaxVals: !!opencv-matrix
   rows: 1
   cols: 9
   dt: d
   data: [ 4.5000000000000000e+00, 4.5000000000000000e+00,
       4.5000000000000000e+00, 4.5000000000000000e+00,
       4.5000000000000000e+00, 4.5000000000000000e+00,
       4.5000000000000000e+00, 4.5000000000000000e+00,
       4.5000000000000000e+00 ]
intactScales: !!opencv-matrix
   rows: 1
   cols: 9
   dt: d
   data: [ 1., 1., 1., 1., 1., 1., 1., 1., 1. ]
CD19Gmmnames:
   - "CD19.770.0"
   - "CD19.770.1"
CD19Labels:
   - FSC-A
   - SSC-A
   - CD20
   - CD10
   - CD45
   - CD34
   - SYTO41
   - CD19
   - CD38
CD19Mu: !!opencv-matrix
   rows: 2
   cols: 9
   dt: d
   data: [ 1.3716870444352534e+00, 3.5498497985166427e-01,
       3.2755655537992827e+00, 1.5406238983888370e+00,
       3.7416400265803826e+00, 1.1636311382307183e+00,
       2.8787626436160965e+00, 3.1225619079184432e+00,
       1.7445379216191625e+00, 1.6299676810911659e+00,
       6.6506789615102979e-01, 3.2263141447630224e+00,
       1.7117815197667741e+00, 3.8072707660165270e+00,
       1.2284612994424899e+00, 2.9684477437642265e+00,
       3.1406648685456573e+00, 2.0661410237792195e+00 ]
CD19Sigma:
   - !!opencv-matrix
      rows: 9
      cols: 9
      dt: d
      data: [ 9.7135538013678982e-02, 1.0184305048545145e-02,
          1.0040617984774930e-02, 1.1452532128748860e-02,
          1.2492660723561895e-02, 6.0746815916456749e-04,
          -2.3023795867600210e-02, 7.8537801459977880e-03,
          2.1778939989455124e-03, 1.0184305048545145e-02,
          1.1465438144840806e-02, 6.6445431761163942e-03,
          8.9975716970112588e-03, 3.7196653447424542e-03,
          1.9423254439845646e-03, -3.9918287446988670e-03,
          4.3457428932207965e-03, 4.0104404574240315e-03,
          1.0040617984774932e-02, 6.6445431761163925e-03,
          2.1527024317986296e-02, 2.2310001877816069e-02,
          3.7783031865931270e-03, 1.5099968494468106e-03,
          -7.0075110973873726e-03, 9.6735597436538034e-03,
          5.6461791120781431e-03, 1.1452532128748860e-02,
          8.9975716970112588e-03, 2.2310001877816066e-02,
          1.1974734966902863e-01, 4.6524010901264111e-03,
          -2.8160632195795218e-03, -9.1215726419640319e-03,
          9.9775030508862245e-03, 1.0763533886269494e-02,
          1.2492660723561895e-02, 3.7196653447424542e-03,
          3.7783031865931270e-03, 4.6524010901264111e-03,
          9.4287091919567929e-03, -1.4019893752688340e-03,
          -7.3751556264436084e-03, 3.8521956857607816e-03,
          3.1139677609288009e-03, 6.0746815916456717e-04,
          1.9423254439845650e-03, 1.5099968494468115e-03,
          -2.8160632195795218e-03, -1.4019893752688340e-03,
          1.5352697201395971e-01, 5.8940257049107619e-04,
          7.8565302238266298e-04, 2.4423901847376293e-03,
          -2.3023795867600210e-02, -3.9918287446988670e-03,
          -7.0075110973873726e-03, -9.1215726419640319e-03,
          -7.3751556264436084e-03, 5.8940257049107695e-04,
          5.9888453061728353e-02, -6.4986189976727875e-03,
          -4.1008877494423833e-03, 7.8537801459977880e-03,
          4.3457428932207956e-03, 9.6735597436538017e-03,
          9.9775030508862245e-03, 3.8521956857607816e-03,
          7.8565302238266254e-04, -6.4986189976727875e-03,
          1.8658401835256536e-02, 5.6134685913990061e-04,
          2.1778939989455129e-03, 4.0104404574240315e-03,
          5.6461791120781448e-03, 1.0763533886269494e-02,
          3.1139677609288000e-03, 2.4423901847376280e-03,
          -4.1008877494423833e-03, 5.6134685913990028e-04,
          1.3042174483587929e-01 ]
   - !!opencv-matrix
      rows: 9
      cols: 9
      dt: d
      data: [ 3.7093512170891618e-01, 2.0012623799654898e-02,
          8.9231883160814221e-02, 2.9448877141500490e-02,
          4.8709862307338092e-02, 1.2106269769870982e-02,
          1.5485184962233133e-02, 1.9397732636708191e-02,
          -7.4065712962676597e-02, 2.0012623799654891e-02,
          4.8249754625469106e-02, -1.3777583758167122e-02,
          9.2319378272890783e-03, 1.1011878622045024e-02,
          -2.2004674072251059e-03, 1.4963365103474714e-02,
          2.9201550470512865e-02, 7.7282486536485798e-02,
          8.9231883160814221e-02, -1.3777583758167122e-02,
          4.8807597354858046e-01, 2.1784873414986516e-01,
          4.4238033525838757e-02, 7.3079181560079835e-03,
          -5.7300018199519610e-02, 8.9185454518969490e-02,
          -4.0042643914665477e-01, 2.9448877141500490e-02,
          9.2319378272890749e-03, 2.1784873414986519e-01,
          2.2496010354589666e-01, 1.8642375263971955e-02,
          2.9371078760571739e-03, -2.3411884525916186e-02,
          6.6615596115597919e-02, -1.5744856360553655e-01,
          4.8709862307338092e-02, 1.1011878622045024e-02,
          4.4238033525838757e-02, 1.8642375263971955e-02,
          3.2073686863623607e-02, 3.5333068004544423e-03,
          -1.5279095430700434e-03, 1.4661430996292881e-02,
          -1.0462800283271309e-02, 1.2106269769870981e-02,
          -2.2004674072251067e-03, 7.3079181560079835e-03,
          2.9371078760571743e-03, 3.5333068004544427e-03,
          2.2181364745108662e-01, -4.2940325145526797e-03,
          7.8709520696218505e-03, -4.5020379694987282e-03,
          1.5485184962233133e-02, 1.4963365103474714e-02,
          -5.7300018199519610e-02, -2.3411884525916186e-02,
          -1.5279095430700432e-03, -4.2940325145526797e-03,
          8.3927810760468721e-02, 7.7921793770254703e-04,
          8.5830440502842567e-02, 1.9397732636708191e-02,
          2.9201550470512865e-02, 8.9185454518969490e-02,
          6.6615596115597905e-02, 1.4661430996292881e-02,
          7.8709520696218505e-03, 7.7921793770254725e-04,
          8.0826976108903922e-02, -2.7374171735387105e-02,
          -7.4065712962676583e-02, 7.7282486536485798e-02,
          -4.0042643914665477e-01, -1.5744856360553655e-01,
          -1.0462800283271312e-02, -4.5020379694987274e-03,
          8.5830440502842567e-02, -2.7374171735387105e-02,
          7.1266744715949537e-01 ]
CD19C: !!opencv-matrix
   rows: 1
   cols: 2
   dt: d
   data: [ 1.2404696979931450e-01, 1.0532519193230354e-02 ]
CD19NumEvents: 35401.
CD19MaxVals: !!opencv-matrix
   rows: 1
   cols: 9
   dt: d
   data: [ 4.5000000000000000e+00, 4.5000000000000000e+00,
       4.5000000000000000e+00, 4.5000000000000000e+00,
       4.5000000000000000e+00, 4.5000000000000000e+00,
       4.5000000000000000e+00, 4.5000000000000000e+00,
       4.5000000000000000e+00 ]
CD19Scales: !!opencv-matrix
   rows: 1
   cols: 9
   dt: d
   data: [ 1., 1., 1., 1., 1., 1., 1., 1., 1. ]
blastGmmnames:
   - "blast.770.0"
blastLabels:
   - FSC-A
   - SSC-A
   - CD20
   - CD10
   - CD45
   - CD34
   - SYTO41
   - CD19
   - CD38
blastMu: !!opencv-matrix
   rows: 1
   cols: 9
   dt: d
   data: [ 1.4566167872002784e+00, 6.3218732178211212e-01,
       1.6673320582572451e+00, 2.8457146502555686e+00,
       3.1756995941730257e+00, 2.3261619273652423e+00,
       3.0888280817802913e+00, 3.3042971529859178e+00,
       2.1409648251026234e+00 ]
blastSigma:
   - !!opencv-matrix
      rows: 9
      cols: 9
      dt: d
      data: [ 1.5909872552710053e-01, 1.9126906273801807e-02,
          -7.3832531955272326e-02, 1.2035661897522327e-02,
          -2.7367733401465835e-02, 8.7996683688083305e-02,
          6.6814800989387141e-03, 1.0338010451622756e-02,
          -9.1084397412794348e-03, 1.9126906273801807e-02,
          5.7212780255238183e-02, 4.1518337343363368e-02,
          -1.0651630294592405e-02, 4.6552699670680653e-02,
          -1.0416811829202549e-01, 4.5662637324057334e-03,
          1.2328792950295764e-02, 8.0897885805315844e-02,
          -7.3832531955272326e-02, 4.1518337343363368e-02,
          7.8354229604708892e-01, -4.4213680650037210e-02,
          1.7303876176713279e-01, -5.5801196978602086e-01,
          2.7870877251722358e-03, -2.2165073106819793e-02,
          1.4746228100494255e-01, 1.2035661897522327e-02,
          -1.0651630294592405e-02, -4.4213680650037210e-02,
          7.0207208828335643e-02, 3.0023826602420664e-03,
          4.4411304099439199e-02, -1.4739613126579534e-02,
          1.9530374710525274e-02, -5.5813599122954166e-02,
          -2.7367733401465835e-02, 4.6552699670680653e-02,
          1.7303876176713279e-01, 3.0023826602420664e-03,
          1.2088020202980064e-01, -2.5365247543006458e-01,
          1.0198658203710654e-03, 6.5474190035045097e-03,
          7.0685075673797310e-02, 8.7996683688083305e-02,
          -1.0416811829202549e-01, -5.5801196978602086e-01,
          4.4411304099439199e-02, -2.5365247543006458e-01,
          9.9600484646157839e-01, -3.0315373390820334e-02,
          2.5598961187209054e-02, -3.1865177010296025e-01,
          6.6814800989387141e-03, 4.5662637324057334e-03,
          2.7870877251722358e-03, -1.4739613126579534e-02,
          1.0198658203710654e-03, -3.0315373390820334e-02,
          2.4173475375112320e-02, -1.2484952077201664e-02,
          4.3125595343059001e-02, 1.0338010451622756e-02,
          1.2328792950295764e-02, -2.2165073106819793e-02,
          1.9530374710525274e-02, 6.5474190035045097e-03,
          2.5598961187209054e-02, -1.2484952077201664e-02,
          2.9387871766925880e-02, -8.8506134896527301e-03,
          -9.1084397412794348e-03, 8.0897885805315844e-02,
          1.4746228100494255e-01, -5.5813599122954166e-02,
          7.0685075673797310e-02, -3.1865177010296025e-01,
          4.3125595343059001e-02, -8.8506134896527301e-03,
          4.1845234369783652e-01 ]
blastC: !!opencv-matrix
   rows: 1
   cols: 1
   dt: d
   data: [ 1.7867393527441698e-04 ]
blastNumEvents: 47.
blastMaxVals: !!opencv-matrix
   rows: 1
   cols: 9
   dt: d
   data: [ 4.5000000000000000e+00, 4.5000000000000000e+00,
       4.5000000000000000e+00, 4.5000000000000000e+00,
       4.5000000000000000e+00, 4.5000000000000000e+00,
       4.5000000000000000e+00, 4.5000000000000000e+00,
       4.5000000000000000e+00 ]
blastScales: !!opencv-matrix
   rows: 1
   cols: 9
   dt: d
   data: [ 1., 1., 1., 1., 1., 1., 1., 1., 1. ]
