%YAML:1.0
---
groups:
   - intact
   - CD19
   - blast
intactGmmnames:
   - "intact.771.0"
   - "intact.771.1"
   - "intact.771.2"
   - "intact.771.3"
   - "intact.771.4"
intactLabels:
   - FSC-A
   - SSC-A
   - CD20
   - CD10
   - CD45
   - CD34
   - SYTO41
   - CD19
   - CD38
intactMu: !!opencv-matrix
   rows: 5
   cols: 9
   dt: d
   data: [ 7.9841399146753567e-01, 2.8072053803083402e-01,
       9.1465178021249316e-01, 9.7805395727205013e-01,
       3.5279321602986835e+00, 1.0708295661661933e+00,
       3.2150333737328474e+00, 1.0658389920298548e+00,
       2.0262569213333110e+00, 1.0757767327070231e+00,
       4.2220774200147898e-01, 9.9359881878041467e-01,
       9.7054584345445971e-01, 3.5899959541905271e+00,
       1.1407413967513340e+00, 3.1461952496364765e+00,
       1.1252702748453429e+00, 1.8944154964496691e+00,
       1.7898826846332381e+00, 2.2351726043904718e+00,
       1.4102995760988120e+00, 1.5893739826161708e+00,
       2.7636708382040327e+00, 1.4319793078480447e+00,
       3.3634645872053124e+00, 1.4354389731736898e+00,
       2.1607771365397883e+00, 1.1367932908523795e+00,
       5.7907947974220375e-01, 9.6704755152931499e-01,
       9.3177651957552188e-01, 3.6012000929215402e+00,
       1.1649237075090682e+00, 3.0513943042993650e+00,
       1.1648897835428396e+00, 3.0274070761816483e+00,
       5.5454296625931299e-01, 4.6002690822201425e-01,
       1.1865025722444580e+00, 1.6163927449285667e+00,
       1.5793311713383154e+00, 1.2954506457774997e+00,
       3.3017210829753973e+00, 9.8603760195424350e-01,
       1.7436286983506248e+00 ]
intactSigma:
   - !!opencv-matrix
      rows: 9
      cols: 9
      dt: d
      data: [ 5.4801396075679194e-02, 8.7101265943086712e-04,
          -2.9715651346395632e-03, -5.6158059192569897e-03,
          5.9637997839078515e-03, -5.8946839828858417e-03,
          -1.7293546359291881e-02, 3.2969598021278120e-03,
          8.8363186522187991e-03, 8.7101265943086701e-04,
          7.4784789730616835e-03, 5.1863319519980791e-03,
          1.9476598896758582e-03, 2.6447003740224244e-03,
          -3.6044237970658122e-04, -2.5030451160303977e-03,
          2.3192837547320096e-03, -2.6632950357261234e-03,
          -2.9715651346395632e-03, 5.1863319519980791e-03,
          5.6337355393811031e-02, -4.0861511787668500e-03,
          2.1705066750488163e-03, 1.9150358718524492e-03,
          6.1951810143632418e-04, 1.9331454439945647e-03,
          -9.0041616912279829e-03, -5.6158059192569906e-03,
          1.9476598896758582e-03, -4.0861511787668482e-03,
          5.0422301082713492e-02, -5.5780484906495524e-04,
          -3.1682423055540429e-03, 3.0804338286279996e-03,
          2.2420175010910446e-04, -1.9995698579911062e-03,
          5.9637997839078506e-03, 2.6447003740224240e-03,
          2.1705066750488172e-03, -5.5780484906495524e-04,
          7.3897968448099968e-03, -3.2859473061044079e-03,
          -3.5275484477470093e-03, 9.5017486990943748e-04,
          -2.5049703077722686e-03, -5.8946839828858417e-03,
          -3.6044237970658111e-04, 1.9150358718524494e-03,
          -3.1682423055540421e-03, -3.2859473061044074e-03,
          1.2451643248850471e-01, 2.4335683593897893e-03,
          -2.2963915362473679e-05, 3.9999883635900785e-03,
          -1.7293546359291881e-02, -2.5030451160303977e-03,
          6.1951810143632375e-04, 3.0804338286279992e-03,
          -3.5275484477470093e-03, 2.4335683593897893e-03,
          2.1228956883190785e-02, -5.3572105367389903e-03,
          -1.4842979424559164e-03, 3.2969598021278120e-03,
          2.3192837547320096e-03, 1.9331454439945647e-03,
          2.2420175010910411e-04, 9.5017486990943781e-04,
          -2.2963915362473960e-05, -5.3572105367389903e-03,
          1.9131681233774324e-02, -1.2667666427938623e-03,
          8.8363186522187991e-03, -2.6632950357261243e-03,
          -9.0041616912279847e-03, -1.9995698579911045e-03,
          -2.5049703077722686e-03, 3.9999883635900768e-03,
          -1.4842979424559168e-03, -1.2667666427938623e-03,
          1.3306901585071554e-01 ]
   - !!opencv-matrix
      rows: 9
      cols: 9
      dt: d
      data: [ 1.1305496014879836e-01, -1.5643612859796514e-03,
          3.7898407556391984e-03, -3.7496359514801875e-03,
          4.8284047429591045e-03, -7.5131579705174671e-03,
          -5.7286049525997907e-03, -7.8042022032225760e-04,
          1.0183363325816203e-03, -1.5643612859796510e-03,
          1.9942608983809194e-02, 1.0279489350471824e-02,
          3.0413610381287929e-03, 4.4699307020875795e-03,
          1.0496055519024028e-04, -4.5277718516127571e-04,
          4.3573246794759114e-03, 4.4383369101103548e-05,
          3.7898407556391984e-03, 1.0279489350471823e-02,
          6.2047756348220247e-02, -4.0969162052114224e-03,
          2.6830473819550215e-03, -1.3729694144129828e-03,
          3.6913829765618340e-03, 2.5448075297987852e-03,
          -1.9338832345808224e-04, -3.7496359514801883e-03,
          3.0413610381287938e-03, -4.0969162052114207e-03,
          5.6670578732553621e-02, -1.7707211096242583e-03,
          -1.9755168034123788e-03, -1.1459336868589643e-03,
          1.0778001910927333e-03, -8.8599624361048032e-04,
          4.8284047429591045e-03, 4.4699307020875795e-03,
          2.6830473819550202e-03, -1.7707211096242574e-03,
          9.9578788681348573e-03, -3.0050097736978496e-03,
          -7.9919115803047823e-04, 2.2028515848589087e-03,
          -3.4861320130373697e-03, -7.5131579705174671e-03,
          1.0496055519024028e-04, -1.3729694144129828e-03,
          -1.9755168034123792e-03, -3.0050097736978505e-03,
          1.5030569146858305e-01, 4.3822393312627503e-03,
          -1.2994194241297365e-04, 1.3401885272062057e-02,
          -5.7286049525997907e-03, -4.5277718516127592e-04,
          3.6913829765618349e-03, -1.1459336868589643e-03,
          -7.9919115803047845e-04, 4.3822393312627494e-03,
          3.2100187499845008e-02, -7.7672946794331088e-03,
          4.8541123850196488e-03, -7.8042022032225706e-04,
          4.3573246794759114e-03, 2.5448075297987861e-03,
          1.0778001910927333e-03, 2.2028515848589087e-03,
          -1.2994194241297449e-04, -7.7672946794331106e-03,
          2.7203372600450047e-02, -9.6285848672273914e-03,
          1.0183363325816199e-03, 4.4383369101103595e-05,
          -1.9338832345808205e-04, -8.8599624361048097e-04,
          -3.4861320130373697e-03, 1.3401885272062056e-02,
          4.8541123850196488e-03, -9.6285848672273949e-03,
          1.5594930022657172e-01 ]
   - !!opencv-matrix
      rows: 9
      cols: 9
      dt: d
      data: [ 6.8050780908237818e-01, 3.8890526604302694e-01,
          1.9442516234734138e-02, 3.6793989331586237e-02,
          1.0727525860808251e-02, -9.3846284842114963e-02,
          -2.6262708621523276e-02, 6.1520729952755357e-02,
          -4.4032560046433342e-02, 3.8890526604302694e-01,
          1.3346537769204241e+00, 1.0959543026531705e-01,
          1.3712082150887697e-01, -3.5087846220562942e-02,
          -2.5554328762968637e-01, 1.6746829774327961e-02,
          1.7533290720985631e-01, -3.0029887433190988e-01,
          1.9442516234734138e-02, 1.0959543026531707e-01,
          1.8601362975113755e-01, 9.8174022626023011e-02,
          3.7763829039355691e-02, 1.4427341598311237e-02,
          3.6351561954789488e-02, 7.1629824324847921e-02,
          3.6943444661005839e-02, 3.6793989331586237e-02,
          1.3712082150887697e-01, 9.8174022626023011e-02,
          3.6378306587036296e-01, -1.3963459886505580e-02,
          2.3200931981622003e-02, 1.7588858194291380e-02,
          1.4709602329303156e-01, -1.3931749891902738e-02,
          1.0727525860808248e-02, -3.5087846220562942e-02,
          3.7763829039355691e-02, -1.3963459886505575e-02,
          2.9814587632553380e-01, 1.6610631654192989e-02,
