%YAML:1.0
---
groups:
   - intact
   - CD19
intactGmmnames:
   - "intact.774.0"
   - "intact.774.1"
   - "intact.774.2"
   - "intact.774.3"
   - "intact.774.4"
intactLabels:
   - FSC-A
   - SSC-A
   - CD20
   - CD10
   - CD45
   - CD34
   - SYTO41
   - CD19
   - CD38
intactMu: !!opencv-matrix
   rows: 5
   cols: 9
   dt: d
   data: [ 1.1822187539583260e+00, 4.3697088047615190e-01,
       1.0772797060229566e+00, 1.2308090747446045e+00,
       1.4338436055538699e+00, 1.1661530922331218e+00,
       2.8750448024748820e+00, 1.0812051960867000e+00,
       1.7759954178508019e+00, 1.4231529194681209e+00,
       1.4623167029503963e+00, 1.6870955764582671e+00,
       1.4484207583568685e+00, 2.8815112348940737e+00,
       1.4394167350306724e+00, 3.3527947341468498e+00,
       1.3842660408793706e+00, 2.2389376051341943e+00,
       1.3316822862261657e+00, 4.1577309844767241e-01,
       1.1360396201302525e+00, 1.2678499004044610e+00,
       3.7305954753528523e+00, 1.1598977839727043e+00,
       3.2395962470564301e+00, 1.2002369092137828e+00,
       2.0232632167687856e+00, 6.1191499203921040e-01,
       3.5714926476478492e-01, 1.0141357502882418e+00,
       1.2047411421332921e+00, 1.3925739607704852e+00,
       1.0982012218368256e+00, 3.6320310636861453e+00,
       8.4094330089168678e-01, 1.7903738983358126e+00,
       2.3051235572065036e+00, 3.2885790500643441e+00,
       1.4281655761000678e+00, 1.9106505970727674e+00,
       3.0533447038012826e+00, 1.2189458319894300e+00,
       3.0470105606346984e+00, 1.5967812416950742e+00,
       1.8787353462831340e+00 ]
intactSigma:
   - !!opencv-matrix
      rows: 9
      cols: 9
      dt: d
      data: [ 4.0992818768349959e-01, 3.7769587692134718e-02,
          2.6675908877117238e-02, 3.0643822663697479e-03,
          1.5286634387086101e-02, 1.2661400118650403e-02,
          -2.3672884443032990e-02, 9.5559516585058298e-03,
          1.7019627804947366e-03, 3.7769587692134711e-02,
          4.0808570532148168e-02, 3.0881598751693166e-02,
          4.4435011916442923e-03, 2.6128865049534919e-02,
          2.0256966179241092e-02, 1.4895723319249047e-03,
          7.9720968405031824e-03, 2.9802253972364442e-03,
          2.6675908877117242e-02, 3.0881598751693162e-02,
          8.2144690458283653e-02, 3.8223893405162149e-03,
          2.6081515527888975e-02, 2.0601224633522926e-02,
          9.8981931812569326e-03, 6.7741552032428041e-03,
          2.8023424633944471e-03, 3.0643822663697466e-03,
          4.4435011916442923e-03, 3.8223893405162149e-03,
          6.5645086541748568e-03, 6.2172910325938770e-03,
          2.9188499264586692e-03, -6.0819313142744470e-04,
          1.4110475894017864e-03, 5.2604973706700834e-04,
          1.5286634387086100e-02, 2.6128865049534919e-02,
          2.6081515527888975e-02, 6.2172910325938770e-03,
          1.4824329733689109e-01, 5.3294117385270796e-02,
          -4.5225084762440242e-02, 1.0209458252505405e-02,
          7.1559250395340944e-03, 1.2661400118650400e-02,
          2.0256966179241092e-02, 2.0601224633522926e-02,
          2.9188499264586692e-03, 5.3294117385270796e-02,
          9.0423462123849913e-02, -2.8466703797380789e-02,
          1.0010234793627485e-02, 4.7934856140550153e-03,
          -2.3672884443032984e-02, 1.4895723319249053e-03,
          9.8981931812569344e-03, -6.0819313142744503e-04,
          -4.5225084762440242e-02, -2.8466703797380789e-02,
          1.3615509149235927e-01, -1.7273963788089569e-02,
          -2.1627358033274513e-03, 9.5559516585058298e-03,
          7.9720968405031824e-03, 6.7741552032428041e-03,
          1.4110475894017864e-03, 1.0209458252505405e-02,
          1.0010234793627485e-02, -1.7273963788089566e-02,
          1.1693962141938571e-02, 2.8541885263318954e-04,
          1.7019627804947366e-03, 2.9802253972364442e-03,
          2.8023424633944467e-03, 5.2604973706700845e-04,
          7.1559250395340944e-03, 4.7934856140550153e-03,
          -2.1627358033274513e-03, 2.8541885263318954e-04,
          1.7604215408748936e-03 ]
   - !!opencv-matrix
      rows: 9
      cols: 9
      dt: d
      data: [ 8.1680934682957518e-01, 4.4916494504134619e-01,
          2.6963317612372611e-02, 5.3104857465043620e-02,
          5.6796218382692762e-02, 2.5920297142581043e-02,
          -2.6599646746757088e-02, 3.2521964493672534e-02,
          1.3037040038824230e-01, 4.4916494504134619e-01,
          8.5802559946474055e-01, 6.5642344717457862e-02,
          6.1058954028797172e-02, 8.3050742779525275e-02,
          -1.6069881934811445e-02, -1.2405853402823346e-02,
          1.1324873456000180e-01, 1.4329599345969488e-01,
          2.6963317612372618e-02, 6.5642344717457862e-02,
          2.6226081750443681e-01, 6.4615254897795030e-02,
          1.0682297542642398e-01, 2.1572584290711811e-02,
          2.9516187023194303e-02, 1.5289639108453754e-01,
          -2.5185557569540648e-02, 5.3104857465043620e-02,
          6.1058954028797172e-02, 6.4615254897795030e-02,
          1.0273038580558680e-01, 1.5868350406427967e-02,
          3.4437211717722065e-02, -4.3260686173177236e-02,
          5.7006194771543110e-02, 6.2577064158373542e-03,
          5.6796218382692762e-02, 8.3050742779525275e-02,
          1.0682297542642397e-01, 1.5868350406427978e-02,
          5.7151398929212405e-01, 4.6196931192155614e-02,
          -2.8460985766830961e-02, 1.3250966151912133e-01,
          9.0800559676874573e-02, 2.5920297142581043e-02,
          -1.6069881934811445e-02, 2.1572584290711811e-02,
          3.4437211717722051e-02, 4.6196931192155601e-02,
          3.1828707717389992e-01, -5.0479926767039470e-05,
          1.4101200678774324e-02, 7.8147268274428527e-02,
          -2.6599646746757074e-02, -1.2405853402823359e-02,
          2.9516187023194296e-02, -4.3260686173177236e-02,
          -2.8460985766830961e-02, -5.0479926767039470e-05,
          2.6470766999292566e-01, -7.0595078292387661e-02,
          -1.0317714111498946e-02, 3.2521964493672527e-02,
          1.1324873456000180e-01, 1.5289639108453754e-01,
          5.7006194771543117e-02, 1.3250966151912133e-01,
          1.4101200678774324e-02, -7.0595078292387675e-02,
          2.0781217298970181e-01, 1.6489027609399003e-02,
          1.3037040038824230e-01, 1.4329599345969488e-01,
          -2.5185557569540641e-02, 6.2577064158373542e-03,
          9.0800559676874587e-02, 7.8147268274428527e-02,
          -1.0317714111498946e-02, 1.6489027609399007e-02,
          2.8840184315417849e-01 ]
   - !!opencv-matrix
      rows: 9
      cols: 9
      dt: d
      data: [ 3.3107100203489509e-01, 2.5101310579323792e-02,
          1.3945594404810566e-02, 8.7953520727886824e-03,
          4.3599184862336333e-02, -1.0213292455415831e-02,
          -7.4743961425692063e-02, 3.2287506718491753e-02,
          3.3577879701104027e-02, 2.5101310579323795e-02,
          2.6597392149803514e-02, 9.0528956401478324e-03,
          2.8620835157483842e-03, 7.3644571111208760e-03,
          4.9350521144667005e-03, -1.4099290314285804e-02,
          1.0491760693238747e-02, 2.5027078835183843e-02,
          1.3945594404810566e-02, 9.0528956401478324e-03,
          6.3403377809299902e-02, 3.2596209403796097e-04,
          7.1802765884689847e-03, 1.1298910812225882e-03,
          -5.4981768507854985e-04, 6.6056871576168682e-03,
          -1.0484086628702791e-02, 8.7953520727886824e-03,
          2.8620835157483837e-03, 3.2596209403796097e-04,
          6.5187454592971050e-03, 4.1987709294777501e-03,
          -2.8670821022741587e-03, -5.0900930089539205e-03,
          4.0425129068946321e-03, 6.7041688291623802e-04,
          4.3599184862336340e-02, 7.3644571111208760e-03,
          7.1802765884689847e-03, 4.1987709294777501e-03,
          1.9577923021026053e-02, -2.7801446721634985e-03,
          -1.6862322040291082e-02, 1.2799877015497139e-02,
