%YAML:1.0
---
groups:
   - intact
   - CD19
intactGmmnames:
   - "intact.783.0"
   - "intact.783.1"
   - "intact.783.2"
   - "intact.783.3"
   - "intact.783.4"
intactLabels:
   - FSC-A
   - SSC-A
   - CD20
   - CD10
   - CD45
   - CD34
   - SYTO41
   - CD19
   - CD38
intactMu: !!opencv-matrix
   rows: 5
   cols: 9
   dt: d
   data: [ 1.4717733980315086e+00, 4.2309017299438062e-01,
       8.8346911392824068e-01, 8.4044670773454233e-01,
       3.5371889591166377e+00, 1.0632348432510081e+00,
       2.9948998157371833e+00, 1.0857432287722169e+00,
       1.6950945219556299e+00, 2.4772645330990821e+00,
       3.3301599029491231e+00, 1.1729862881188513e+00,
       1.5298637076468795e+00, 2.5729698824407867e+00,
       1.0091965084914938e+00, 3.3283089598267068e+00,
       1.5105628082812932e+00, 1.6592820398987804e+00,
       1.8303290697677113e+00, 2.0305521823963009e+00,
       1.4510355273752102e+00, 1.2882449110129131e+00,
       2.8192623742342455e+00, 1.6250843343313484e+00,
       3.0037270399417264e+00, 1.3937052720699619e+00,
       2.1569354349940002e+00, 8.8216937603932477e-01,
       4.0431884553114328e-01, 1.0088609677579077e+00,
       1.1061932268065315e+00, 1.4028915085186207e+00,
       1.0627044339322815e+00, 3.1575558542663007e+00,
       9.6675522229212418e-01, 1.6709735203135092e+00,
       2.4363235436148747e+00, 3.5110401164971163e+00,
       1.2730583882031374e+00, 1.6818662884198998e+00,
       2.6863979540222598e+00, 1.2113009635529273e+00,
       3.3080008247249606e+00, 1.5597899110348312e+00,
       1.6949069442018290e+00 ]
intactSigma:
   - !!opencv-matrix
      rows: 9
      cols: 9
      dt: d
      data: [ 2.1442647651286456e-01, 4.5027764777720067e-02,
          1.8903774990256410e-02, 4.7702458420597702e-03,
          3.4503905897494837e-02, 2.9492950807565002e-03,
          -6.5221351714584057e-03, 1.7217169384482801e-02,
          -8.9396143897719198e-03, 4.5027764777720067e-02,
          3.2256052764676205e-02, 1.1992072878565668e-02,
          3.8869674824549075e-03, 1.9174383859636358e-02,
          2.4953421819852743e-03, -7.8844151151517646e-05,
          1.0068500774896546e-02, -1.8135564316469914e-03,
          1.8903774990256410e-02, 1.1992072878565668e-02,
          6.7691630040604106e-02, -4.1807071129417268e-03,
          8.6236670584216631e-03, 1.1423329303158268e-03,
          2.0998643219197221e-03, 3.4402874538544854e-03,
          -6.6464427978653196e-03, 4.7702458420597702e-03,
          3.8869674824549083e-03, -4.1807071129417268e-03,
          3.8813935124054073e-02, 2.2371320484856822e-03,
          -5.1471687419488415e-03, -6.6226235218584401e-04,
          2.2810093908401789e-03, -1.3123787804265063e-03,
          3.4503905897494830e-02, 1.9174383859636358e-02,
          8.6236670584216649e-03, 2.2371320484856822e-03,
          2.2477991923070581e-02, -7.2183406627284320e-04,
          6.9455303414036327e-04, 6.4473144100111986e-03,
          -8.7280593063585564e-03, 2.9492950807565002e-03,
          2.4953421819852743e-03, 1.1423329303158259e-03,
          -5.1471687419488415e-03, -7.2183406627284374e-04,
          1.4227792371822834e-01, 1.0330424469593304e-04,
          2.6784208595048739e-03, 2.2909838282081313e-03,
          -6.5221351714584092e-03, -7.8844151151517564e-05,
          2.0998643219197212e-03, -6.6226235218584423e-04,
          6.9455303414036283e-04, 1.0330424469593298e-04,
          1.4967064333299744e-02, -2.5900027910440971e-03,
          -2.5703061482906403e-03, 1.7217169384482794e-02,
          1.0068500774896546e-02, 3.4402874538544859e-03,
          2.2810093908401797e-03, 6.4473144100111986e-03,
          2.6784208595048756e-03, -2.5900027910440971e-03,
          2.6199626274202237e-02, -3.1597342330610930e-03,
          -8.9396143897719164e-03, -1.8135564316469914e-03,
          -6.6464427978653196e-03, -1.3123787804265065e-03,
          -8.7280593063585581e-03, 2.2909838282081313e-03,
          -2.5703061482906411e-03, -3.1597342330610912e-03,
          5.2960505889076137e-02 ]
   - !!opencv-matrix
      rows: 9
      cols: 9
      dt: d
      data: [ 4.4895979564110905e-01, 1.3226630216028135e-01,
          2.8157957118253283e-02, -1.4246034389127145e-02,
          -2.2265008302572542e-03, -2.8481408923602416e-03,
          5.2781269080923471e-03, 3.3917333277543628e-02,
          1.2025862791364631e-03, 1.3226630216028135e-01,
          3.5540699843830797e-01, 3.8182930030443700e-02,
          4.8136240519091975e-02, 1.3239347894752966e-02,
          -2.2558439421981025e-03, 7.0360711708266346e-03,
          6.2651175136972229e-02, -5.3237028162661331e-04,
          2.8157957118253283e-02, 3.8182930030443700e-02,
          5.4724566225622079e-02, -4.3251673725156186e-03,
          -1.6018962117084754e-03, -5.1013496566431234e-03,
          9.2011204540955952e-04, 8.3007471109112808e-03,
          -2.5434319669388641e-04, -1.4246034389127141e-02,
          4.8136240519091988e-02, -4.3251673725156151e-03,
          1.1640585406903435e-01, 2.2350083402509366e-02,
          -4.6324782654932469e-03, 3.9167172511474424e-03,
          7.6282505866219078e-03, -2.0937698645699548e-03,
          -2.2265008302572551e-03, 1.3239347894752966e-02,
          -1.6018962117084750e-03, 2.2350083402509366e-02,
          3.8881727535415793e-02, -6.8897324734887144e-03,
          1.0902629168411360e-03, 1.5155776626056057e-03,
          -1.8815262858135702e-03, -2.8481408923602420e-03,
          -2.2558439421981034e-03, -5.1013496566431225e-03,
          -4.6324782654932478e-03, -6.8897324734887144e-03,
          2.7112606584987358e-02, -6.6465148364797019e-05,
          -1.4060771709709945e-04, -4.2179095473756773e-05,
          5.2781269080923471e-03, 7.0360711708266346e-03,
          9.2011204540955974e-04, 3.9167172511474424e-03,
          1.0902629168411360e-03, -6.6465148364797073e-05,
          9.0194228480422727e-03, -1.1945172555208406e-03,
          7.5284443738503034e-05, 3.3917333277543628e-02,
          6.2651175136972229e-02, 8.3007471109112791e-03,
          7.6282505866219078e-03, 1.5155776626056057e-03,
          -1.4060771709709953e-04, -1.1945172555208401e-03,
          3.1250868518325134e-02, -3.5682187264114910e-03,
          1.2025862791364631e-03, -5.3237028162661363e-04,
          -2.5434319669388652e-04, -2.0937698645699548e-03,
          -1.8815262858135702e-03, -4.2179095473756739e-05,
          7.5284443738503047e-05, -3.5682187264114910e-03,
          5.5308135001235562e-03 ]
   - !!opencv-matrix
      rows: 9
      cols: 9
      dt: d
      data: [ 6.5204789587308110e-01, 3.0848860128399308e-01,
          2.3942947268462463e-02, 1.3235932589436205e-02,
          1.3148970118306197e-01, 3.6171085283777139e-02,
          1.8474791306046540e-02, 5.1422899368644533e-02,
          1.2314057326815498e-02, 3.0848860128399308e-01,
          1.5000635454164681e+00, 2.0334494279839074e-01,
          1.4421674998618528e-01, -1.2460331464176532e-02,
          3.0966578382863291e-01, -1.4680498822509563e-01,
          2.4524260605038345e-01, -1.5619766470095775e-01,
          2.3942947268462467e-02, 2.0334494279839069e-01,
          2.4429768467995844e-01, 1.4068191393170285e-01,
          -3.3813043212417501e-02, 1.0783818310748233e-01,
          9.3318655256045314e-04, 1.0313461608565230e-01,
          -4.9333485902996098e-02, 1.3235932589436211e-02,
          1.4421674998618528e-01, 1.4068191393170285e-01,
          2.4338844079699234e-01, -6.7650725806470025e-02,
          3.9485694574864574e-02, 1.5115060121033820e-02,
          6.3083267707440466e-02, -4.2803347776496511e-02,
          1.3148970118306197e-01, -1.2460331464176532e-02,
          -3.3813043212417487e-02, -6.7650725806470025e-02,
          4.7361011974269002e-01, 9.8698322506322444e-03,
