%YAML:1.0
---
groups:
   - intact
   - CD19
   - blast
intactGmmnames:
   - "intact.797.0"
   - "intact.797.1"
   - "intact.797.2"
   - "intact.797.3"
   - "intact.797.4"
intactLabels:
   - FSC-A
   - SSC-A
   - CD20
   - CD10
   - CD45
   - CD34
   - SYTO41
   - CD19
   - CD38
intactMu: !!opencv-matrix
   rows: 5
   cols: 9
   dt: d
   data: [ 7.6550036947733113e-01, 3.1806092927609037e-01,
       7.8160472764476918e-01, 7.0950230464497599e-01,
       3.2679110938820544e+00, 1.0752019938968231e+00,
       3.2732431466381717e+00, 1.4441433629940439e+00,
       2.0992444152670804e+00, 7.7075577044367971e-01,
       5.4111579128662002e-01, 9.5295777154687933e-01,
       1.0111353248114792e+00, 1.2617052153433947e+00,
       1.0731858237810217e+00, 2.5021775756164910e+00,
       1.0465394612137320e+00, 1.3225634279657099e+00,
       1.9504658291802666e+00, 2.2019444189202884e+00,
       1.0256993000157126e+00, 1.3689174124712862e+00,
       2.1331874012113596e+00, 1.1880641030321710e+00,
       2.9559176844849322e+00, 1.5354314528218518e+00,
       1.7178068133148758e+00, 1.1906508599634338e+00,
       4.7323029899034241e-01, 9.4964570571844398e-01,
       9.2755642845342245e-01, 3.3832285835410869e+00,
       1.0366352620215926e+00, 2.4337796595033332e+00,
       1.7534701758419076e+00, 2.0549909892946139e+00,
       8.6259578741126486e-01, 2.8025441641098453e-01,
       8.9978566689886530e-01, 8.5749567373328506e-01,
       3.2939181587546105e+00, 1.0373364462398047e+00,
       2.7720566657976118e+00, 1.5861885616202520e+00,
       2.1116534641845894e+00 ]
intactSigma:
   - !!opencv-matrix
      rows: 9
      cols: 9
      dt: d
      data: [ 1.0951740824641443e-01, 1.7021208120412142e-02,
          -3.3267716802526026e-03, -9.5193831567221797e-03,
          2.5773808831688595e-02, -3.8014173436112802e-04,
          1.5320634956204027e-02, 1.8577299765127561e-02,
          2.1057390114826911e-02, 1.7021208120412142e-02,
          1.6909861521318754e-02, 2.8473477850221875e-03,
          2.1046442237059476e-03, 9.6805611547792249e-03,
          2.9096812760023470e-04, -1.4293406324812819e-04,
          1.5425976252385109e-02, 2.9447176989573724e-03,
          -3.3267716802526034e-03, 2.8473477850221875e-03,
          2.8046035893039230e-02, 1.8914014300833584e-02,
          -1.7217663979838449e-03, -5.9127967636135028e-03,
          -3.2906966934493950e-02, 1.7746060344354084e-02,
          -6.8912080884592497e-03, -9.5193831567221814e-03,
          2.1046442237059467e-03, 1.8914014300833584e-02,
          4.0263069946133850e-02, -2.8018664448447332e-03,
          -9.3932504174258392e-03, -3.5902638390296775e-02,
          1.9411340873128270e-02, -5.4859415430473530e-03,
          2.5773808831688595e-02, 9.6805611547792249e-03,
          -1.7217663979838445e-03, -2.8018664448447332e-03,
          1.7416988948301241e-02, 7.1662899334215351e-04,
          6.6653901939911792e-03, 1.5825643035458595e-02,
          8.9644678326235745e-03, -3.8014173436112748e-04,
          2.9096812760023497e-04, -5.9127967636135011e-03,
          -9.3932504174258375e-03, 7.1662899334215351e-04,
          1.0770617760505559e-01, 8.5280842431993322e-03,
          -2.3399940426689280e-03, 1.9401078736060312e-03,
          1.5320634956204024e-02, -1.4293406324812852e-04,
          -3.2906966934493950e-02, -3.5902638390296782e-02,
          6.6653901939911792e-03, 8.5280842431993339e-03,
          5.7007195443218597e-02, -2.4490374421794334e-02,
          1.0428035210092387e-02, 1.8577299765127564e-02,
          1.5425976252385112e-02, 1.7746060344354084e-02,
          1.9411340873128270e-02, 1.5825643035458595e-02,
          -2.3399940426689276e-03, -2.4490374421794334e-02,
          8.2330722382110380e-02, -3.9808261847436831e-04,
          2.1057390114826911e-02, 2.9447176989573719e-03,
          -6.8912080884592497e-03, -5.4859415430473530e-03,
          8.9644678326235745e-03, 1.9401078736060312e-03,
          1.0428035210092387e-02, -3.9808261847436809e-04,
          7.0656065161637832e-02 ]
   - !!opencv-matrix
      rows: 9
      cols: 9
      dt: d
      data: [ 1.1386920181714397e-01, 3.3442442738866929e-02,
          9.9385310106757732e-03, 1.1022174982963928e-02,
          3.5145763667360232e-03, 9.5347353123729616e-04,
          -8.7886056639577548e-02, 2.2713972251253933e-02,
          -3.5376151255284852e-03, 3.3442442738866929e-02,
          6.2249975001865389e-02, 1.3063506569259978e-02,
          1.8251220767237918e-02, 1.3910177435124531e-02,
          1.9330272428970908e-03, 2.0783187790945040e-02,
          2.0424631643535064e-02, 1.4314186153650080e-02,
          9.9385310106757697e-03, 1.3063506569259978e-02,
          2.1515672505087461e-02, 1.3795756865976110e-02,
          3.6634859819483895e-03, -2.0734475148596553e-03,
          -2.7262181769707048e-02, 1.5127922665936218e-02,
          -8.0937557026851664e-04, 1.1022174982963930e-02,
          1.8251220767237918e-02, 1.3795756865976110e-02,
          6.2281003468957825e-02, 1.1531630063244586e-02,
          -1.6612533215079419e-03, -1.8894392303630266e-02,
          1.8016493169806871e-02, 4.2878178072183939e-03,
          3.5145763667360232e-03, 1.3910177435124524e-02,
          3.6634859819483895e-03, 1.1531630063244584e-02,
          5.1343942598908579e-02, 3.6894143664011163e-03,
          1.3240972279067618e-02, 3.5168823074763862e-03,
          1.5740530826994711e-02, 9.5347353123729584e-04,
          1.9330272428970915e-03, -2.0734475148596544e-03,
          -1.6612533215079413e-03, 3.6894143664011163e-03,
          2.5856970831318563e-02, 5.6914598530024329e-03,
          -9.6707518992809795e-04, 2.1852881261573936e-03,
          -8.7886056639577548e-02, 2.0783187790945051e-02,
          -2.7262181769707045e-02, -1.8894392303630266e-02,
          1.3240972279067622e-02, 5.6914598530024355e-03,
          4.4577463802570655e-01, -5.8752641851471582e-02,
          5.3876715245427073e-02, 2.2713972251253933e-02,
          2.0424631643535064e-02, 1.5127922665936218e-02,
          1.8016493169806871e-02, 3.5168823074763862e-03,
          -9.6707518992809828e-04, -5.8752641851471582e-02,
          4.6445170553346751e-02, -7.4797045598280296e-03,
          -3.5376151255284852e-03, 1.4314186153650082e-02,
          -8.0937557026851631e-04, 4.2878178072183939e-03,
          1.5740530826994715e-02, 2.1852881261573941e-03,
          5.3876715245427073e-02, -7.4797045598280296e-03,
          3.1407705856212123e-02 ]
   - !!opencv-matrix
      rows: 9
      cols: 9
      dt: d
      data: [ 9.4313194867311223e-01, 6.7158805608712846e-01,
          -2.2531118861228376e-02, -2.8382640270885981e-02,
          3.3482934036613905e-02, -4.5517015708336168e-02,
          -1.6942199511045732e-02, 1.3090156235042691e-01,
          -8.9951525595859672e-02, 6.7158805608712846e-01,
          1.4181853068904160e+00, -1.8900910481369316e-02,
          1.2065627228358344e-01, 1.1316609995315820e-01,
          -6.8698074384504718e-02, 3.7320142107741490e-02,
          2.7044832098609617e-01, -1.3989903262695189e-01,
          -2.2531118861228369e-02, -1.8900910481369312e-02,
          7.9949101213896312e-02, 2.3936877025677317e-02,
          6.8856925323718199e-03, 9.1063856258113141e-03,
          -3.6547040858057024e-02, 4.6573051001098403e-02,
          1.3430238438831375e-02, -2.8382640270885981e-02,
          1.2065627228358344e-01, 2.3936877025677317e-02,
          1.6948053244129890e-01, 3.2232095000174203e-02,
          -1.1613838063796456e-02, -2.1849393325966190e-02,
          4.6651194024043836e-02, -8.9360803758434249e-03,
          3.3482934036613898e-02, 1.1316609995315820e-01,
          6.8856925323718191e-03, 3.2232095000174203e-02,
          2.8986390339094159e-01, 1.0369014834715579e-02,
