%YAML:1.0
---
groups:
   - intact
   - CD19
   - blast
intactGmmnames:
   - "intact.804.0"
   - "intact.804.1"
   - "intact.804.2"
   - "intact.804.3"
   - "intact.804.4"
intactLabels:
   - FSC-A
   - SSC-A
   - CD20
   - CD10
   - CD45
   - CD34
   - SYTO41
   - CD19
   - CD38
intactMu: !!opencv-matrix
   rows: 5
   cols: 9
   dt: d
   data: [ 8.8526044756620692e-01, 3.9980109013717879e-01,
       8.5298208884612936e-01, 8.3917232529450614e-01,
       1.2225447841064914e+00, 1.0682509478070117e+00,
       2.8654269103860401e+00, 1.0495676190855228e+00,
       1.3747229024530681e+00, 1.7073270049126035e+00,
       6.1114902687293438e-01, 9.2830566246894342e-01,
       9.0599231102074052e-01, 3.4588208214200677e+00,
       1.0455705249050773e+00, 2.6951395875996957e+00,
       1.7621974513385643e+00, 2.3188254867592484e+00,
       2.0745980764902314e+00, 3.0491758044025898e+00,
       1.1809058092797531e+00, 2.2437800417120868e+00,
       2.8659755942116956e+00, 1.1462564275356562e+00,
       2.8755918437569887e+00, 1.8195029462255332e+00,
       1.6720780990464048e+00, 1.1734201510765707e+00,
       3.1723527754840758e-01, 9.2052375934423047e-01,
       8.1143174250739103e-01, 3.2322625618591476e+00,
       1.0787041975915255e+00, 3.1057468181285670e+00,
       1.4902951313505264e+00, 1.8612150766984981e+00,
       1.7560162799838028e+00, 1.6627011864038974e+00,
       1.1885028103577657e+00, 1.3538286471009333e+00,
       2.3194751630228545e+00, 1.4141534949696928e+00,
       2.6776398961596586e+00, 1.5817965576865625e+00,
       1.9123114740991052e+00 ]
intactSigma:
   - !!opencv-matrix
      rows: 9
      cols: 9
      dt: d
      data: [ 9.0931674467225332e-02, 1.5044430073767859e-02,
          9.6576886498134541e-03, 3.3860446905861052e-03,
          3.2702385400210838e-03, 6.6046422819092637e-04,
          -1.7485225949014627e-02, 5.2347223427897591e-03,
          1.1544062067397544e-03, 1.5044430073767859e-02,
          2.1790015866400312e-02, 6.1877234101002480e-03,
          1.2541138329975399e-03, 2.8033625598803853e-03,
          2.5204720056032663e-03, 1.0150206751176316e-02,
          3.0178613331062723e-03, 2.8736920838645270e-03,
          9.6576886498134541e-03, 6.1877234101002506e-03,
          4.4209150985734504e-02, -1.4874210742409745e-03,
          1.8158514545395248e-03, -8.0648600994266445e-04,
          -2.1514210025246470e-02, 6.0527445001988507e-03,
          -1.7300009127469833e-04, 3.3860446905861052e-03,
          1.2541138329975397e-03, -1.4874210742409748e-03,
          3.2376013170550423e-02, 2.6608270610005919e-03,
          -1.3734987144146445e-03, -2.5266264628124847e-02,
          4.8944235932775748e-03, -9.5388645024126640e-04,
          3.2702385400210838e-03, 2.8033625598803853e-03,
          1.8158514545395248e-03, 2.6608270610005923e-03,
          2.3298220996121694e-02, 3.0498441638648218e-03,
          -5.6494724937185383e-03, 1.4227125635296765e-03,
          8.0415495449542732e-04, 6.6046422819092561e-04,
          2.5204720056032654e-03, -8.0648600994266434e-04,
          -1.3734987144146445e-03, 3.0498441638648222e-03,
          2.0409810699389460e-02, 4.2781127077855070e-03,
          -1.9467720973689783e-04, 1.5426711771218560e-03,
          -1.7485225949014631e-02, 1.0150206751176316e-02,
          -2.1514210025246477e-02, -2.5266264628124844e-02,
          -5.6494724937185383e-03, 4.2781127077855044e-03,
          1.5557977007818696e-01, -1.9937871738385002e-02,
          6.6602723697325120e-03, 5.2347223427897582e-03,
          3.0178613331062723e-03, 6.0527445001988507e-03,
          4.8944235932775739e-03, 1.4227125635296765e-03,
          -1.9467720973689783e-04, -1.9937871738385002e-02,
          1.4844206003294072e-02, -2.2275350656410543e-03,
          1.1544062067397538e-03, 2.8736920838645266e-03,
          -1.7300009127469860e-04, -9.5388645024126629e-04,
          8.0415495449542732e-04, 1.5426711771218560e-03,
          6.6602723697325120e-03, -2.2275350656410539e-03,
          4.4070183298080389e-03 ]
   - !!opencv-matrix
      rows: 9
      cols: 9
      dt: d
      data: [ 2.8304546390972396e-01, -1.9329989160188757e-02,
          3.0570664265297007e-03, 1.6890275559532631e-03,
          1.6303779875407910e-02, -5.5777817612461022e-03,
          4.7739678978856405e-03, 1.1096651636085466e-02,
          -1.0017551928393675e-01, -1.9329989160188757e-02,
          1.9854441256184779e-02, 3.9252017030754430e-03,
          2.3890134447791794e-03, 1.9745979219181384e-03,
          -2.9488454918133216e-05, -4.7921098934865349e-03,
          5.0551427582790258e-03, 2.8240305927216731e-02,
          3.0570664265297020e-03, 3.9252017030754422e-03,
          3.8209489673647519e-02, -6.9861957823262608e-03,
          2.7264137364079459e-03, -3.5639200085013249e-04,
          -8.6744459791478854e-03, 4.1213485954658133e-03,
          -2.1052467249836125e-03, 1.6890275559532633e-03,
          2.3890134447791794e-03, -6.9861957823262608e-03,
          3.2833026351399633e-02, 2.0287771136766101e-03,
          -3.9655884915818810e-03, -8.1196065781254829e-03,
          3.5343393165033982e-03, 3.0275506584000081e-03,
          1.6303779875407910e-02, 1.9745979219181384e-03,
          2.7264137364079459e-03, 2.0287771136766101e-03,
          1.2629119381187496e-02, -2.2008063923572097e-03,
          -6.1673163570477967e-03, 1.2697297473963851e-02,
          -1.3733511624230706e-02, -5.5777817612461022e-03,
          -2.9488454918133206e-05, -3.5639200085013206e-04,
          -3.9655884915818819e-03, -2.2008063923572093e-03,
          1.5153840459535853e-01, 1.6440335970660225e-03,
          1.4185382540228119e-05, 2.0892165159979775e-03,
          4.7739678978856387e-03, -4.7921098934865349e-03,
          -8.6744459791478854e-03, -8.1196065781254864e-03,
          -6.1673163570477949e-03, 1.6440335970660227e-03,
          4.9132776552560729e-02, -9.6147532627607248e-03,
          -1.1685245018959066e-02, 1.1096651636085465e-02,
          5.0551427582790267e-03, 4.1213485954658124e-03,
          3.5343393165033982e-03, 1.2697297473963849e-02,
          1.4185382540227540e-05, -9.6147532627607248e-03,
          3.5825012193033419e-02, -1.5356111125079791e-02,
          -1.0017551928393675e-01, 2.8240305927216738e-02,
          -2.1052467249836142e-03, 3.0275506584000089e-03,
          -1.3733511624230709e-02, 2.0892165159979775e-03,
          -1.1685245018959062e-02, -1.5356111125079791e-02,
          2.1138020326675466e-01 ]
   - !!opencv-matrix
      rows: 9
      cols: 9
      dt: d
      data: [ 7.0362450769240226e-01, 2.4782072445683426e-01,
          1.0284511920172675e-01, 3.3519821308819447e-02,
          6.1115391488944931e-02, 2.3231192322621056e-02,
          -4.7544089881506581e-02, 7.7297025188209217e-02,
          1.7639554378986861e-02, 2.4782072445683426e-01,
          4.1935754584572649e-01, 4.6546782516622781e-02,
          1.9425387513191283e-02, 3.4658506269977664e-02,
          1.6750132620105686e-02, -4.8488775316531139e-02,
          7.8564305190780281e-02, 1.5781362425282178e-02,
          1.0284511920172675e-01, 4.6546782516622781e-02,
          1.4631318162456489e-01, 3.5387087721318204e-02,
          3.2319257342923340e-02, 2.1562733758942201e-02,
          -1.0805147127051440e-02, 4.3936964640255032e-02,
          1.7320886797608809e-02, 3.3519821308819434e-02,
          1.9425387513191273e-02, 3.5387087721318204e-02,
          1.6977097680775788e-01, 5.0717735887618090e-02,
          8.1872139556838294e-03, -1.6323873295860755e-02,
          2.7042330441010797e-02, 6.7242614543341593e-03,
          6.1115391488944931e-02, 3.4658506269977664e-02,
          3.2319257342923347e-02, 5.0717735887618090e-02,
          5.1289843833792051e-02, -4.1166927858783952e-04,
