%YAML:1.0
---
groups:
   - intact
   - CD19
   - blast
intactGmmnames:
   - "intact.805.0"
   - "intact.805.1"
   - "intact.805.2"
   - "intact.805.3"
   - "intact.805.4"
intactLabels:
   - FSC-A
   - SSC-A
   - CD20
   - CD10
   - CD45
   - CD34
   - SYTO41
   - CD19
   - CD38
intactMu: !!opencv-matrix
   rows: 5
   cols: 9
   dt: d
   data: [ 1.0752972790577082e+00, 5.7687091627821108e-01,
       8.2555825484683920e-01, 1.0675076262770957e+00,
       3.2214104610082122e+00, 1.0130476260525925e+00,
       2.3982410673222767e+00, 1.6167282492545150e+00,
       2.5503269983460219e+00, 8.4938605882114859e-01,
       2.7803647199143822e-01, 7.9344849961070207e-01,
       8.6511046240049738e-01, 3.0299152722877634e+00,
       9.8932147987371610e-01, 2.4559614394705762e+00,
       1.4242256714421189e+00, 1.8848205658975836e+00,
       1.3055195874609147e+00, 1.6740382190172451e+00,
       1.0485864671170773e+00, 1.2690869990957314e+00,
       2.0838400274792663e+00, 1.1574308510137410e+00,
       2.4967752053836612e+00, 1.5046495743406121e+00,
       1.7329342633284759e+00, 1.0857092865111202e+00,
       4.1548527995462253e-01, 8.5032994377180093e-01,
       9.4814336770377494e-01, 3.1625225481772801e+00,
       1.0020338083746205e+00, 2.4197444241272423e+00,
       1.5283417356051741e+00, 1.8598851711381450e+00,
       6.4115094091335256e-01, 2.2348298985223805e-01,
       7.1914649262282748e-01, 8.0939517195263455e-01,
       2.9502734564359936e+00, 9.9643362385183254e-01,
       2.6890308317142968e+00, 1.3611115830656133e+00,
       1.8828515199522580e+00 ]
intactSigma:
   - !!opencv-matrix
      rows: 9
      cols: 9
      dt: d
      data: [ 1.3206999927032337e-01, 1.4478943221635687e-02,
          7.4593068769026778e-03, -1.9241017711531569e-02,
          7.2080307462511553e-03, -1.7817205018697308e-03,
          -4.7478926341745957e-03, 7.6796091155518385e-03,
          -4.9310064363512311e-03, 1.4478943221635687e-02,
          3.5933435874709846e-02, 9.9723088208508604e-03,
          -6.7491740569739674e-03, 5.6071314827824481e-03,
          -3.9330002028772893e-04, -8.1771647768715786e-04,
          7.3188165763471043e-03, 2.2792854061388423e-02,
          7.4593068769026778e-03, 9.9723088208508604e-03,
          2.2976544689749336e-02, -4.4285452442770342e-03,
          1.3620639796388960e-03, 1.8859415334945926e-04,
          -9.6181643926285670e-03, 3.8015052413185660e-03,
          8.0657755524379225e-03, -1.9241017711531565e-02,
          -6.7491740569739674e-03, -4.4285452442770325e-03,
          9.0363267659060775e-02, 2.3487881074744473e-02,
          1.2255873083565644e-03, -1.3999113041801489e-03,
          1.7326830844225354e-02, 2.7205390261793659e-02,
          7.2080307462511536e-03, 5.6071314827824473e-03,
          1.3620639796388960e-03, 2.3487881074744470e-02,
          2.9755647967950053e-02, 3.2064831697187885e-03,
          2.3308467894711427e-03, 2.3222106859125978e-02,
          6.8065665835251830e-03, -1.7817205018697301e-03,
          -3.9330002028772893e-04, 1.8859415334945918e-04,
          1.2255873083565649e-03, 3.2064831697187889e-03,
          1.3694478523277293e-01, -3.5320441561476723e-03,
          1.0951527296127631e-03, -2.4566493516702421e-04,
          -4.7478926341745975e-03, -8.1771647768715807e-04,
          -9.6181643926285670e-03, -1.3999113041801489e-03,
          2.3308467894711422e-03, -3.5320441561476775e-03,
          6.9041767162033071e-02, 4.4277877647722958e-04,
          -5.8639013233914598e-03, 7.6796091155518394e-03,
          7.3188165763471043e-03, 3.8015052413185669e-03,
          1.7326830844225354e-02, 2.3222106859125978e-02,
          1.0951527296127648e-03, 4.4277877647722980e-04,
          3.9283969697783541e-02, -1.2721953182451143e-04,
          -4.9310064363512329e-03, 2.2792854061388423e-02,
          8.0657755524379190e-03, 2.7205390261793659e-02,
          6.8065665835251830e-03, -2.4566493516702410e-04,
          -5.8639013233914607e-03, -1.2721953182451214e-04,
          1.7031181512313187e-01 ]
   - !!opencv-matrix
      rows: 9
      cols: 9
      dt: d
      data: [ 3.0045776042365708e-02, -1.0584772580018867e-03,
          -1.1029500049997264e-04, -2.5107127443802467e-03,
          1.0838719438402884e-03, -1.5558287661906805e-03,
          -5.5037453976408267e-04, -7.6729960083422573e-04,
          9.1798969002516008e-04, -1.0584772580018863e-03,
          5.2155907717223058e-03, 2.4818577474542362e-03,
          1.2572435741333031e-03, 2.2787609228871403e-03,
          3.8175699710387068e-04, 3.3645110280292674e-04,
          2.1069824339641149e-03, -2.0305857631387403e-03,
          -1.1029500049997268e-04, 2.4818577474542362e-03,
          2.0378387845081256e-02, -4.8131088010401933e-03,
          1.2957221816862726e-03, 3.6812202840363065e-04,
          -1.0080418062181275e-04, 1.4218359026008749e-03,
          -4.8723998079731115e-03, -2.5107127443802476e-03,
          1.2572435741333035e-03, -4.8131088010401933e-03,
          5.3798070212585938e-02, 3.9026573982306276e-03,
          -5.4940573712954780e-03, -1.1973405888230629e-03,
          3.3367999742166961e-03, 7.6992243982653896e-03,
          1.0838719438402880e-03, 2.2787609228871403e-03,
          1.2957221816862733e-03, 3.9026573982306276e-03,
          1.0766549870312765e-02, 1.5081934813162586e-04,
          -4.3107506268376768e-04, 5.1045441453999281e-03,
          2.4151045917791950e-03, -1.5558287661906805e-03,
          3.8175699710387085e-04, 3.6812202840363065e-04,
          -5.4940573712954780e-03, 1.5081934813162599e-04,
          9.3172565400836557e-02, 6.3170640519855429e-04,
          1.0574354811495610e-03, 4.9491152900116792e-03,
          -5.5037453976408246e-04, 3.3645110280292674e-04,
          -1.0080418062181273e-04, -1.1973405888230633e-03,
          -4.3107506268376785e-04, 6.3170640519855375e-04,
          9.9018706866006636e-03, -7.4888691376409763e-04,
          -8.0460140064514104e-04, -7.6729960083422595e-04,
          2.1069824339641145e-03, 1.4218359026008749e-03,
          3.3367999742166966e-03, 5.1045441453999299e-03,
          1.0574354811495603e-03, -7.4888691376409763e-04,
          2.3726905350698563e-02, -4.1762116783070242e-03,
          9.1798969002516008e-04, -2.0305857631387398e-03,
          -4.8723998079731124e-03, 7.6992243982653922e-03,
          2.4151045917791946e-03, 4.9491152900116792e-03,
          -8.0460140064514071e-04, -4.1762116783070251e-03,
          8.1832382064552692e-02 ]
   - !!opencv-matrix
      rows: 9
      cols: 9
      dt: d
      data: [ 5.0960374242275297e-01, 4.0587097293123953e-01,
          4.1584103411379997e-02, 8.5791357228075682e-02,
          7.3978997639624788e-02, 2.9798290626198574e-02,
          1.5390620235296986e-02, 5.8563687495109991e-02,
          7.3051888759837966e-02, 4.0587097293123953e-01,
          1.1820027709367109e+00, 1.0760761832739096e-01,
          2.4212328268656744e-01, 1.9871728988535708e-01,
          -6.8972661845243767e-03, 1.1853877536636293e-01,
          1.9509122892927028e-01, 8.2254816927371063e-02,
          4.1584103411379997e-02, 1.0760761832739096e-01,
          1.7148089563731775e-01, 9.5181795284513496e-02,
          6.6574584025672248e-02, 3.7178193162331646e-02,
          1.6515995199376729e-02, 1.0180510233318278e-01,
          9.9171763650602554e-02, 8.5791357228075682e-02,
          2.4212328268656744e-01, 9.5181795284513496e-02,
          3.0214456631272912e-01, 8.2884428527602000e-02,
          2.6411520691419926e-02, 2.4835488650516012e-02,
          9.0526300796735959e-02, 9.7358065416304568e-02,
          7.3978997639624788e-02, 1.9871728988535708e-01,
          6.6574584025672248e-02, 8.2884428527602000e-02,
          3.6450306340797123e-01, 6.6771702455353618e-02,
