%YAML:1.0
---
groups:
   - intact
   - CD19
intactGmmnames:
   - "intact.811.0"
   - "intact.811.1"
   - "intact.811.2"
   - "intact.811.3"
   - "intact.811.4"
intactLabels:
   - FSC-A
   - SSC-A
   - CD20
   - CD10
   - CD45
   - CD34
   - SYTO41
   - CD19
   - CD38
intactMu: !!opencv-matrix
   rows: 5
   cols: 9
   dt: d
   data: [ 1.1467229644879999e+00, 4.2713992768619713e-01,
       8.1448580672539317e-01, 8.4265773063765292e-01,
       3.2200877528257652e+00, 1.0021394501559679e+00,
       1.9368346573234785e+00, 1.6465543274757111e+00,
       2.1500842144630941e+00, 2.1364144299018690e+00,
       2.9141883219076337e+00, 8.9125369984396741e-01,
       2.3986888379744826e+00, 2.5046571822781027e+00,
       1.0705903401301451e+00, 1.9774142881680683e+00,
       1.8046856442770594e+00, 1.8439772195559267e+00,
       2.2428900551653350e+00, 2.1469222360342823e+00,
       1.0492148460670276e+00, 1.2884256337564171e+00,
       2.5200582949631918e+00, 1.1893200660863938e+00,
       2.0273211053142024e+00, 1.7610039155172394e+00,
       2.1822981608887160e+00, 1.7984751463900179e+00,
       2.0801924877392408e+00, 8.4680113756380804e-01,
       1.3447788139806378e+00, 1.4606975342279096e+00,
       1.0530374960782449e+00, 1.4433548974948274e+00,
       1.5501907772202901e+00, 1.1994906375611498e+00,
       7.5961153376299650e-01, 3.6811954042129558e-01,
       7.3689431626509827e-01, 8.9034232387836054e-01,
       1.1199772265268437e+00, 1.0734060544248687e+00,
       2.0281529379878078e+00, 9.7696382850891794e-01,
       1.2193376220258876e+00 ]
intactSigma:
   - !!opencv-matrix
      rows: 9
      cols: 9
      dt: d
      data: [ 1.1536241622952206e-01, 1.8694237822175525e-02,
          4.3896647579695003e-03, 3.5308811115194468e-04,
          1.6809365208670452e-02, -2.6629191883551649e-03,
          -6.6741718627876673e-02, 2.0167822972389258e-02,
          1.5749584968878454e-02, 1.8694237822175525e-02,
          1.6343905256825501e-02, 7.0222500112359252e-03,
          1.6212301510711107e-03, 7.6918562528746860e-03,
          9.7652055245965022e-04, -2.6479926533208669e-02,
          1.1351464142705619e-02, 6.0392007092143745e-03,
          4.3896647579695003e-03, 7.0222500112359252e-03,
          5.0323511598593669e-02, -3.2959202856758440e-03,
          4.1327412603940983e-03, -1.3678863876619603e-03,
          -9.6712092430404940e-03, 7.0552051054318310e-03,
          -8.2498656881155232e-03, 3.5308811115194441e-04,
          1.6212301510711105e-03, -3.2959202856758432e-03,
          3.0018108977589601e-02, 1.0588718677653894e-03,
          -2.4611317286023617e-03, -3.2753791382845432e-03,
          2.0354703761209674e-03, -5.2181921317573680e-03,
          1.6809365208670456e-02, 7.6918562528746860e-03,
          4.1327412603940983e-03, 1.0588718677653896e-03,
          1.6699458005410554e-02, 8.3362275059525675e-04,
          -2.3844940957395318e-02, 1.7172293176760115e-02,
          -5.4387693570939295e-03, -2.6629191883551649e-03,
          9.7652055245964968e-04, -1.3678863876619605e-03,
          -2.4611317286023617e-03, 8.3362275059525610e-04,
          1.1536682838031653e-01, 3.1828064344880517e-03,
          1.9221288938207281e-03, 5.9295101786011415e-03,
          -6.6741718627876673e-02, -2.6479926533208666e-02,
          -9.6712092430404958e-03, -3.2753791382845437e-03,
          -2.3844940957395321e-02, 3.1828064344880521e-03,
          1.6585124591280384e-01, -2.9686102486762737e-02,
          -1.6386136228983991e-02, 2.0167822972389261e-02,
          1.1351464142705622e-02, 7.0552051054318301e-03,
          2.0354703761209666e-03, 1.7172293176760119e-02,
          1.9221288938207281e-03, -2.9686102486762733e-02,
          5.4195733312695886e-02, -1.0046158720604615e-02,
          1.5749584968878454e-02, 6.0392007092143736e-03,
          -8.2498656881155232e-03, -5.2181921317573689e-03,
          -5.4387693570939312e-03, 5.9295101786011424e-03,
          -1.6386136228983987e-02, -1.0046158720604619e-02,
          1.6845929279773814e-01 ]
   - !!opencv-matrix
      rows: 9
      cols: 9
      dt: d
      data: [ 4.4956287711427417e-01, 1.9319432979199741e-01,
          3.1799180513148291e-02, -9.7627061899942125e-03,
          -2.8126937190821365e-03, 1.2845002065848194e-03,
          -6.6716162824038097e-02, 3.5553855299178101e-02,
          2.2515166951780751e-02, 1.9319432979199744e-01,
          3.5127619967443402e-01, 4.2433206228322959e-02,
          4.6896127585984451e-02, 2.2462343396335571e-02,
          4.8479449770125194e-03, -5.4519667118582242e-02,
          6.4910624719850110e-02, 3.1725986325779637e-02,
          3.1799180513148284e-02, 4.2433206228322959e-02,
          5.3023431451651441e-02, 7.9018742244241387e-03,
          3.5781017999362628e-03, 1.0402598579094958e-03,
          -1.4700024036896535e-02, 9.3120510250680553e-03,
          3.8360620576911599e-03, -9.7627061899942125e-03,
          4.6896127585984451e-02, 7.9018742244241404e-03,
          7.3437713487924203e-02, 2.4169279146354843e-02,
          4.1829960343489599e-03, -1.2712746851845782e-02,
          1.4096324005731868e-02, 1.2729529854858862e-03,
          -2.8126937190821330e-03, 2.2462343396335564e-02,
          3.5781017999362646e-03, 2.4169279146354843e-02,
          3.6478457203270045e-02, 3.2744347966429427e-03,
          -6.4883553255017448e-03, 1.0480192225345398e-02,
          6.0149329665367096e-04, 1.2845002065848200e-03,
          4.8479449770125194e-03, 1.0402598579094958e-03,
          4.1829960343489616e-03, 3.2744347966429427e-03,
          6.0275059690944023e-02, -5.4812208162376380e-04,
          2.2173051722602860e-03, 3.4551367280763190e-03,
          -6.6716162824038097e-02, -5.4519667118582242e-02,
          -1.4700024036896530e-02, -1.2712746851845780e-02,
          -6.4883553255017483e-03, -5.4812208162376326e-04,
          1.3989627124510298e-01, -1.4501317188006433e-02,
          -2.9648754622104432e-03, 3.5553855299178087e-02,
          6.4910624719850110e-02, 9.3120510250680553e-03,
          1.4096324005731870e-02, 1.0480192225345398e-02,
          2.2173051722602869e-03, -1.4501317188006433e-02,
          3.5629746321939250e-02, 5.0958241580619484e-05,
          2.2515166951780758e-02, 3.1725986325779644e-02,
          3.8360620576911612e-03, 1.2729529854858866e-03,
          6.0149329665367009e-04, 3.4551367280763207e-03,
          -2.9648754622104440e-03, 5.0958241580619708e-05,
          6.5538341127834340e-02 ]
   - !!opencv-matrix
      rows: 9
      cols: 9
      dt: d
      data: [ 8.8046793708919247e-01, 4.9002826663236004e-01,
          1.7068853789072705e-02, 6.7404278560860592e-02,
          3.6650650680806218e-03, -5.7963377864062075e-02,
          -2.8629643646933489e-02, 7.5927807160232771e-02,
          -1.3310710663770719e-02, 4.9002826663236004e-01,
          7.9658118362685826e-01, 6.6947908028308870e-02,
          1.7263271665766858e-01, -4.7353603328820437e-02,
          -3.5229175820841292e-02, -2.4900315886944361e-02,
          1.2038426547109891e-01, -4.4792525722193513e-02,
          1.7068853789072705e-02, 6.6947908028308870e-02,
          1.8799659758448384e-01, 6.9219200454651741e-02,
          3.1382192486481914e-02, 2.4024481049651734e-02,
          4.5748851915794461e-02, 9.4325005590392891e-02,
          1.3671877717506904e-02, 6.7404278560860592e-02,
          1.7263271665766858e-01, 6.9219200454651741e-02,
          2.3445380052579720e-01, -6.8988303440911704e-03,
          3.4546464307340834e-03, 3.3044201551594397e-02,
          6.2184529006193416e-02, -3.7774674684020258e-02,
          3.6650650680806166e-03, -4.7353603328820486e-02,
          3.1382192486481914e-02, -6.8988303440911660e-03,
          2.8397201823218188e-01, 1.9439253614710810e-02,
          1.7089651919722195e-02, 7.1305680111493727e-02,
