%YAML:1.0
---
groups:
   - intact
   - CD19
   - blast
intactGmmnames:
   - "intact.812.0"
   - "intact.812.1"
   - "intact.812.2"
   - "intact.812.3"
   - "intact.812.4"
intactLabels:
   - FSC-A
   - SSC-A
   - CD20
   - CD10
   - CD45
   - CD34
   - SYTO41
   - CD19
   - CD38
intactMu: !!opencv-matrix
   rows: 5
   cols: 9
   dt: d
   data: [ 8.2067363774619395e-01, 4.1216340298083975e-01,
       7.8667393073648850e-01, 9.6661669690275276e-01,
       1.3925754438321596e+00, 1.0832225723544584e+00,
       2.6204190485080132e+00, 1.1738379524482456e+00,
       1.3202080273930712e+00, 1.4072259906891855e+00,
       3.3026318765030749e-01, 7.9279531695232841e-01,
       8.7170070322753423e-01, 3.2881014617269426e+00,
       1.0622182252897130e+00, 2.4871287325269442e+00,
       1.5631945640496161e+00, 2.0795751964832090e+00,
       1.9488417863063658e+00, 1.7736529406694292e+00,
       1.1504052482963523e+00, 1.3991189682751954e+00,
       2.7289249891178775e+00, 1.3611571557327020e+00,
       2.5363869222889472e+00, 1.6838914134619702e+00,
       2.0023814896599457e+00, 9.0692160791472187e-01,
       2.6436935259084526e-01, 7.7327069240414903e-01,
       8.5269498191597803e-01, 3.2250776300225916e+00,
       1.0518006972084775e+00, 2.5075205977751067e+00,
       1.4976078433661424e+00, 2.0067816189214054e+00,
       2.0958099838139059e+00, 1.0382253257840548e+00,
       7.4842663708109169e-01, 8.7150911684919730e-01,
       1.3282800162570247e+00, 1.0987843898125433e+00,
       1.6758886294801314e+00, 1.3206526876091687e+00,
       1.1845506453392884e+00 ]
intactSigma:
   - !!opencv-matrix
      rows: 9
      cols: 9
      dt: d
      data: [ 5.1314635907992810e-02, 2.7594576824865307e-02,
          8.6887594598555884e-03, 1.0108729106260209e-02,
          5.8331733061392421e-03, 7.0408771265098417e-03,
          4.8132932622694568e-03, 7.8023675783723710e-03,
          8.2838289904106632e-03, 2.7594576824865307e-02,
          4.0961387816040674e-02, 1.3422448694445891e-02,
          1.3564839995881135e-02, 1.0129401992447455e-02,
          6.9246336548827048e-03, 1.6557330572584482e-02,
          1.1814847268407005e-02, 1.0423058873639023e-02,
          8.6887594598555901e-03, 1.3422448694445891e-02,
          4.2731206353879975e-02, 2.3326827953496147e-03,
          3.7555700898657400e-03, 2.9861369185986246e-04,
          -1.7224079514345667e-02, 8.2713431875157985e-03,
          2.3106154401575868e-03, 1.0108729106260209e-02,
          1.3564839995881131e-02, 2.3326827953496138e-03,
          7.0059681118233866e-02, 8.7124862101288277e-03,
          4.9886238793279180e-03, -1.5436530405691689e-02,
          9.8139278289328443e-03, 6.1798784935954672e-03,
          5.8331733061392430e-03, 1.0129401992447455e-02,
          3.7555700898657400e-03, 8.7124862101288277e-03,
          1.6906431131386172e-02, 4.6998572821123933e-03,
          4.2682448712466764e-03, 3.2077629401409515e-03,
          9.2590331502023868e-03, 7.0408771265098417e-03,
          6.9246336548827048e-03, 2.9861369185986197e-04,
          4.9886238793279180e-03, 4.6998572821123951e-03,
          3.7226143178883703e-02, 3.5616669869443941e-03,
          2.3868813530465325e-03, 6.4628045198012948e-03,
          4.8132932622694559e-03, 1.6557330572584485e-02,
          -1.7224079514345667e-02, -1.5436530405691685e-02,
          4.2682448712466755e-03, 3.5616669869443941e-03,
          1.5490386372301887e-01, -1.3481697320972003e-02,
          1.3491257031138149e-02, 7.8023675783723710e-03,
          1.1814847268407003e-02, 8.2713431875157967e-03,
          9.8139278289328426e-03, 3.2077629401409519e-03,
          2.3868813530465334e-03, -1.3481697320972003e-02,
          2.1720432301039018e-02, -1.7639962861245155e-03,
          8.2838289904106632e-03, 1.0423058873639023e-02,
          2.3106154401575868e-03, 6.1798784935954672e-03,
          9.2590331502023851e-03, 6.4628045198012948e-03,
          1.3491257031138149e-02, -1.7639962861245155e-03,
          2.6993548191481906e-02 ]
   - !!opencv-matrix
      rows: 9
      cols: 9
      dt: d
      data: [ 6.6778324405531470e-02, -6.2704293987584994e-03,
          1.2331560353340063e-03, -3.7401487904885535e-03,
          -4.0986364016432726e-03, 4.7742527796991555e-04,
          -2.5916032637024978e-03, -5.5263014283214503e-03,
          -8.9782706828319490e-03, -6.2704293987584994e-03,
          1.6477243373917278e-02, 5.7608857633808588e-03,
          4.7604938150709571e-03, 5.1626783599263608e-03,
          1.6321510143105517e-03, -3.4551828882944100e-04,
          7.6102317096744610e-03, 7.9927567442498199e-03,
          1.2331560353340063e-03, 5.7608857633808588e-03,
          3.9196100744779645e-02, -3.0800049199167278e-03,
          1.8238737417029455e-03, -1.1006366884767067e-03,
          -7.7017651215489534e-03, 4.0492762790723009e-03,
          -3.0539739047425554e-03, -3.7401487904885535e-03,
          4.7604938150709562e-03, -3.0800049199167273e-03,
          4.4814753589238289e-02, 1.0899435181401097e-03,
          -4.8979106545505319e-03, -7.0384090155720313e-03,
          2.8429469901350563e-03, 1.6576531304441249e-03,
          -4.0986364016432734e-03, 5.1626783599263608e-03,
          1.8238737417029453e-03, 1.0899435181401101e-03,
          1.0597035968818483e-02, 7.0328919163389415e-04,
          -1.3615943268343298e-04, 7.7134937837807192e-03,
          8.2035491628805728e-03, 4.7742527796991533e-04,
          1.6321510143105517e-03, -1.1006366884767063e-03,
          -4.8979106545505319e-03, 7.0328919163389425e-04,
          1.2159156384980987e-01, -2.7346921223885288e-04,
          5.3230171385576725e-04, 4.3115835138814026e-03,
          -2.5916032637024965e-03, -3.4551828882944041e-04,
          -7.7017651215489534e-03, -7.0384090155720331e-03,
          -1.3615943268343304e-04, -2.7346921223885332e-04,
          6.5191075076487956e-02, -2.3439910012187952e-03,
          -3.9618543412238008e-03, -5.5263014283214520e-03,
          7.6102317096744610e-03, 4.0492762790723009e-03,
          2.8429469901350563e-03, 7.7134937837807210e-03,
          5.3230171385576801e-04, -2.3439910012187952e-03,
          3.0581174316616166e-02, 3.1361210133765104e-03,
          -8.9782706828319490e-03, 7.9927567442498217e-03,
          -3.0539739047425571e-03, 1.6576531304441245e-03,
          8.2035491628805763e-03, 4.3115835138814017e-03,
          -3.9618543412237991e-03, 3.1361210133765117e-03,
          9.7694696111801135e-02 ]
   - !!opencv-matrix
      rows: 9
      cols: 9
      dt: d
      data: [ 7.2341708698843132e-01, 1.0553815029974872e-01,
          -2.5654785630161128e-02, -6.6317910713710460e-02,
          7.0475524405361076e-02, -1.1891892937536012e-02,
          -2.8525278537703955e-02, 3.1580777104597897e-02,
          9.2323291561972540e-02, 1.0553815029974872e-01,
          1.0902751428654522e+00, 4.0245800267893012e-02,
          2.3436264801947632e-01, 3.7988759350946456e-02,
          5.0971149431608909e-02, 4.2825390986890914e-02,
          1.0546509332640017e-01, -1.1250731084589469e-01,
          -2.5654785630161134e-02, 4.0245800267893012e-02,
          1.9320219656626678e-01, 8.3944244863854087e-02,
          8.9132325503690022e-03, 1.3448980443111262e-02,
          4.9201728593486326e-03, 5.8090608450397728e-02,
          -1.8555741014911108e-02, -6.6317910713710460e-02,
          2.3436264801947632e-01, 8.3944244863854087e-02,
          3.2867463302081318e-01, 4.3838732291695284e-02,
          9.4294077285786582e-03, 6.0625543268379919e-03,
          3.9999723431488103e-02, -4.8830003537261538e-02,
          7.0475524405361090e-02, 3.7988759350946442e-02,
          8.9132325503689953e-03, 4.3838732291695284e-02,
          3.8177328606180072e-01, -6.2242556713698660e-02,
          1.9247184587403612e-02, 8.6472843874405361e-02,
