%YAML:1.0
---
groups:
   - intact
   - CD19
   - blast
intactGmmnames:
   - "intact.Bln083.0"
   - "intact.Bln083.1"
   - "intact.Bln083.2"
   - "intact.Bln083.3"
   - "intact.Bln083.4"
intactLabels:
   - FSC-A
   - SSC-A
   - CD20
   - CD10
   - CD45
   - CD34
   - SYTO41
   - CD19
   - CD38
intactMu: !!opencv-matrix
   rows: 5
   cols: 9
   dt: d
   data: [ 9.8153728068039947e-01, 2.2309794195818319e-01,
       1.1840377854759572e+00, 8.5450036143685759e-01,
       2.2370065776766705e+00, 8.8338603810089100e-01,
       2.1538702945163108e+00, 7.2399590280455528e-01,
       2.4643379365841014e+00, 2.8056784658117708e+00,
       1.6988297471029838e+00, 1.5358210128043690e+00,
       1.7323033581422296e+00, 2.1616048311437308e+00,
       1.4101185115679178e+00, 2.1873350082651553e+00,
       9.4496234263108314e-01, 2.4634796763193747e+00,
       1.3014308938425343e+00, 3.2905951022689922e-01,
       9.7070059731939717e-01, 8.6878149741714883e-01,
       2.2846750743913331e+00, 7.6106421312455796e-01,
       2.0940808270473505e+00, 6.8507144722187585e-01,
       1.4386997644200279e+00, 1.4668137808836865e+00,
       4.0327289402098476e-01, 1.4869791987968113e+00,
       8.8899950701393637e-01, 2.3731809522381750e+00,
       9.4329253608117936e-01, 2.1709462779943074e+00,
       6.9633926741970409e-01, 2.8730923529763390e+00,
       1.2985827353845136e+00, 5.3922648273730844e-01,
       9.5239411466644686e-01, 1.0688141439371028e+00,
       9.9835500244677167e-01, 1.1259869670816065e+00,
       2.2848782976373649e+00, 7.2294918224939797e-01,
       1.6387071515449956e+00 ]
intactSigma:
   - !!opencv-matrix
      rows: 9
      cols: 9
      dt: d
      data: [ 3.9870372561694727e-02, 8.3698392955603460e-04,
          -1.6630740478499025e-03, -2.2727637965077932e-04,
          3.5271117697243705e-03, -1.0627911425623674e-02,
          -6.8614660537771608e-03, -1.7250479656585596e-03,
          -8.0758573145505862e-04, 8.3698392955603470e-04,
          2.1414409286824791e-03, -1.6694787369300828e-03,
          1.0745735423250916e-03, 1.9673309457504018e-03,
          2.5522467318418434e-03, 1.2728689056753593e-03,
          1.4502303322772568e-03, -4.7103860543061199e-03,
          -1.6630740478499025e-03, -1.6694787369300828e-03,
          7.1727454713038333e-02, -1.5266382426080893e-03,
          -1.6601386032746494e-03, 7.4243862590587552e-04,
          1.9294539712281606e-03, -1.3824722450439351e-03,
          7.3331302972848386e-02, -2.2727637965077934e-04,
          1.0745735423250916e-03, -1.5266382426080897e-03,
          9.9538003432203016e-03, 1.4705743571471175e-03,
          1.1972920573373202e-03, 1.3074824270647701e-03,
          8.5192802069061389e-04, -4.5248861456162314e-03,
          3.5271117697243696e-03, 1.9673309457504009e-03,
          -1.6601386032746492e-03, 1.4705743571471171e-03,
          1.1398882366717343e-02, 2.9326228242570950e-03,
          4.1751345504794915e-03, 1.7092743980681305e-03,
          -5.0003534144449002e-03, -1.0627911425623674e-02,
          2.5522467318418434e-03, 7.4243862590587574e-04,
          1.1972920573373202e-03, 2.9326228242570955e-03,
          3.8783595258105409e-02, 9.7890750108761970e-03,
          -3.0931162643267366e-03, -6.6904238431625700e-04,
          -6.8614660537771608e-03, 1.2728689056753588e-03,
          1.9294539712281602e-03, 1.3074824270647701e-03,
          4.1751345504794906e-03, 9.7890750108761953e-03,
          2.8839437035247075e-02, 5.0273586827291406e-03,
          -2.8072778499675360e-03, -1.7250479656585585e-03,
          1.4502303322772570e-03, -1.3824722450439355e-03,
          8.5192802069061389e-04, 1.7092743980681301e-03,
          -3.0931162643267379e-03, 5.0273586827291406e-03,
          7.1637899767746774e-02, -4.1950667375463104e-03,
          -8.0758573145505743e-04, -4.7103860543061199e-03,
          7.3331302972848386e-02, -4.5248861456162314e-03,
          -5.0003534144449002e-03, -6.6904238431625700e-04,
          -2.8072778499675368e-03, -4.1950667375463113e-03,
          1.4119302983300538e-01 ]
   - !!opencv-matrix
      rows: 9
      cols: 9
      dt: d
      data: [ 1.1495359349249326e+00, 8.4003817597094221e-01,
          -1.2165082848763535e-01, 2.7046607822937002e-01,
          1.6693543322368994e-02, 4.0169068954179252e-02,
          1.0059961734292622e-01, 5.1555916595398522e-02,
          9.9006575783532683e-02, 8.4003817597094221e-01,
          1.3035164161940169e+00, -1.0050427301639997e-01,
          5.2477449878360705e-01, -6.9998158609162503e-02,
          6.3881506843525282e-02, 2.6339587963335007e-02,
          8.0902501897826426e-02, 1.2706101912512974e-01,
          -1.2165082848763535e-01, -1.0050427301639997e-01,
          4.2687739085936044e-01, -3.1707336935208628e-02,
          3.7185770976298917e-02, 3.5018724905241938e-02,
          -5.8939111209101933e-03, 1.1675839250186056e-02,
          1.0626677584965666e-01, 2.7046607822937002e-01,
          5.2477449878360705e-01, -3.1707336935208628e-02,
          4.6706074551324278e-01, -2.5066754652631158e-02,
          2.5018036142022495e-02, -1.1335647976488464e-02,
          3.4025037588546969e-02, 2.3702213622346202e-02,
          1.6693543322368994e-02, -6.9998158609162503e-02,
          3.7185770976298924e-02, -2.5066754652631165e-02,
          1.0948700640296090e-01, 6.4350192875571172e-03,
          2.2660165944519698e-02, 6.8272822363634276e-03,
          3.0178569680578481e-02, 4.0169068954179252e-02,
          6.3881506843525268e-02, 3.5018724905241938e-02,
          2.5018036142022491e-02, 6.4350192875571163e-03,
          2.5459255416419457e-01, 2.4819186462906897e-02,
          3.2686889287724993e-02, 1.0948300033686892e-01,
          1.0059961734292623e-01, 2.6339587963335000e-02,
          -5.8939111209101933e-03, -1.1335647976488469e-02,
          2.2660165944519698e-02, 2.4819186462906897e-02,
          1.0212504056851437e-01, 1.9672109482594263e-02,
          3.7332910763723588e-02, 5.1555916595398522e-02,
          8.0902501897826426e-02, 1.1675839250186063e-02,
          3.4025037588546976e-02, 6.8272822363634267e-03,
          3.2686889287725000e-02, 1.9672109482594263e-02,
          3.3380351185601304e-01, 3.6949010460161164e-02,
          9.9006575783532655e-02, 1.2706101912512971e-01,
          1.0626677584965666e-01, 2.3702213622346202e-02,
          3.0178569680578481e-02, 1.0948300033686892e-01,
          3.7332910763723588e-02, 3.6949010460161164e-02,
          3.2132652588604310e-01 ]
   - !!opencv-matrix
      rows: 9
      cols: 9
      dt: d
      data: [ 8.9265470425492779e-02, 5.1088638815642400e-03,
          -1.7047991341155672e-02, 9.4615541619449224e-04,
          1.1490723635345347e-02, -1.7419394338957481e-02,
          1.8868683744864008e-02, 9.4431935184663819e-04,
          -1.7777036898140253e-02, 5.1088638815642400e-03,
          9.2607593257877530e-03, -1.8661621507841035e-03,
          1.4713162476457813e-03, 4.5089049815446314e-03,
          -2.2457338246824874e-03, 7.1568521633069340e-03,
          1.9244666543864449e-03, -6.3309628395488845e-04,
          -1.7047991341155672e-02, -1.8661621507841035e-03,
          1.5288313407415516e-01, 1.3813727954529896e-02,
          7.4963960270754363e-03, 1.9289585452602623e-02,
          -1.5578899937786928e-02, -2.9155525088356105e-02,
          -6.5849738484851705e-02, 9.4615541619449137e-04,
          1.4713162476457816e-03, 1.3813727954529896e-02,
          1.7728401030094449e-02, 2.9841451965702957e-03,
          2.1964404275096501e-03, 1.4489185054168568e-03,
          -4.3702620468975975e-03, -1.9043262913463428e-02,
          1.1490723635345347e-02, 4.5089049815446322e-03,
          7.4963960270754372e-03, 2.9841451965702962e-03,
          3.1054076685712851e-02, 4.2978617974015769e-04,
