%YAML:1.0
---
groups:
   - intact
   - CD19
intactGmmnames:
   - "intact.Bln060.0"
   - "intact.Bln060.1"
   - "intact.Bln060.2"
   - "intact.Bln060.3"
   - "intact.Bln060.4"
intactLabels:
   - FSC-A
   - SSC-A
   - CD20
   - CD10
   - CD45
   - CD34
   - SYTO41
   - CD19
   - CD38
intactMu: !!opencv-matrix
   rows: 5
   cols: 9
   dt: d
   data: [ 2.2008922954752759e+00, 2.5398929556062302e+00,
       1.0264832299488478e+00, 2.6226219874909984e+00,
       2.0809205476953374e+00, 1.0328215852004949e+00,
       2.7709384965142663e+00, 9.2895288058302039e-01,
       2.1560406550400808e+00, 5.9421447923517356e-01,
       3.7685413990362143e-01, 8.0533352478710774e-01,
       9.0623291117849269e-01, 6.3415636809217901e-01,
       1.0367806816857716e+00, 3.1637690673709851e+00,
       7.0311720615180950e-01, 1.2046935177426470e+00,
       7.9044104841434748e-01, 3.3673220754872540e-01,
       8.2014486312059032e-01, 8.9140731918681904e-01,
       2.7500474441272096e+00, 8.2226459864521173e-01,
       2.8240216545767254e+00, 7.4944233629610202e-01,
       2.2595055844113077e+00, 8.1750674349453667e-01,
       2.8769124322310724e-01, 1.0584155614155226e+00,
       1.0937885325437453e+00, 2.5472793426714189e+00,
       8.0681598337776872e-01, 2.9824107680715843e+00,
       8.3728327996342999e-01, 1.6977332117711308e+00,
       1.8961647128036532e+00, 1.3617284186783654e+00,
       9.5104684937852990e-01, 1.1845042334050542e+00,
       2.0558458149317405e+00, 1.1574812456439432e+00,
       2.8000762462506592e+00, 8.6637164283541745e-01,
       2.3259267775470613e+00 ]
intactSigma:
   - !!opencv-matrix
      rows: 9
      cols: 9
      dt: d
      data: [ 4.8640892797741142e-01, 2.8834890098389310e-01,
          3.2843028060770538e-02, 6.9321433347773964e-02,
          1.2038883364477701e-01, 5.2649463420641182e-02,
          -4.2244004624387425e-02, 2.0719581406877921e-02,
          7.4024180828498695e-02, 2.8834890098389310e-01,
          4.2765357033549523e-01, 3.4647432123069796e-02,
          5.6450104505658773e-02, 8.6324228277661036e-02,
          6.5815680228531792e-02, -2.5406012477330354e-02,
          2.5944678163518684e-02, 8.5058391232652381e-02,
          3.2843028060770538e-02, 3.4647432123069796e-02,
          6.7153680970525820e-02, 1.8455266356584007e-02,
          1.8454014164698749e-02, 8.3747728884428618e-03,
          8.6683476182844079e-03, 6.3655821229387597e-03,
          1.0139735850363721e-02, 6.9321433347773978e-02,
          5.6450104505658787e-02, 1.8455266356584014e-02,
          1.6292343141908083e-01, 1.3642069091457720e-01,
          9.2910843076868324e-03, -1.3238025277760964e-02,
          3.4127355750752479e-02, 3.0824871137784312e-02,
          1.2038883364477702e-01, 8.6324228277661064e-02,
          1.8454014164698749e-02, 1.3642069091457720e-01,
          1.8750369405011622e-01, 1.8398534339551870e-02,
          -3.2801286027129138e-02, 3.1880248367733219e-02,
          4.9636282404128255e-02, 5.2649463420641182e-02,
          6.5815680228531806e-02, 8.3747728884428600e-03,
          9.2910843076868324e-03, 1.8398534339551867e-02,
          1.4667672001102508e-01, 1.0552691937229018e-02,
          -1.4954190100550116e-02, 2.5031007839960314e-02,
          -4.2244004624387418e-02, -2.5406012477330365e-02,
          8.6683476182844062e-03, -1.3238025277760959e-02,
          -3.2801286027129138e-02, 1.0552691937229023e-02,
          8.4883201413639142e-02, 1.0344063026657654e-03,
          -4.6138326563655487e-03, 2.0719581406877921e-02,
          2.5944678163518684e-02, 6.3655821229387597e-03,
          3.4127355750752479e-02, 3.1880248367733219e-02,
          -1.4954190100550114e-02, 1.0344063026657656e-03,
          1.3233072053905209e-01, 1.4199743038681323e-02,
          7.4024180828498667e-02, 8.5058391232652381e-02,
          1.0139735850363721e-02, 3.0824871137784322e-02,
          4.9636282404128255e-02, 2.5031007839960321e-02,
          -4.6138326563655487e-03, 1.4199743038681323e-02,
          7.6359810208854406e-02 ]
   - !!opencv-matrix
      rows: 9
      cols: 9
      dt: d
      data: [ 8.0132091288138030e-02, 2.5475554427232882e-02,
          2.2559956248628960e-03, 3.6836069043642929e-03,
          1.5029114510818023e-02, 8.0229382042653653e-03,
          -1.1849965234432321e-02, 1.7155498360683053e-03,
          4.6571819095497888e-02, 2.5475554427232882e-02,
          2.2910046081416294e-02, 2.9189695467705572e-03,
          4.5767349650797989e-03, -9.6964946470643101e-03,
          1.6668394699711677e-02, 1.5624253349191607e-02,
          1.2847073024316120e-03, 3.8411191084343363e-02,
          2.2559956248628947e-03, 2.9189695467705568e-03,
          4.0832324585007997e-02, 1.3967537709969936e-03,
          -6.0695693483336184e-03, 2.6403927388147920e-03,
          6.0704336417328145e-03, -7.8575354135890993e-03,
          -9.7014742398725240e-04, 3.6836069043642925e-03,
          4.5767349650797989e-03, 1.3967537709969938e-03,
          1.7156865731836456e-02, -6.9145170192823537e-03,
          5.2889154247782568e-03, 5.6781083422345916e-03,
          1.9342058426839784e-03, 9.6727882700873360e-03,
          1.5029114510818023e-02, -9.6964946470643118e-03,
          -6.0695693483336166e-03, -6.9145170192823529e-03,
          8.0803440426921877e-02, -3.2089140113328349e-02,
          -6.3706075361826361e-02, -5.7701347331343264e-03,
          -6.6787965361901009e-03, 8.0229382042653653e-03,
          1.6668394699711677e-02, 2.6403927388147924e-03,
          5.2889154247782568e-03, -3.2089140113328349e-02,
          6.7451550611634506e-02, 3.6182400652992795e-02,
          -9.4024726637354263e-03, 2.9560728119676024e-02,
          -1.1849965234432320e-02, 1.5624253349191604e-02,
          6.0704336417328154e-03, 5.6781083422345916e-03,
          -6.3706075361826361e-02, 3.6182400652992802e-02,
          7.8425105305006820e-02, 3.8860122966871535e-03,
          2.3996193984501205e-02, 1.7155498360683053e-03,
          1.2847073024316107e-03, -7.8575354135890993e-03,
          1.9342058426839784e-03, -5.7701347331343272e-03,
          -9.4024726637354263e-03, 3.8860122966871535e-03,
          8.2756513994529407e-02, 1.5371379059175702e-03,
          4.6571819095497888e-02, 3.8411191084343363e-02,
          -9.7014742398725273e-04, 9.6727882700873413e-03,
          -6.6787965361901009e-03, 2.9560728119676024e-02,
          2.3996193984501205e-02, 1.5371379059175704e-03,
          3.2627938453138378e-01 ]
   - !!opencv-matrix
      rows: 9
      cols: 9
      dt: d
      data: [ 1.1721203230207786e-01, 2.2173536364986937e-02,
          -2.1694923421557384e-02, -3.7637434351318871e-03,
          3.0761072150349480e-02, -1.7956552081710063e-02,
          -6.8446973988533069e-02, -5.3443653585014189e-03,
          -4.5188193546425753e-02, 2.2173536364986937e-02,
          1.0085136852086242e-02, -4.4006624678952751e-03,
          1.0949962852501706e-04, 1.0311919437129124e-02,
          -1.0401325696026593e-03, -1.3185020369223921e-02,
          2.7395185993813950e-04, -8.2171782174832939e-03,
          -2.1694923421557384e-02, -4.4006624678952751e-03,
          1.1990720514957030e-01, 2.4021337121230574e-03,
          -6.8060829443373511e-03, 2.4022052606347986e-03,
          1.6741350453875731e-02, 2.3084225765760470e-03,
          -4.0800776780657730e-02, -3.7637434351318884e-03,
          1.0949962852501693e-04, 2.4021337121230579e-03,
          1.0258555517099125e-02, -4.4116312123460195e-04,
          7.9256178303217838e-04, 4.0402469075409633e-03,
          6.9747518109866669e-04, 1.7705070211378106e-03,
          3.0761072150349480e-02, 1.0311919437129127e-02,
          -6.8060829443373503e-03, -4.4116312123460173e-04,
          2.0074113690211410e-02, -3.2400572845010592e-03,
          -1.7961248241183215e-02, -1.3044794731738513e-03,
