%YAML:1.0
---
groups:
   - intact
   - CD19
   - blast
intactGmmnames:
   - "intact.Bln071.0"
   - "intact.Bln071.1"
   - "intact.Bln071.2"
   - "intact.Bln071.3"
   - "intact.Bln071.4"
intactLabels:
   - FSC-A
   - SSC-A
   - CD20
   - CD10
   - CD45
   - CD34
   - SYTO41
   - CD19
   - CD38
intactMu: !!opencv-matrix
   rows: 5
   cols: 9
   dt: d
   data: [ 1.2331559922042943e+00, 2.2273374820372524e-01,
       9.7780938690022390e-01, 9.0028461864626064e-01,
       2.2376943420192283e+00, 9.2462087218247313e-01,
       2.8646331502837539e+00, 7.6690813461923746e-01,
       2.5729473577203494e+00, 2.5947983495153175e+00,
       1.2837519738488383e+00, 1.3795694400374634e+00,
       1.9123483658136662e+00, 1.8812026477907051e+00,
       1.5080802251042114e+00, 2.8983705629022354e+00,
       1.1130745113153009e+00, 2.1774390721429353e+00,
       1.2550834112101610e+00, 4.4931003592180030e-01,
       8.3668656501359351e-01, 1.1336427559239759e+00,
       7.8116354341481420e-01, 1.0318379484726234e+00,
       2.9230950587860720e+00, 6.9899625030445300e-01,
       1.7620473180713196e+00, 1.5018137372650782e+00,
       4.1926115503346750e-01, 8.5054391521271089e-01,
       9.1210353572769320e-01, 2.3744868868463063e+00,
       8.0224947468785190e-01, 2.8484358621666668e+00,
       6.9575447686622205e-01, 2.4249573141838106e+00,
       1.1934213586014835e+00, 2.1186647623516591e-01,
       9.0043711045412422e-01, 8.8516070559702842e-01,
       2.1753988672940618e+00, 8.5494965407121548e-01,
       2.5980869716387636e+00, 7.0892875355576879e-01,
       2.4320092781718947e+00 ]
intactSigma:
   - !!opencv-matrix
      rows: 9
      cols: 9
      dt: d
      data: [ 6.1273278422241034e-02, 1.5627918656961762e-03,
          -1.2485985316738153e-02, 8.7715020962360614e-05,
          5.3397876633452480e-03, -1.1149783437466896e-02,
          -1.0151247109111356e-02, -4.3634819457004405e-03,
          5.2549896843103626e-03, 1.5627918656961756e-03,
          2.2212960039279710e-03, 2.0292639791640041e-03,
          9.1091313214257093e-04, 2.3503062348489653e-03,
          2.2442565652591503e-03, 6.3605057310416513e-04,
          1.3854981597514180e-03, -5.2587108121199518e-03,
          -1.2485985316738156e-02, 2.0292639791640041e-03,
          1.0025441602581069e-01, 2.5334475415527431e-03,
          1.4640709337448295e-03, 1.0285169700918971e-02,
          7.7574221790840938e-03, 3.5924209533837997e-03,
          -2.2713556031520220e-02, 8.7715020962360587e-05,
          9.1091313214257093e-04, 2.5334475415527422e-03,
          6.6655752321413296e-03, 1.1091048268402244e-03,
          1.2607755404599630e-03, 8.4442824896586066e-04,
          1.5871850666858919e-03, -5.5671466506795357e-03,
          5.3397876633452463e-03, 2.3503062348489653e-03,
          1.4640709337448295e-03, 1.1091048268402246e-03,
          8.9992856664232960e-03, 7.2485004553248466e-04,
          8.8888069475527768e-05, 7.3702770664388459e-04,
          -8.2298451721310711e-03, -1.1149783437466896e-02,
          2.2442565652591498e-03, 1.0285169700918971e-02,
          1.2607755404599626e-03, 7.2485004553248433e-04,
          3.9133247838733405e-02, 7.3416561285809803e-03,
          -8.2887360120433679e-04, -9.8534256978097118e-03,
          -1.0151247109111356e-02, 6.3605057310416513e-04,
          7.7574221790840964e-03, 8.4442824896586066e-04,
          8.8888069475527741e-05, 7.3416561285809812e-03,
          6.8281467869093131e-03, 3.4631687874110448e-03,
          -7.8926413376887439e-03, -4.3634819457004405e-03,
          1.3854981597514185e-03, 3.5924209533837984e-03,
          1.5871850666858923e-03, 7.3702770664388513e-04,
          -8.2887360120433614e-04, 3.4631687874110448e-03,
          7.8655966492989851e-02, -5.8801821100371880e-03,
          5.2549896843103643e-03, -5.2587108121199518e-03,
          -2.2713556031520220e-02, -5.5671466506795374e-03,
          -8.2298451721310711e-03, -9.8534256978097153e-03,
          -7.8926413376887421e-03, -5.8801821100371897e-03,
          1.5145716554972152e-01 ]
   - !!opencv-matrix
      rows: 9
      cols: 9
      dt: d
      data: [ 1.1256494394226759e+00, 6.6995899407177828e-01,
          1.0142110299438128e-01, 2.3658099508832439e-01,
          1.0281473435594721e-01, 2.0674376457436569e-01,
          3.3502111328375724e-02, 1.0436048161842842e-01,
          9.1603010983333608e-02, 6.6995899407177828e-01,
          8.4840219335487033e-01, 1.0253488150352616e-01,
          3.1192569622352201e-01, 7.1096252652624800e-02,
          1.5551040284154083e-01, 1.4859949339118307e-02,
          8.3892777055884035e-02, 9.0670873090660672e-02,
          1.0142110299438131e-01, 1.0253488150352615e-01,
          2.5520211508708296e-01, 7.4158025083435067e-02,
          2.6394752313048997e-02, 1.4893110513865268e-01,
          1.1676473565354419e-02, 1.4659739199096838e-01,
          1.5591319032499894e-02, 2.3658099508832434e-01,
          3.1192569622352201e-01, 7.4158025083435067e-02,
          5.0477700801015091e-01, 1.1902515310511003e-01,
          1.1759627990187511e-01, 4.4487874006774748e-03,
          1.1466179080567011e-01, -7.2234761594096947e-02,
          1.0281473435594719e-01, 7.1096252652624814e-02,
          2.6394752313048997e-02, 1.1902515310511004e-01,
          2.6412734855846931e-01, 2.6220891991925892e-02,
          -1.7547785030469061e-02, 3.9784205632618093e-02,
          5.8943654424515927e-02, 2.0674376457436569e-01,
          1.5551040284154083e-01, 1.4893110513865263e-01,
          1.1759627990187511e-01, 2.6220891991925899e-02,
          3.0832067223829823e-01, 2.1040866618948145e-02,
          1.6950053442263099e-01, 1.6026660209811878e-02,
          3.3502111328375730e-02, 1.4859949339118311e-02,
          1.1676473565354421e-02, 4.4487874006774748e-03,
          -1.7547785030469061e-02, 2.1040866618948145e-02,
          5.1313368115094661e-02, 4.9118059758456343e-03,
          2.1677103444315247e-02, 1.0436048161842844e-01,
          8.3892777055884035e-02, 1.4659739199096841e-01,
          1.1466179080567011e-01, 3.9784205632618079e-02,
          1.6950053442263099e-01, 4.9118059758456352e-03,
          2.8423450006996054e-01, 3.6231397972876661e-03,
          9.1603010983333608e-02, 9.0670873090660659e-02,
          1.5591319032499889e-02, -7.2234761594096947e-02,
          5.8943654424515941e-02, 1.6026660209811885e-02,
          2.1677103444315247e-02, 3.6231397972876691e-03,
          4.6012317749844561e-01 ]
   - !!opencv-matrix
      rows: 9
      cols: 9
      dt: d
      data: [ 1.5376110012841279e-01, 2.3335326859098317e-02,
          7.2897629904984419e-03, 6.7791792194248010e-03,
          -7.0009648734619485e-04, 1.4652586248288316e-02,
          1.3735979495784215e-02, 6.1633755582940607e-03,
          -2.8738180382879355e-03, 2.3335326859098317e-02,
          2.1718558781577680e-02, 3.7646537038931484e-03,
          1.8652869578013209e-02, -1.9028146454716456e-03,
          1.3519944455322085e-02, 1.7073490319528570e-02,
          3.3018540926999639e-03, 4.0213438215071826e-02,
          7.2897629904984402e-03, 3.7646537038931492e-03,
          5.4129660799553718e-02, 6.8788403701527511e-03,
          -2.4361186146529268e-03, -9.5653816975940515e-04,
          3.3527782875733526e-03, -1.8024199862376989e-03,
          3.0569500003289054e-03, 6.7791792194248027e-03,
          1.8652869578013213e-02, 6.8788403701527511e-03,
          1.0764378483693289e-01, 6.7900276928088438e-04,
          1.4585789179538717e-02, 2.1243271875374531e-02,
          9.1124805014202778e-03, 8.7107631017279613e-02,
          -7.0009648734619464e-04, -1.9028146454716460e-03,
          -2.4361186146529268e-03, 6.7900276928088417e-04,
          2.7178628364891350e-02, -5.3279836211765500e-03,
          -2.5630995653074851e-02, 6.3184682304610364e-04,
