%YAML:1.0
---
groups:
   - intact
   - CD19
   - blast
intactGmmnames:
   - "intact.Bln058.0"
   - "intact.Bln058.1"
   - "intact.Bln058.2"
   - "intact.Bln058.3"
   - "intact.Bln058.4"
intactLabels:
   - FSC-A
   - SSC-A
   - CD20
   - CD10
   - CD45
   - CD34
   - SYTO41
   - CD19
   - CD38
intactMu: !!opencv-matrix
   rows: 5
   cols: 9
   dt: d
   data: [ 1.0856287513941854e+00, 3.2685845255358303e-01,
       7.7344275565169640e-01, 8.8846767895541723e-01,
       2.5664533894308965e+00, 7.6384835634062098e-01,
       2.4610687950687717e+00, 7.7161170794924872e-01,
       2.4836744086815021e+00, 2.9568219643281441e+00,
       2.6384534443672636e+00, 1.2846980187511434e+00,
       2.5145665283271073e+00, 2.3007156389996966e+00,
       1.2664427031953782e+00, 2.6659326740060116e+00,
       1.2025044855427600e+00, 2.6680151079337673e+00,
       8.1222544188824186e-01, 2.8268681230554027e-01,
       7.8230980500871994e-01, 8.8590155663789039e-01,
       2.5430799745787609e+00, 9.2362829079973385e-01,
       2.6550993835780381e+00, 7.9462831576492066e-01,
       2.6601861815429251e+00, 1.2092239141475043e+00,
       4.3329750265655520e-01, 9.2832053324851693e-01,
       9.3764929681496390e-01, 2.6209638837914420e+00,
       8.3248997300538985e-01, 2.5180203789589988e+00,
       8.2796613153624454e-01, 2.0722049610037958e+00,
       1.2726457813527312e+00, 7.7682086916628013e-01,
       9.2872554793548923e-01, 1.2671618192871179e+00,
       1.0387025568918309e+00, 1.0954990439473080e+00,
       2.7182979331993442e+00, 8.1064657868690593e-01,
       1.7093931788331709e+00 ]
intactSigma:
   - !!opencv-matrix
      rows: 9
      cols: 9
      dt: d
      data: [ 4.4376929093669408e-02, 3.3541598226446675e-03,
          -6.4952638803288934e-04, 4.8570807653081348e-04,
          1.0545151520706487e-02, -2.6602539161032189e-03,
          2.9158053691114155e-03, 3.0311244754753198e-03,
          9.0668724960458798e-03, 3.3541598226446675e-03,
          4.6124924768294476e-03, 5.3041023414856993e-04,
          5.8771368319302420e-04, 4.7324030098580680e-03,
          5.5148033213910823e-04, 9.2276969318419476e-04,
          8.2056430433280795e-04, -1.9194984527046203e-03,
          -6.4952638803288923e-04, 5.3041023414856993e-04,
          9.7098275885313043e-02, 1.4422521763894003e-03,
          2.1578742133373861e-03, -2.5457475286512596e-03,
          3.6480707047902281e-03, -3.4260434628760987e-03,
          -2.1655140613628995e-02, 4.8570807653081338e-04,
          5.8771368319302420e-04, 1.4422521763894011e-03,
          5.7143049605351123e-03, 1.3175407966272649e-03,
          -2.8921148676091347e-04, 1.3070347259099007e-03,
          -1.4566566333780147e-04, 1.3358198311688894e-03,
          1.0545151520706487e-02, 4.7324030098580680e-03,
          2.1578742133373865e-03, 1.3175407966272653e-03,
          1.4385059550075083e-02, 1.4249892783818536e-03,
          6.1337859074539281e-03, 1.5803918222255379e-03,
          -1.7089779599060730e-03, -2.6602539161032189e-03,
          5.5148033213910856e-04, -2.5457475286512596e-03,
          -2.8921148676091352e-04, 1.4249892783818536e-03,
          2.7072957356871593e-02, 3.8201947306298958e-03,
          -7.0905982850844231e-03, 4.3426817450467657e-03,
          2.9158053691114155e-03, 9.2276969318419455e-04,
          3.6480707047902268e-03, 1.3070347259099007e-03,
          6.1337859074539281e-03, 3.8201947306298958e-03,
          1.3854878323070594e-02, 4.4949689837437403e-05,
          -1.8448921144386546e-03, 3.0311244754753193e-03,
          8.2056430433280795e-04, -3.4260434628760978e-03,
          -1.4566566333780134e-04, 1.5803918222255379e-03,
          -7.0905982850844257e-03, 4.4949689837437301e-05,
          5.9118859551838605e-02, 7.9861536284743712e-04,
          9.0668724960458833e-03, -1.9194984527046198e-03,
          -2.1655140613628995e-02, 1.3358198311688894e-03,
          -1.7089779599060728e-03, 4.3426817450467657e-03,
          -1.8448921144386553e-03, 7.9861536284743691e-04,
          2.1028647374100887e-01 ]
   - !!opencv-matrix
      rows: 9
      cols: 9
      dt: d
      data: [ 6.3496211562001337e-01, 5.0244006069748293e-01,
          -1.6324224927456474e-03, 2.0074650718228279e-01,
          3.4864326958526613e-02, 4.1640913752011496e-02,
          -3.5405846478180909e-02, 3.9482411872855207e-02,
          4.7384385687854476e-02, 5.0244006069748282e-01,
          8.4701841123389454e-01, -4.1228047997059966e-02,
          3.8898555156792936e-01, -2.5574707651565488e-02,
          6.3942785080659523e-02, -3.8353844908632466e-02,
          1.0042257614302183e-02, 4.6377204392768392e-02,
          -1.6324224927456558e-03, -4.1228047997059966e-02,
          3.3990245087922732e-01, -8.5338667758098383e-02,
          3.2744132907111145e-02, 6.9271599309643134e-02,
          2.8950968646343035e-02, 2.0221119649782526e-01,
          2.6692243322240534e-02, 2.0074650718228276e-01,
          3.8898555156792936e-01, -8.5338667758098410e-02,
          4.2488609335246796e-01, -1.7291618242912130e-02,
          -3.2265978974181258e-03, -3.2228167397892138e-02,
          -4.2804940555435378e-02, -9.9821311394943935e-03,
          3.4864326958526613e-02, -2.5574707651565488e-02,
          3.2744132907111152e-02, -1.7291618242912130e-02,
          8.0216501827863787e-02, 6.8821081534132470e-03,
          -1.3242546054891858e-02, 3.6299007025399010e-02,
          1.7542324233608617e-02, 4.1640913752011510e-02,
          6.3942785080659523e-02, 6.9271599309643120e-02,
          -3.2265978974181288e-03, 6.8821081534132470e-03,
          1.6979679589639965e-01, 2.3800069403049094e-02,
          4.4592707878028111e-02, 2.4894722710162655e-02,
          -3.5405846478180909e-02, -3.8353844908632452e-02,
          2.8950968646343042e-02, -3.2228167397892138e-02,
          -1.3242546054891859e-02, 2.3800069403049094e-02,
          5.9687523718210227e-02, 2.9000880094201591e-02,
          2.7515116526092595e-03, 3.9482411872855207e-02,
          1.0042257614302190e-02, 2.0221119649782526e-01,
          -4.2804940555435392e-02, 3.6299007025399010e-02,
          4.4592707878028111e-02, 2.9000880094201591e-02,
          2.7360666203468564e-01, 2.8982504535342554e-02,
          4.7384385687854476e-02, 4.6377204392768392e-02,
          2.6692243322240534e-02, -9.9821311394943952e-03,
          1.7542324233608613e-02, 2.4894722710162655e-02,
          2.7515116526092595e-03, 2.8982504535342554e-02,
          5.3203212038101813e-02 ]
   - !!opencv-matrix
      rows: 9
      cols: 9
      dt: d
      data: [ 3.0381133113123706e-02, 2.2666577995122473e-03,
          -1.2675651759707714e-03, -3.2464211090222814e-04,
          5.4207637358858899e-03, -1.4484809727613965e-02,
          -1.7292488873559570e-02, -8.1418498342962367e-05,
          4.5242493571233337e-03, 2.2666577995122468e-03,
          2.7061509707211324e-03, 1.8703776596855092e-03,
          5.9317872154342481e-04, 2.9706099293030758e-03,
          7.0296386405816695e-04, -1.6928911404869081e-03,
          5.9606814147401745e-04, -3.5350552120943443e-03,
          -1.2675651759707710e-03, 1.8703776596855092e-03,
          1.1630562280007255e-01, 6.2629877810530855e-04,
          3.2121898983393958e-03, 1.3459140512522153e-03,
          2.6159826325294283e-03, -3.8310775983973911e-03,
          -1.1929040791793801e-02, -3.2464211090222830e-04,
          5.9317872154342503e-04, 6.2629877810530920e-04,
          5.6444613880791460e-03, 6.8209679068771754e-04,
          7.5154753091573822e-04, 7.1593256096826746e-04,
          -7.7023467864058607e-04, -1.3240329422450274e-03,
          5.4207637358858907e-03, 2.9706099293030763e-03,
          3.2121898983393958e-03, 6.8209679068771754e-04,
          8.6203767499550589e-03, -2.3540965975237378e-04,
