%YAML:1.0
---
groups:
   - intact
   - CD19
   - blast
intactGmmnames:
   - "intact.Bln033.0"
   - "intact.Bln033.1"
   - "intact.Bln033.2"
   - "intact.Bln033.3"
   - "intact.Bln033.4"
intactLabels:
   - FSC-A
   - SSC-A
   - CD20
   - CD10
   - CD45
   - CD34
   - SYTO41
   - CD19
   - CD38
intactMu: !!opencv-matrix
   rows: 5
   cols: 9
   dt: d
   data: [ 9.8524420590319817e-01, 2.5275857232302235e-01,
       1.2128758739592240e+00, 1.0136115672774821e+00,
       2.3110373235886206e+00, 8.6465443092981586e-01,
       3.2297847851478805e+00, 6.3734615415228391e-01,
       2.5500728832672666e+00, 2.8097646066331015e+00,
       2.1362051588360065e+00, 1.3069400018470203e+00,
       2.0669048178101987e+00, 1.6705359601769640e+00,
       1.1728803527344964e+00, 3.2112321261826993e+00,
       9.5032200689105861e-01, 2.3952255735375463e+00,
       1.1558875819283414e+00, 3.4961363116286587e-01,
       1.1711689802648451e+00, 1.0117643417720221e+00,
       1.9200204132090362e+00, 8.3538268811586525e-01,
       3.1195696254475371e+00, 6.2830382852803834e-01,
       1.4752702307253887e+00, 1.1242612985535054e+00,
       3.1541397393372678e-01, 1.7638539673504585e+00,
       1.1656602066885959e+00, 2.3792163682972394e+00,
       1.0927931779397799e+00, 2.8122017745108479e+00,
       4.8307508042211472e-01, 2.0018249743604413e+00,
       1.3418647532742833e+00, 4.5710557453206629e-01,
       1.5612193375743921e+00, 1.2963580510395709e+00,
       2.4380874899025473e+00, 8.3544042741015634e-01,
       3.1221801592682161e+00, 6.2361243095950825e-01,
       3.4511468083302521e+00 ]
intactSigma:
   - !!opencv-matrix
      rows: 9
      cols: 9
      dt: d
      data: [ 6.7893513747253664e-02, 3.3848037914315974e-03,
          -7.7169526404546266e-04, 8.4315798476791931e-04,
          1.1920163052974860e-02, -1.6500624110898452e-02,
          -3.3484651620046525e-02, 5.8990478152492863e-05,
          1.7870925789334330e-03, 3.3848037914315974e-03,
          2.5538693424341642e-03, -4.6945605847758160e-04,
          4.0050549466898075e-04, 3.4089075411932396e-03,
          1.3079268793293097e-03, -1.1423797459170020e-03,
          6.5146447023341203e-04, -4.5714412349539173e-03,
          -7.7169526404546266e-04, -4.6945605847758160e-04,
          3.7248353774978556e-03, 1.3750944388856354e-03,
          -1.0343372865451136e-03, -4.4337377925446027e-04,
          1.2489657069365136e-03, -1.0011221694793803e-03,
          1.3881020989692535e-02, 8.4315798476791899e-04,
          4.0050549466898075e-04, 1.3750944388856354e-03,
          5.7636682402489583e-03, 7.7942531590699982e-04,
          1.1010009157064482e-03, 1.7256913674114347e-03,
          1.0380941849169161e-04, 1.1090800063329765e-02,
          1.1920163052974856e-02, 3.4089075411932396e-03,
          -1.0343372865451138e-03, 7.7942531590700014e-04,
          2.6294636684058303e-02, -2.6849066597086193e-04,
          -6.4293283340639143e-03, 1.0302710424929841e-03,
          -7.4861751660857219e-03, -1.6500624110898449e-02,
          1.3079268793293099e-03, -4.4337377925445979e-04,
          1.1010009157064482e-03, -2.6849066597086171e-04,
          4.2389772285761788e-02, 2.0581325577494196e-02,
          -7.2461782136059973e-03, -4.3782134277342072e-03,
          -3.3484651620046525e-02, -1.1423797459170022e-03,
          1.2489657069365131e-03, 1.7256913674114352e-03,
          -6.4293283340639152e-03, 2.0581325577494196e-02,
          5.1742021388066217e-02, 1.8846302913964545e-03,
          2.3827440538977005e-03, 5.8990478152492822e-05,
          6.5146447023341214e-04, -1.0011221694793803e-03,
          1.0380941849169169e-04, 1.0302710424929843e-03,
          -7.2461782136059973e-03, 1.8846302913964525e-03,
          6.0710109218522046e-02, -3.9733979053083830e-03,
          1.7870925789334323e-03, -4.5714412349539173e-03,
          1.3881020989692535e-02, 1.1090800063329765e-02,
          -7.4861751660857201e-03, -4.3782134277342054e-03,
          2.3827440538977001e-03, -3.9733979053083856e-03,
          1.4219868294291821e-01 ]
   - !!opencv-matrix
      rows: 9
      cols: 9
      dt: d
      data: [ 8.9427593185346121e-01, 7.4813907953271552e-01,
          -3.3654785028073208e-03, 1.9741764582736374e-01,
          3.9069350692558746e-01, -1.2091733962192052e-02,
          -8.1586826394699857e-02, 1.1983791740056830e-01,
          -1.7186062610638285e-02, 7.4813907953271541e-01,
          1.2692108464923617e+00, -1.5224498042548240e-02,
          4.0303048363271216e-01, 5.4015531795614780e-01,
          -8.7149066614726212e-02, -1.3313852532824141e-01,
          1.6877751452599768e-01, 4.1166147346355708e-02,
          -3.3654785028073226e-03, -1.5224498042548240e-02,
          4.8592781414756064e-02, -5.6349996581063341e-03,
          2.6750134183562806e-02, 2.8540863019193622e-02,
          5.0176104652702273e-03, -1.7494831061935993e-02,
          4.2077217819657689e-02, 1.9741764582736374e-01,
          4.0303048363271216e-01, -5.6349996581063341e-03,
          3.5334359253633907e-01, 1.8731915546262620e-01,
          -8.8154755189554568e-02, -4.3289445807278414e-02,
          8.5663733543880335e-02, 3.5335244350790412e-02,
          3.9069350692558746e-01, 5.4015531795614780e-01,
          2.6750134183562802e-02, 1.8731915546262620e-01,
          7.3231716214846387e-01, -2.7406957555226246e-02,
          -1.2871942511971912e-01, 1.1376702598393697e-01,
          9.3713118729339018e-02, -1.2091733962192052e-02,
          -8.7149066614726239e-02, 2.8540863019193622e-02,
          -8.8154755189554568e-02, -2.7406957555226246e-02,
          4.1076083226836041e-01, 6.3364214475834832e-02,
          -4.0486023719819977e-02, 9.7445654478288360e-02,
          -8.1586826394699857e-02, -1.3313852532824141e-01,
          5.0176104652702273e-03, -4.3289445807278414e-02,
          -1.2871942511971912e-01, 6.3364214475834832e-02,
          9.6303936547192617e-02, -1.9684767540226356e-02,
          2.4090169309297690e-02, 1.1983791740056830e-01,
          1.6877751452599768e-01, -1.7494831061935993e-02,
          8.5663733543880335e-02, 1.1376702598393695e-01,
          -4.0486023719819977e-02, -1.9684767540226352e-02,
          2.3523520731049988e-01, 1.9577402255156438e-02,
          -1.7186062610638278e-02, 4.1166147346355729e-02,
          4.2077217819657689e-02, 3.5335244350790412e-02,
          9.3713118729339018e-02, 9.7445654478288360e-02,
          2.4090169309297686e-02, 1.9577402255156438e-02,
          4.6850542656482258e-01 ]
   - !!opencv-matrix
      rows: 9
      cols: 9
      dt: d
      data: [ 1.3137349783272445e-01, 9.3545340775524691e-03,
          -1.4034680138933929e-04, -7.8492385106121736e-04,
          9.9753352694966269e-02, -8.9728276784824534e-03,
          -6.8308137705277681e-03, -5.7867908379482635e-04,
          -1.2130530910213079e-02, 9.3545340775524691e-03,
          1.1392438166468725e-02, 3.0734008411337720e-04,
          1.8779869438695154e-03, 5.5706721333766513e-03,
          3.0350281994709293e-03, 7.7471851637443993e-03,
          9.6553774713114312e-04, 1.5174231742557297e-02,
          -1.4034680138933921e-04, 3.0734008411337731e-04,
          1.3301368214132657e-03, 6.5114686513219409e-04,
          -2.0384443623324548e-03, 6.3958583057677372e-04,
          1.5293759291471905e-03, -3.7586993338219524e-04,
          8.9181523361609207e-03, -7.8492385106121736e-04,
          1.8779869438695154e-03, 6.5114686513219442e-04,
          1.6708686968653557e-02, -3.2320606399525921e-02,
          1.0071718216114335e-02, 1.3471089780386874e-02,
          6.3833162991350169e-04, 2.4934947383072989e-02,
          9.9753352694966269e-02, 5.5706721333766522e-03,
          -2.0384443623324552e-03, -3.2320606399525914e-02,
          7.9298675924082840e-01, -6.9502319710783286e-02,
