%YAML:1.0
---
groups:
   - intact
   - CD19
   - blast
intactGmmnames:
   - "intact.Bln077.0"
   - "intact.Bln077.1"
   - "intact.Bln077.2"
   - "intact.Bln077.3"
   - "intact.Bln077.4"
intactLabels:
   - FSC-A
   - SSC-A
   - CD20
   - CD10
   - CD45
   - CD34
   - SYTO41
   - CD19
   - CD38
intactMu: !!opencv-matrix
   rows: 5
   cols: 9
   dt: d
   data: [ 1.3199022297655114e+00, 3.4995314432362262e-01,
       8.0118437114241103e-01, 8.9213393083180104e-01,
       2.5701380786549031e+00, 8.2288340064240728e-01,
       2.4168080628978110e+00, 7.3455349837276773e-01,
       2.1082884662439350e+00, 2.2411330669849363e+00,
       9.3290583750166844e-01, 1.2372781897523788e+00,
       1.3588699582755823e+00, 2.4209941298238573e+00,
       1.5089387594447321e+00, 2.6165815081817572e+00,
       9.4747274819298866e-01, 2.4339685625482712e+00,
       9.5409625746181415e-01, 2.2525620356152726e-01,
       7.7644101563834933e-01, 8.7802310208495338e-01,
       2.5238114082931573e+00, 8.5391623773097602e-01,
       2.5387504265072867e+00, 7.4077998754551677e-01,
       2.5400728460368796e+00, 3.3393148273081992e+00,
       2.6585302048700221e+00, 1.6342873515088707e+00,
       2.5679254903064010e+00, 2.4375828868706546e+00,
       1.5520746456573249e+00, 2.4503716149000940e+00,
       1.3242196852448194e+00, 2.3807342885712441e+00,
       1.1470744340247516e+00, 3.9340436041002225e-01,
       8.6840777213618758e-01, 1.0478779186921183e+00,
       8.7312659167676365e-01, 1.1265098852502322e+00,
       2.5489231129453795e+00, 7.1022059689374151e-01,
       1.5740632080537831e+00 ]
intactSigma:
   - !!opencv-matrix
      rows: 9
      cols: 9
      dt: d
      data: [ 8.8087908908740853e-02, 9.5542786289941131e-03,
          -8.9917087529411163e-04, 5.9307500719262907e-04,
          1.8135418022877010e-02, -7.4550735758448011e-03,
          1.9746177800894918e-03, 2.3619095983527663e-04,
          -9.5735794229817369e-03, 9.5542786289941166e-03,
          1.0191478697914296e-02, 8.9272349328972113e-04,
          9.4875532395831982e-04, 1.0617713357816970e-02,
          2.2734215402693265e-03, 2.6876920718025576e-03,
          1.8409529823764635e-03, 2.0953016539320173e-02,
          -8.9917087529411185e-04, 8.9272349328972113e-04,
          1.0120824987574827e-01, 1.5075800164475934e-03,
          -8.1929029639840384e-04, 6.6128359156559227e-03,
          7.2064461680034549e-03, -1.9450233032563234e-03,
          -2.2129488204728130e-02, 5.9307500719262885e-04,
          9.4875532395832015e-04, 1.5075800164475938e-03,
          1.4633825406711012e-02, 1.4031812428552592e-03,
          3.7058978930288683e-04, 3.4771986485767556e-03,
          1.7555956304356115e-03, 4.5238370056032004e-04,
          1.8135418022877010e-02, 1.0617713357816970e-02,
          -8.1929029639840362e-04, 1.4031812428552590e-03,
          2.9232298739641342e-02, 1.3196925855099785e-03,
          8.9116068324475370e-03, 2.1043837369562348e-03,
          2.5372411644287225e-02, -7.4550735758448037e-03,
          2.2734215402693274e-03, 6.6128359156559227e-03,
          3.7058978930288667e-04, 1.3196925855099790e-03,
          6.0758546569036086e-02, 1.9575371539139109e-02,
          -3.0289051589361504e-03, 3.3295141146477879e-02,
          1.9746177800894914e-03, 2.6876920718025567e-03,
          7.2064461680034575e-03, 3.4771986485767547e-03,
          8.9116068324475370e-03, 1.9575371539139109e-02,
          3.1278653785604474e-02, 4.0389773194811672e-03,
          4.9834029052729439e-03, 2.3619095983527612e-04,
          1.8409529823764635e-03, -1.9450233032563247e-03,
          1.7555956304356121e-03, 2.1043837369562335e-03,
          -3.0289051589361504e-03, 4.0389773194811681e-03,
          6.6663384862266584e-02, 3.9181778067994104e-03,
          -9.5735794229817369e-03, 2.0953016539320173e-02,
          -2.2129488204728130e-02, 4.5238370056032004e-04,
          2.5372411644287225e-02, 3.3295141146477865e-02,
          4.9834029052729422e-03, 3.9181778067994069e-03,
          6.8406923680165588e-01 ]
   - !!opencv-matrix
      rows: 9
      cols: 9
      dt: d
      data: [ 9.6140214206646502e-01, 4.1030483085506247e-01,
          7.7253251612628512e-02, 2.2493851555779324e-02,
          7.4201538687469953e-02, 1.7416789351573256e-01,
          4.5440351554709477e-02, 9.1770392232159853e-02,
          1.7932211937099049e-01, 4.1030483085506247e-01,
          4.5984356734499471e-01, 1.2551074810222543e-01,
          1.4483665416094646e-01, -2.6047619829985501e-02,
          1.3832311705421715e-01, 1.6649125128092752e-02,
          8.3684483723105343e-02, 8.4960688938082923e-02,
          7.7253251612628512e-02, 1.2551074810222543e-01,
          3.3325621319947213e-01, -3.7703481415278578e-03,
          -4.7167646002800319e-04, 1.4335013169698027e-01,
          2.3290637733747163e-02, 1.3365468446432330e-01,
          7.8794935349407083e-02, 2.2493851555779321e-02,
          1.4483665416094646e-01, -3.7703481415278569e-03,
          3.1499840659524525e-01, -3.0807484869615782e-02,
          -3.8078695768641070e-02, -3.1730750908866401e-02,
          5.3555982934641051e-03, -8.1434693984589329e-02,
          7.4201538687469953e-02, -2.6047619829985508e-02,
          -4.7167646002800552e-04, -3.0807484869615785e-02,
          1.9650959172928942e-01, -2.2268163464082271e-03,
          3.9526870358261995e-02, 3.2657550995878498e-02,
          1.2870074812606291e-01, 1.7416789351573259e-01,
          1.3832311705421715e-01, 1.4335013169698027e-01,
          -3.8078695768641056e-02, -2.2268163464082289e-03,
          3.3860336910078048e-01, 3.1795704101357250e-02,
          6.6674662421845984e-02, 1.4803477371139470e-01,
          4.5440351554709477e-02, 1.6649125128092749e-02,
          2.3290637733747163e-02, -3.1730750908866401e-02,
          3.9526870358262009e-02, 3.1795704101357243e-02,
          8.3744500853383294e-02, 1.1932100513803466e-02,
          5.4844913788459106e-02, 9.1770392232159853e-02,
          8.3684483723105357e-02, 1.3365468446432333e-01,
          5.3555982934641051e-03, 3.2657550995878498e-02,
          6.6674662421845984e-02, 1.1932100513803464e-02,
          2.5346207294872181e-01, 7.6116099283327354e-02,
          1.7932211937099049e-01, 8.4960688938082937e-02,
          7.8794935349407083e-02, -8.1434693984589329e-02,
          1.2870074812606291e-01, 1.4803477371139470e-01,
          5.4844913788459113e-02, 7.6116099283327354e-02,
          4.1965787818316208e-01 ]
   - !!opencv-matrix
      rows: 9
      cols: 9
      dt: d
      data: [ 3.7225632459398597e-02, -2.1711041394179321e-04,
          -4.1307323877038593e-03, -6.0854851319908890e-04,
          3.0003016849040483e-03, -1.0986017394360231e-02,
          -1.3535597048062779e-02, -9.4696362980579399e-04,
          8.8450096351008634e-03, -2.1711041394179329e-04,
          1.9733751860305897e-03, 8.3894967326024776e-04,
          4.8545844088786303e-04, 1.8114501791179618e-03,
          2.2121469745423239e-03, 7.1999897128451366e-04,
          5.1567131217549866e-04, -3.8272914058052015e-03,
          -4.1307323877038610e-03, 8.3894967326024765e-04,
          9.1034850031391223e-02, 1.4570286463463217e-03,
          8.8729855299155122e-04, -5.3509664790456874e-04,
          3.7622793523435475e-03, -7.6560100759678104e-04,
          -7.1341188569134994e-03, -6.0854851319908912e-04,
          4.8545844088786292e-04, 1.4570286463463217e-03,
          8.0072949201182731e-03, 6.9479098581772349e-04,
          5.3066700421390729e-04, 1.3014838717219886e-03,
          1.8937228907630623e-04, -1.7122053609874093e-03,
          3.0003016849040488e-03, 1.8114501791179618e-03,
          8.8729855299155133e-04, 6.9479098581772349e-04,
          8.7505567005961016e-03, 2.3631606787837254e-03,
