%YAML:1.0
---
groups:
   - intact
   - CD19
   - blast
intactGmmnames:
   - "intact.Bln051.0"
   - "intact.Bln051.1"
   - "intact.Bln051.2"
   - "intact.Bln051.3"
   - "intact.Bln051.4"
intactLabels:
   - FSC-A
   - SSC-A
   - CD20
   - CD10
   - CD45
   - CD34
   - SYTO41
   - CD19
   - CD38
intactMu: !!opencv-matrix
   rows: 5
   cols: 9
   dt: d
   data: [ 8.3548612631887187e-01, 2.4143942139723804e-01,
       7.6323940309693916e-01, 8.4665089143710082e-01,
       2.4139439882787594e+00, 8.6889941353361544e-01,
       2.7480510309057502e+00, 7.0654683904687321e-01,
       2.3979127676583669e+00, 2.2249925057622266e+00,
       2.0648423943685583e+00, 9.7506216876139706e-01,
       1.4994285220376189e+00, 1.5734076626622948e+00,
       1.2178502059334009e+00, 2.8099508658133545e+00,
       8.2428502486941913e-01, 2.5119203021041754e+00,
       6.9976068114114942e-01, 3.2415307192944981e-01,
       7.9683366352109986e-01, 1.1732315385843890e+00,
       4.1301660772239818e-01, 1.0036499685644713e+00,
       2.9532798846661401e+00, 7.0310871115102036e-01,
       1.8468485873480740e+00, 1.1044609471866085e+00,
       3.2342483562637958e-01, 7.8906845334108222e-01,
       8.6115734160600077e-01, 2.3563648564951154e+00,
       7.3797238475951121e-01, 2.5528337104090011e+00,
       6.8377055322867208e-01, 1.2721527042282061e+00,
       1.1791238471281122e+00, 4.5426072719215271e-01,
       8.1256104094800119e-01, 8.6489007449365218e-01,
       2.4788898276695024e+00, 8.5970242749694881e-01,
       2.6493768076455564e+00, 7.2131016728598540e-01,
       2.6508800246951840e+00 ]
intactSigma:
   - !!opencv-matrix
      rows: 9
      cols: 9
      dt: d
      data: [ 4.6381527532105629e-02, 1.7638649594278555e-03,
          -6.4311444356809971e-03, -7.9615268275935866e-04,
          5.3636066355219709e-03, -1.8754888867280987e-02,
          -2.9486530950401973e-02, -1.4225579325412110e-03,
          1.1381271949507579e-02, 1.7638649594278553e-03,
          1.9359769062112923e-03, 6.4339585427706256e-04,
          3.8823616048097896e-04, 1.9637025841523163e-03,
          1.2397488925042699e-03, -3.8884818627433549e-04,
          4.5674572491627446e-04, -5.1255549809909075e-03,
          -6.4311444356809971e-03, 6.4339585427706234e-04,
          7.5789644496047415e-02, 8.6480347639616170e-04,
          -7.5298336746692254e-05, 2.7984706177326467e-03,
          7.6002071460569949e-03, -3.0974605181660372e-03,
          -1.5916822070279071e-02, -7.9615268275935866e-04,
          3.8823616048097896e-04, 8.6480347639616149e-04,
          7.0738188900989259e-03, 5.8529434458887771e-04,
          3.1115318753932955e-04, 1.4605928196292659e-03,
          -1.4345613038434943e-04, -2.0487983992519207e-03,
          5.3636066355219709e-03, 1.9637025841523163e-03,
          -7.5298336746691983e-05, 5.8529434458887803e-04,
          7.7321231431383333e-03, -8.9877369966940459e-05,
          -2.7905683393287064e-03, 1.4982586723853795e-04,
          -3.7009867139892231e-03, -1.8754888867280987e-02,
          1.2397488925042699e-03, 2.7984706177326467e-03,
          3.1115318753932965e-04, -8.9877369966940486e-05,
          3.9746892532907627e-02, 1.9302005555556809e-02,
          -5.2532001671599608e-03, -1.1994567641376656e-02,
          -2.9486530950401973e-02, -3.8884818627433544e-04,
          7.6002071460569949e-03, 1.4605928196292656e-03,
          -2.7905683393287064e-03, 1.9302005555556809e-02,
          5.1158673988262134e-02, 6.0662615960526429e-03,
          -1.6657580001148281e-02, -1.4225579325412110e-03,
          4.5674572491627457e-04, -3.0974605181660364e-03,
          -1.4345613038434937e-04, 1.4982586723853806e-04,
          -5.2532001671599608e-03, 6.0662615960526429e-03,
          6.5962270071424703e-02, -3.8392962490826224e-03,
          1.1381271949507579e-02, -5.1255549809909075e-03,
          -1.5916822070279068e-02, -2.0487983992519203e-03,
          -3.7009867139892239e-03, -1.1994567641376659e-02,
          -1.6657580001148281e-02, -3.8392962490826233e-03,
          2.1173467274532135e-01 ]
   - !!opencv-matrix
      rows: 9
      cols: 9
      dt: d
      data: [ 7.8810969146616228e-01, 7.2387330320838295e-01,
          1.4577061274401450e-02, -1.9505109317003944e-02,
          1.5841309047447255e-01, -1.7966783982854222e-02,
          -1.6732096267087805e-02, -1.3460504178081738e-02,
          3.0278706035843717e-01, 7.2387330320838295e-01,
          1.7161955316666382e+00, 2.3461849619765537e-02,
          3.6681775374126163e-01, 4.2410692421547069e-01,
          -5.8395838758375736e-02, -4.5618633365728113e-02,
          3.8375848469500012e-02, 4.7503893083334703e-01,
          1.4577061274401450e-02, 2.3461849619765537e-02,
          1.4853827671875833e-01, 2.5066973430832126e-02,
          -1.0091659769434237e-03, 2.6161047194052937e-02,
          7.0951826214224268e-03, 1.6619473990819068e-02,
          2.1432836568365674e-02, -1.9505109317003947e-02,
          3.6681775374126163e-01, 2.5066973430832123e-02,
          4.2349850866841116e-01, 1.6341679512357499e-01,
          -2.0266870663983097e-02, 1.7045418905614750e-02,
          5.3404925274631102e-02, -2.6312487176721562e-03,
          1.5841309047447255e-01, 4.2410692421547080e-01,
          -1.0091659769434227e-03, 1.6341679512357499e-01,
          5.1525535150348123e-01, -2.5592025397211390e-02,
          -9.6437098781224681e-02, 2.1753555846104070e-02,
          1.9775888623628216e-01, -1.7966783982854218e-02,
          -5.8395838758375736e-02, 2.6161047194052930e-02,
          -2.0266870663983097e-02, -2.5592025397211390e-02,
          1.6251383317496854e-01, 2.5863294647535562e-02,
          1.0091665429519931e-02, 6.7305594070748737e-02,
          -1.6732096267087805e-02, -4.5618633365728099e-02,
          7.0951826214224294e-03, 1.7045418905614753e-02,
          -9.6437098781224681e-02, 2.5863294647535562e-02,
          9.9596914171038026e-02, 7.4709986719580295e-03,
          2.0403605882969448e-04, -1.3460504178081733e-02,
          3.8375848469500005e-02, 1.6619473990819068e-02,
          5.3404925274631088e-02, 2.1753555846104070e-02,
          1.0091665429519931e-02, 7.4709986719580295e-03,
          1.4902050352715729e-01, -4.2549194101838498e-03,
          3.0278706035843717e-01, 4.7503893083334719e-01,
          2.1432836568365674e-02, -2.6312487176721540e-03,
          1.9775888623628218e-01, 6.7305594070748737e-02,
          2.0403605882969263e-04, -4.2549194101838489e-03,
          7.1915627027927287e-01 ]
   - !!opencv-matrix
      rows: 9
      cols: 9
      dt: d
      data: [ 4.1646736012753927e-02, 1.5294709262684518e-02,
          2.7938397813453094e-03, 1.3682320242865567e-02,
          -6.1777971041773348e-03, 9.2401581071990726e-03,
          1.1235716149031476e-02, 4.2637232440301516e-03,
          2.0456495991203194e-02, 1.5294709262684520e-02,
          1.2288302816566215e-02, 2.8802709802408758e-03,
          1.1607734883407094e-02, -7.8171927660653645e-03,
          1.0320394591696296e-02, 1.2961940971212551e-02,
          3.6251032187952560e-03, 2.5217450731388442e-02,
          2.7938397813453090e-03, 2.8802709802408766e-03,
          5.1185019703402813e-02, 2.1795793613630337e-03,
          -4.6398039477343785e-03, -2.0149937596143810e-03,
          4.4168780209548298e-03, -1.8873108190092082e-03,
          -5.7320290010814425e-04, 1.3682320242865571e-02,
          1.1607734883407094e-02, 2.1795793613630329e-03,
          1.0724032564422702e-01, -6.7718502632568168e-03,
          1.1999297746160953e-02, 1.2944448921567132e-02,
          1.2799086401902079e-03, 6.2291753846307626e-02,
          -6.1777971041773357e-03, -7.8171927660653645e-03,
          -4.6398039477343785e-03, -6.7718502632568168e-03,
          7.1195436280817884e-02, -2.0353905517661648e-02,
