%YAML:1.0
---
groups:
   - intact
   - CD19
   - blast
intactGmmnames:
   - "intact.Bln084.0"
   - "intact.Bln084.1"
   - "intact.Bln084.2"
   - "intact.Bln084.3"
   - "intact.Bln084.4"
intactLabels:
   - FSC-A
   - SSC-A
   - CD20
   - CD10
   - CD45
   - CD34
   - SYTO41
   - CD19
   - CD38
intactMu: !!opencv-matrix
   rows: 5
   cols: 9
   dt: d
   data: [ 2.8778510049515087e+00, 2.5630043642987532e+00,
       1.3934237666409210e+00, 2.7840384825685982e+00,
       2.3330858706589934e+00, 1.4246386951998506e+00,
       2.3200237347207642e+00, 1.1332937868514528e+00,
       2.6328072940190799e+00, 1.3897977457616750e+00,
       3.7161428839203159e-01, 8.9169650618780205e-01,
       9.2519898195103711e-01, 2.6416901696205084e+00,
       8.5555740983408402e-01, 2.1003106091306014e+00,
       8.7548531832694032e-01, 2.1555498132415813e+00,
       9.0893012149805819e-01, 2.9779970621055724e-01,
       8.2421680124029251e-01, 8.8224165353367356e-01,
       8.6083483339942468e-01, 1.0966181470343612e+00,
       2.3862196710743153e+00, 8.0325562535536355e-01,
       1.4829049227334175e+00, 9.3927229021331482e-01,
       2.4301861718599199e-01, 8.3212337173044282e-01,
       8.9134553528942206e-01, 2.4878501907640054e+00,
       8.6231178955738974e-01, 2.2222379733384763e+00,
       8.5580244259643423e-01, 2.1151864319890055e+00,
       2.5173840090296244e+00, 1.3766238232041945e+00,
       1.2614155936218863e+00, 1.3573889584701060e+00,
       1.8913774657268916e+00, 1.4885065497558023e+00,
       2.2972051408252483e+00, 1.0475193612927070e+00,
       2.6162959488373581e+00 ]
intactSigma:
   - !!opencv-matrix
      rows: 9
      cols: 9
      dt: d
      data: [ 3.9059720138349280e-01, 1.9722212526157343e-01,
          4.2703999582339600e-02, 1.6410813488657340e-02,
          2.3097269998539439e-02, 7.7476659644518039e-02,
          -2.7260759156792529e-02, 1.3048789023724630e-02,
          4.3490278505794677e-02, 1.9722212526157343e-01,
          3.4260159934943424e-01, 5.5338487485349107e-02,
          4.8428061080200785e-02, 4.0217663477811659e-02,
          9.0514560145371209e-02, -3.0227074326352847e-02,
          2.4761710570491140e-02, 5.7708684470444013e-02,
          4.2703999582339607e-02, 5.5338487485349100e-02,
          5.7160664195380378e-02, 1.0197938546771425e-02,
          7.4562028333678412e-03, 3.3626013411545051e-02,
          8.0376663348081471e-03, 1.3609436374893339e-02,
          1.6523664402561301e-02, 1.6410813488657347e-02,
          4.8428061080200771e-02, 1.0197938546771425e-02,
          6.8023763475485083e-02, 2.2679890927208395e-02,
          1.1655514959827985e-02, -6.6448183675361103e-03,
          1.8269056748562679e-02, 1.2068577957127678e-02,
          2.3097269998539439e-02, 4.0217663477811659e-02,
          7.4562028333678412e-03, 2.2679890927208388e-02,
          2.8157066817731679e-02, 1.4819588642794784e-02,
          -1.0655836731525285e-02, 1.1330371206944927e-02,
          7.6410625003574244e-03, 7.7476659644518039e-02,
          9.0514560145371209e-02, 3.3626013411545044e-02,
          1.1655514959827987e-02, 1.4819588642794788e-02,
          1.4780737318056800e-01, 1.0119903393132542e-02,
          6.9347954544671450e-03, 3.2470800871921945e-02,
          -2.7260759156792529e-02, -3.0227074326352847e-02,
          8.0376663348081471e-03, -6.6448183675361086e-03,
          -1.0655836731525283e-02, 1.0119903393132542e-02,
          4.1390755354832935e-02, 6.0069535646211127e-03,
          9.9989748725645418e-04, 1.3048789023724625e-02,
          2.4761710570491136e-02, 1.3609436374893339e-02,
          1.8269056748562672e-02, 1.1330371206944927e-02,
          6.9347954544671415e-03, 6.0069535646211118e-03,
          1.4526416067520423e-01, 1.2910017439642617e-02,
          4.3490278505794677e-02, 5.7708684470444013e-02,
          1.6523664402561301e-02, 1.2068577957127678e-02,
          7.6410625003574244e-03, 3.2470800871921938e-02,
          9.9989748725645353e-04, 1.2910017439642617e-02,
          4.3337981117121713e-02 ]
   - !!opencv-matrix
      rows: 9
      cols: 9
      dt: d
      data: [ 7.6157725825078501e-02, -1.3112191485624086e-04,
          -1.5812743156309553e-03, -2.1914171201181639e-03,
          3.9524041601345580e-03, 2.3691726145884050e-03,
          1.9376780682787769e-04, 2.8108119213391589e-03,
          8.5162635796373655e-03, -1.3112191485624108e-04,
          8.2755705631468463e-03, -3.1082966890870391e-03,
          8.7464366856576799e-04, 7.0830418906000468e-03,
          6.1524866754524140e-03, 3.3938011226658320e-04,
          1.2751325082320502e-03, 2.9978579585882903e-02,
          -1.5812743156309540e-03, -3.1082966890870400e-03,
          1.4349421765307557e-01, 4.2083521064575158e-03,
          -3.3409823143375358e-03, -4.6689176939438272e-04,
          3.7577502252807583e-03, 5.0147646954224270e-04,
          -4.7394231001063047e-02, -2.1914171201181634e-03,
          8.7464366856576756e-04, 4.2083521064575158e-03,
          1.3664524854823185e-02, 1.7482671864048427e-03,
          8.8912714202874784e-05, 2.2569571882323034e-03,
          1.3272438414081834e-03, -1.3828976826161094e-03,
          3.9524041601345580e-03, 7.0830418906000468e-03,
          -3.3409823143375366e-03, 1.7482671864048418e-03,
          2.1823495048670524e-02, 4.7770171099587389e-03,
          5.2519583445820505e-03, 6.7336951246753677e-04,
          3.7858362398026944e-02, 2.3691726145884059e-03,
          6.1524866754524149e-03, -4.6689176939438358e-04,
          8.8912714202874906e-05, 4.7770171099587380e-03,
          5.0913852486579342e-02, 6.0265011878623022e-03,
          -3.9945557295152862e-03, 3.5601463892219083e-02,
          1.9376780682787810e-04, 3.3938011226658315e-04,
          3.7577502252807574e-03, 2.2569571882323034e-03,
          5.2519583445820497e-03, 6.0265011878623022e-03,
          2.0047918840794116e-02, 1.7270817518098723e-03,
          6.8490254716673513e-04, 2.8108119213391580e-03,
          1.2751325082320502e-03, 5.0147646954224248e-04,
          1.3272438414081834e-03, 6.7336951246753666e-04,
          -3.9945557295152862e-03, 1.7270817518098723e-03,
          7.5907182087548139e-02, 9.4546766811207331e-03,
          8.5162635796373620e-03, 2.9978579585882903e-02,
          -4.7394231001063047e-02, -1.3828976826161098e-03,
          3.7858362398026944e-02, 3.5601463892219069e-02,
          6.8490254716673416e-04, 9.4546766811207366e-03,
          7.2086599973461973e-01 ]
   - !!opencv-matrix
      rows: 9
      cols: 9
      dt: d
      data: [ 7.9713025861238185e-02, 1.9182370395767038e-02,
          4.3118012951878434e-03, 6.6382887449131789e-04,
          3.6958412127541334e-03, 1.6942941793262480e-02,
          6.5431140353772932e-03, -3.2281243927332411e-03,
          3.0995892033742718e-02, 1.9182370395767038e-02,
          1.2312235009190785e-02, 3.0484957786873616e-03,
          1.4414056811560888e-03, 9.3251535661420060e-04,
          1.2435994152424473e-02, 7.5501638467156485e-03,
          -2.0780268327455991e-04, 2.0694327539527418e-02,
          4.3118012951878434e-03, 3.0484957786873624e-03,
          4.2996283607905333e-02, 1.3162009277472371e-03,
          -3.5244524404635339e-04, -7.4614267135878279e-05,
          3.7727918088524682e-03, -3.2791510235388559e-03,
          -2.7933125217034531e-03, 6.6382887449131800e-04,
          1.4414056811560886e-03, 1.3162009277472371e-03,
          1.4373018623853600e-02, -6.6842259021368782e-04,
          2.5071572013520373e-03, 3.2539268386050663e-03,
          -1.2309902805439932e-03, 2.9908021324265397e-03,
          3.6958412127541321e-03, 9.3251535661420049e-04,
          -3.5244524404635344e-04, -6.6842259021368782e-04,
          2.7357112294547473e-03, -7.4737490722991031e-04,
          -5.1197355385515760e-03, -2.7746323529290558e-05,
