%YAML:1.0
---
groups:
   - intact
   - CD19
   - blast
intactGmmnames:
   - "intact.Bln050.0"
   - "intact.Bln050.1"
   - "intact.Bln050.2"
   - "intact.Bln050.3"
   - "intact.Bln050.4"
intactLabels:
   - FSC-A
   - SSC-A
   - CD20
   - CD10
   - CD45
   - CD34
   - SYTO41
   - CD19
   - CD38
intactMu: !!opencv-matrix
   rows: 5
   cols: 9
   dt: d
   data: [ 2.8552206910628888e+00, 3.1358984506618159e+00,
       1.3169766532153033e+00, 1.8757661662274372e+00,
       1.8753348713420994e+00, 1.2461686299861701e+00,
       2.8602288750370892e+00, 9.9297029835295780e-01,
       2.4998544105305562e+00, 1.0904304270297775e+00,
       6.1743062448194408e-01, 9.9887716215970079e-01,
       9.6506534182647397e-01, 8.5129874729164579e-01,
       1.1628666353631836e+00, 3.0562110122805830e+00,
       6.2679576993594877e-01, 1.3274660033158667e+00,
       1.2860930920428109e+00, 5.4683841949719802e-01,
       8.4341775201476132e-01, 9.0058959632291424e-01,
       2.4264889223416053e+00, 8.2193984862186220e-01,
       2.6819746624030976e+00, 5.9415552757730783e-01,
       2.6233942707719717e+00, 2.2009422824877780e+00,
       1.3281764045989743e+00, 1.3682970810837813e+00,
       1.1865057807530117e+00, 1.3478732062181826e+00,
       1.3881488349045581e+00, 3.0962335945593646e+00,
       8.8921186954849574e-01, 2.2483422503692756e+00,
       2.5024505324096222e+00, 1.4946494132807695e+00,
       2.2182862951374704e+00, 2.1821170410742212e+00,
       1.3668693349773997e+00, 1.8477636800359591e+00,
       2.7075269902860488e+00, 1.4300582194948226e+00,
       2.4119420439689554e+00 ]
intactSigma:
   - !!opencv-matrix
      rows: 9
      cols: 9
      dt: d
      data: [ 3.3992424631666979e-01, 1.8451887218446084e-01,
          -5.6128225261962636e-03, -3.2967487751518879e-02,
          -6.9006770002293001e-03, 2.0411806388802353e-02,
          -4.9285610101660561e-03, -1.5642089947274698e-03,
          3.3855854735032595e-02, 1.8451887218446086e-01,
          4.1595632120306503e-01, 1.5014672948423419e-02,
          7.4537027738721590e-02, 2.8995550597334763e-02,
          3.5766657128300995e-02, 2.7558154045004318e-03,
          1.7139435316109671e-02, 3.2902816044825728e-02,
          -5.6128225261962636e-03, 1.5014672948423418e-02,
          7.8312754641656143e-02, 5.4889372269749824e-03,
          -3.6375628316227763e-03, 1.5221321098514934e-02,
          1.6175615274373386e-02, 1.0854819373013452e-02,
          2.5513987776522719e-03, -3.2967487751518872e-02,
          7.4537027738721590e-02, 5.4889372269749824e-03,
          2.9011389058728504e-01, 7.1800247506114565e-02,
          -6.6701401146561606e-04, 3.5326975913057453e-03,
          2.2608276182224961e-02, -2.1731054885181598e-02,
          -6.9006770002292984e-03, 2.8995550597334763e-02,
          -3.6375628316227759e-03, 7.1800247506114565e-02,
          5.3960775204487318e-02, 3.9375129457453455e-03,
          -1.4142782526199646e-03, 1.2751026164324775e-02,
          -4.9776753020884228e-03, 2.0411806388802353e-02,
          3.5766657128300995e-02, 1.5221321098514934e-02,
          -6.6701401146561606e-04, 3.9375129457453473e-03,
          5.3974565120030238e-02, 9.1562729733925558e-03,
          3.5982014122479863e-04, 1.1961442272279030e-02,
          -4.9285610101660543e-03, 2.7558154045004331e-03,
          1.6175615274373389e-02, 3.5326975913057440e-03,
          -1.4142782526199648e-03, 9.1562729733925558e-03,
          1.3707767520686698e-02, 7.1927730451869301e-03,
          3.5848999122388234e-03, -1.5642089947274702e-03,
          1.7139435316109671e-02, 1.0854819373013452e-02,
          2.2608276182224961e-02, 1.2751026164324775e-02,
          3.5982014122479912e-04, 7.1927730451869284e-03,
          1.2066847536716559e-01, 7.3722495071617449e-03,
          3.3855854735032595e-02, 3.2902816044825735e-02,
          2.5513987776522714e-03, -2.1731054885181598e-02,
          -4.9776753020884228e-03, 1.1961442272279028e-02,
          3.5848999122388234e-03, 7.3722495071617449e-03,
          5.0123542558481927e-02 ]
   - !!opencv-matrix
      rows: 9
      cols: 9
      dt: d
      data: [ 1.0304409263199803e-01, 2.5322546972886380e-02,
          1.8053752445323710e-03, 1.2172032583843541e-02,
          2.1526554288044120e-03, 4.0586086827502513e-03,
          1.1409397165490538e-02, 2.6569253898169491e-02,
          3.1246206675443984e-02, 2.5322546972886380e-02,
          2.1817941283840434e-02, 8.8259112891718085e-03,
          9.3589120728913289e-03, -1.5175228135933297e-03,
          8.2595709542795537e-03, 1.1391488711782938e-02,
          2.5037163510323646e-02, 3.0023715444130985e-02,
          1.8053752445323710e-03, 8.8259112891718085e-03,
          7.4279142516754895e-02, 1.1468436688778810e-02,
          -7.4244767812154718e-03, 1.5784506419414635e-02,
          1.7274207172234751e-02, 1.1335309343390347e-02,
          4.6202935877882753e-02, 1.2172032583843537e-02,
          9.3589120728913254e-03, 1.1468436688778812e-02,
          6.5614562560922005e-02, -2.0962443195699119e-03,
          8.3131418360114957e-03, 6.6329363754334654e-03,
          1.1629287457176599e-02, 3.2610631819356181e-02,
          2.1526554288044111e-03, -1.5175228135933297e-03,
          -7.4244767812154710e-03, -2.0962443195699136e-03,
          1.7761629513615415e-02, -7.7701188086993769e-03,
          -2.0799066704211628e-02, -8.3888988904856231e-04,
          -4.7419991410092331e-03, 4.0586086827502530e-03,
          8.2595709542795537e-03, 1.5784506419414639e-02,
          8.3131418360114957e-03, -7.7701188086993786e-03,
          5.2455260118815045e-02, 1.5188100002976405e-02,
          2.2118162814493319e-03, 2.4109184868996707e-02,
          1.1409397165490538e-02, 1.1391488711782936e-02,
          1.7274207172234754e-02, 6.6329363754334654e-03,
          -2.0799066704211628e-02, 1.5188100002976409e-02,
          4.0924039793864338e-02, 1.2556987839098139e-02,
          3.3947814200972780e-02, 2.6569253898169491e-02,
          2.5037163510323646e-02, 1.1335309343390347e-02,
          1.1629287457176599e-02, -8.3888988904856285e-04,
          2.2118162814493319e-03, 1.2556987839098139e-02,
          7.7223407290802099e-02, 4.4264692196912925e-02,
          3.1246206675443977e-02, 3.0023715444130985e-02,
          4.6202935877882746e-02, 3.2610631819356181e-02,
          -4.7419991410092331e-03, 2.4109184868996710e-02,
          3.3947814200972780e-02, 4.4264692196912925e-02,
          4.1276887700663262e-01 ]
   - !!opencv-matrix
      rows: 9
      cols: 9
      dt: d
      data: [ 3.0219340506254900e-02, -1.3483862067291820e-03,
          3.1964343000383602e-04, 2.1122204563552970e-03,
          3.0284728071700308e-03, -5.9933304825144685e-04,
          3.1087457927324543e-03, -2.2719283637695434e-03,
          -2.3095704261506173e-03, -1.3483862067291818e-03,
          5.2726090934215424e-03, -2.6828558548908205e-03,
          -2.8524498415163679e-04, 1.6549239897293690e-03,
          -1.5548161585349933e-05, 9.4369646736357780e-04,
          7.8749740188187155e-03, 1.9008313061103625e-02,
          3.1964343000383602e-04, -2.6828558548908214e-03,
          1.5813865220713502e-01, 3.1867007680941570e-02,
          6.6789134101519340e-04, 2.6709504874859562e-03,
          5.2703464717677329e-03, -4.0468191657346041e-03,
          -6.1285605011806486e-02, 2.1122204563552970e-03,
          -2.8524498415163685e-04, 3.1867007680941570e-02,
          6.1800124656637749e-02, 2.1682530495292728e-03,
          9.1374719727651773e-04, 3.8974222603116730e-03,
          6.5645591518310759e-04, -2.8996211571253691e-02,
          3.0284728071700308e-03, 1.6549239897293690e-03,
          6.6789134101519383e-04, 2.1682530495292737e-03,
          2.3191995475974714e-02, 8.0003133544727042e-04,
