%YAML:1.0
---
groups:
   - intact
   - CD19
   - blast
intactGmmnames:
   - "intact.Bln020.0"
   - "intact.Bln020.1"
   - "intact.Bln020.2"
   - "intact.Bln020.3"
   - "intact.Bln020.4"
intactLabels:
   - FSC-A
   - SSC-A
   - CD20
   - CD10
   - CD45
   - CD34
   - SYTO41
   - CD19
   - CD38
intactMu: !!opencv-matrix
   rows: 5
   cols: 9
   dt: d
   data: [ 1.2676981489587917e+00, 5.3639846982212080e-01,
       8.2819716235835938e-01, 8.3160908243724441e-01,
       2.1309514937573786e+00, 6.0326448018464851e-01,
       2.3004621840947816e+00, 5.1937828447825651e-01,
       2.7380385411782475e+00, 2.3922860013933493e+00,
       1.9210821632882933e+00, 7.9829961243633252e-01,
       1.4796571822327553e+00, 1.6963865368291342e+00,
       8.7536112233928554e-01, 2.4973356342257484e+00,
       6.2909466568862715e-01, 1.8691391452476516e+00,
       1.0878028966637747e+00, 3.0890987131748454e-01,
       5.8847439290547121e-01, 8.1774433457965712e-01,
       2.0637271794865746e+00, 5.6718324124387176e-01,
       2.3111005833478924e+00, 5.2734059679852552e-01,
       1.7919501834029541e+00, 1.0350597515746325e+00,
       6.1302349688410107e-01, 5.7228975333408616e-01,
       9.0125919850860714e-01, 9.5410170888986201e-01,
       6.7550168431417446e-01, 2.4565874432630128e+00,
       5.2423508876262015e-01, 1.1970321783495632e+00,
       1.9479303855999239e+00, 7.6478446195130378e-01,
       8.8516596010077864e-01, 8.9337467492224620e-01,
       2.2808013549212394e+00, 6.5198620211366043e-01,
       2.4990319192346182e+00, 6.0747390225017783e-01,
       2.2122279023651008e+00 ]
intactSigma:
   - !!opencv-matrix
      rows: 9
      cols: 9
      dt: d
      data: [ 4.4642336276897426e-02, 9.2265658896184544e-03,
          -1.5301916726263912e-03, 4.6220738795784485e-04,
          4.9176091277985884e-03, 1.1121084189513906e-03,
          1.4614090378677787e-03, -1.1113625727702389e-03,
          3.8371510720492307e-03, 9.2265658896184526e-03,
          2.3326285486460003e-02, 9.4775482697167929e-03,
          1.2576745765512122e-03, 1.2177353238647118e-02,
          2.3706024391803538e-03, 2.7492711088189874e-03,
          2.3655674364230418e-05, 2.0177211256970647e-02,
          -1.5301916726263916e-03, 9.4775482697167929e-03,
          4.2903080323378417e-02, 1.3184437342746596e-03,
          6.1213784111332822e-03, 5.7338555754902166e-03,
          -1.5282732422737733e-04, -1.4086027816665567e-04,
          5.6614383543465638e-02, 4.6220738795784485e-04,
          1.2576745765512124e-03, 1.3184437342746596e-03,
          2.0318948425969759e-03, 1.1467537934674466e-03,
          2.1518678407333905e-04, 1.9940217079004866e-04,
          -2.7764400969527953e-05, 2.1882387969560891e-03,
          4.9176091277985893e-03, 1.2177353238647118e-02,
          6.1213784111332848e-03, 1.1467537934674471e-03,
          2.5689160091741811e-02, 1.6421801635120748e-03,
          1.6285369296390488e-03, -6.2702841295974153e-05,
          1.2229352494318493e-02, 1.1121084189513904e-03,
          2.3706024391803538e-03, 5.7338555754902166e-03,
          2.1518678407333907e-04, 1.6421801635120748e-03,
          3.8535034793874068e-03, 7.0495245858563670e-04,
          -6.8346145930349401e-04, 9.8349681220550687e-03,
          1.4614090378677791e-03, 2.7492711088189883e-03,
          -1.5282732422737763e-04, 1.9940217079004858e-04,
          1.6285369296390483e-03, 7.0495245858563660e-04,
          1.4882840050185949e-02, 5.3131754121375546e-04,
          -4.6199752712967438e-05, -1.1113625727702389e-03,
          2.3655674364230459e-05, -1.4086027816665584e-04,
          -2.7764400969527974e-05, -6.2702841295974194e-05,
          -6.8346145930349401e-04, 5.3131754121375546e-04,
          3.9455814039269805e-03, -4.0259475774295282e-05,
          3.8371510720492307e-03, 2.0177211256970643e-02,
          5.6614383543465645e-02, 2.1882387969560887e-03,
          1.2229352494318496e-02, 9.8349681220550704e-03,
          -4.6199752712967554e-05, -4.0259475774295282e-05,
          1.0973338898397185e-01 ]
   - !!opencv-matrix
      rows: 9
      cols: 9
      dt: d
      data: [ 1.0764137691259852e+00, 1.0201506271113507e+00,
          1.6401318078544912e-02, 2.5442076893791599e-01,
          1.9820178178924541e-01, 2.2128530526033353e-02,
          6.3200024533164581e-04, 1.5912942548725207e-02,
          8.1772787152019910e-02, 1.0201506271113507e+00,
          1.5852699230224554e+00, 1.3295339318337403e-02,
          4.2816236142060315e-01, 1.8145913260120911e-01,
          9.1319083827966930e-03, -2.6389322855556729e-02,
          2.9253272714668110e-02, 3.4493153706742011e-02,
          1.6401318078544912e-02, 1.3295339318337403e-02,
          9.7497655550193324e-02, -3.3607406449074860e-02,
          3.8336332999758904e-03, 6.1572801673785010e-02,
          2.3624276683909602e-02, 2.2374658876108518e-02,
          1.1072349716284213e-01, 2.5442076893791599e-01,
          4.2816236142060315e-01, -3.3607406449074860e-02,
          3.2727632202813001e-01, 1.1282274823660446e-01,
          -1.9570252790103534e-02, -3.6212019182932598e-02,
          1.5397548201141026e-02, -4.3349064646676774e-02,
          1.9820178178924541e-01, 1.8145913260120911e-01,
          3.8336332999758874e-03, 1.1282274823660446e-01,
          2.2819896401042888e-01, -4.5895638377776186e-03,
          -3.3920757022302031e-02, 1.2135704634852707e-02,
          7.9295335722317672e-02, 2.2128530526033353e-02,
          9.1319083827966913e-03, 6.1572801673785010e-02,
          -1.9570252790103534e-02, -4.5895638377776186e-03,
          1.0688958597798799e-01, 2.7593469766792257e-02,
          2.6000409700001986e-02, 5.5816074187964290e-02,
          6.3200024533164646e-04, -2.6389322855556729e-02,
          2.3624276683909602e-02, -3.6212019182932598e-02,
          -3.3920757022302031e-02, 2.7593469766792257e-02,
          6.7565492761504226e-02, 4.1476387460151155e-03,
          4.0083779318874364e-02, 1.5912942548725207e-02,
          2.9253272714668110e-02, 2.2374658876108518e-02,
          1.5397548201141026e-02, 1.2135704634852707e-02,
          2.6000409700001986e-02, 4.1476387460151155e-03,
          3.4505341606475982e-02, 1.0873949494046372e-02,
          8.1772787152019910e-02, 3.4493153706742004e-02,
          1.1072349716284213e-01, -4.3349064646676795e-02,
          7.9295335722317659e-02, 5.5816074187964276e-02,
          4.0083779318874364e-02, 1.0873949494046372e-02,
          4.8046607514104517e-01 ]
   - !!opencv-matrix
      rows: 9
      cols: 9
      dt: d
      data: [ 3.0349493177367872e-02, 4.2572764088617066e-03,
          -1.0940908457677961e-03, 4.9477845288606402e-04,
          3.3550313968099591e-03, -6.3324590832297158e-04,
          -7.6848834834155710e-04, 3.3033907156841291e-05,
          -1.2553188410913810e-02, 4.2572764088617066e-03,
          5.9873438277229362e-03, -6.0380041031138018e-04,
          4.9990311646510525e-04, 3.2648404004489906e-03,
          1.4354767971388809e-04, 1.1270862133359761e-03,
          2.5523229722848232e-04, -1.2932177738608094e-02,
          -1.0940908457677961e-03, -6.0380041031138018e-04,
          5.9484494294261784e-03, -4.7660541963004715e-05,
          -2.8533687507216314e-04, 8.0139245180879383e-05,
          2.1433644348571013e-04, -5.0931131738666245e-05,
          1.1401838479656496e-02, 4.9477845288606402e-04,
          4.9990311646510525e-04, -4.7660541963004735e-05,
          1.0172788540358517e-03, 5.1863514580916599e-04,
          -4.8717741625096873e-05, 3.1223957930776036e-04,
          9.3986277378930457e-05, -1.7216255209192655e-03,
          3.3550313968099591e-03, 3.2648404004489906e-03,
          -2.8533687507216314e-04, 5.1863514580916599e-04,
          1.2010888206389094e-02, 8.5917691506912899e-05,
