%YAML:1.0
---
groups:
   - intact
   - CD19
   - blast
intactGmmnames:
   - "intact.Bln088.0"
   - "intact.Bln088.1"
   - "intact.Bln088.2"
   - "intact.Bln088.3"
   - "intact.Bln088.4"
intactLabels:
   - FSC-A
   - SSC-A
   - CD20
   - CD10
   - CD45
   - CD34
   - SYTO41
   - CD19
   - CD38
intactMu: !!opencv-matrix
   rows: 5
   cols: 9
   dt: d
   data: [ 3.1517295896042912e+00, 2.9296067444306351e+00,
       1.2377170842631875e+00, 2.4419139072413052e+00,
       1.6449528024022912e+00, 1.3100325433021409e+00,
       2.7128586843743934e+00, 1.0642659385663413e+00,
       2.5321993069830881e+00, 2.7574775601634252e+00,
       1.8889965163424316e+00, 1.1960407964738911e+00,
       1.5993273814970652e+00, 2.1256814984219057e+00,
       1.5628843660642171e+00, 2.6275189188193608e+00,
       1.1902740493437343e+00, 3.0057226107101376e+00,
       1.2861802175434076e+00, 3.1010006663872736e-01,
       8.5118984464290970e-01, 8.8898362053827473e-01,
       2.4877959603964719e+00, 7.5584923399324178e-01,
       2.5229444896707678e+00, 7.8243116677620872e-01,
       2.0645287166227528e+00, 3.2917486789864441e+00,
       3.1333875233447803e+00, 1.1502691931388291e+00,
       2.7078823182373775e+00, 2.0622924976691515e+00,
       1.2609956650610159e+00, 2.5313720653466794e+00,
       1.0826587003707848e+00, 2.5826819986086123e+00,
       1.4357221229029593e+00, 4.1694842472615939e-01,
       1.0866124475728633e+00, 8.9141307334615050e-01,
       2.5157006024554422e+00, 7.8877852570264151e-01,
       2.5073197057838241e+00, 8.0850947610621127e-01,
       2.4560223133183334e+00 ]
intactSigma:
   - !!opencv-matrix
      rows: 9
      cols: 9
      dt: d
      data: [ 4.3368723143352939e-01, 1.5195195881883969e-01,
          1.4449644389230460e-02, 8.0445697017794277e-03,
          7.2382187662939496e-03, 2.9570097158313484e-02,
          -7.8776557538844123e-03, 6.4640655520803551e-03,
          2.1911546672743268e-02, 1.5195195881883966e-01,
          3.3112956204648381e-01, 2.7477308920493802e-02,
          3.3229023599922636e-02, 9.7610784863085276e-03,
          4.3330878050349429e-02, -9.5065852328138772e-03,
          2.1093693648550717e-02, 3.9851690814947133e-02,
          1.4449644389230458e-02, 2.7477308920493802e-02,
          3.3110304337184759e-02, 9.8171168650990053e-03,
          4.5870265172313603e-03, 1.7315296824645020e-02,
          9.9497888554015528e-03, 7.2246604919551692e-03,
          8.7128650890398764e-03, 8.0445697017794242e-03,
          3.3229023599922629e-02, 9.8171168650990053e-03,
          6.3506234572770562e-02, 2.0723133108397070e-02,
          1.6203955021206400e-02, 8.8538208020953642e-03,
          1.3734027954715490e-02, 1.2607924466030053e-02,
          7.2382187662939496e-03, 9.7610784863085276e-03,
          4.5870265172313620e-03, 2.0723133108397070e-02,
          2.5868261780139169e-02, 1.0178634927828585e-02,
          3.6690189706509477e-03, 6.1508600253167480e-03,
          6.3286651322901066e-03, 2.9570097158313487e-02,
          4.3330878050349429e-02, 1.7315296824645020e-02,
          1.6203955021206400e-02, 1.0178634927828587e-02,
          7.1048949524745122e-02, 1.5681451334437671e-02,
          5.1736649868059682e-04, 2.0357611880005781e-02,
          -7.8776557538844140e-03, -9.5065852328138755e-03,
          9.9497888554015528e-03, 8.8538208020953659e-03,
          3.6690189706509485e-03, 1.5681451334437671e-02,
          2.1009975163449331e-02, 6.8275526170317275e-03,
          6.0076751214812032e-03, 6.4640655520803560e-03,
          2.1093693648550717e-02, 7.2246604919551692e-03,
          1.3734027954715490e-02, 6.1508600253167471e-03,
          5.1736649868059693e-04, 6.8275526170317258e-03,
          1.1594161067359654e-01, 7.7258393207678714e-03,
          2.1911546672743261e-02, 3.9851690814947133e-02,
          8.7128650890398729e-03, 1.2607924466030049e-02,
          6.3286651322901066e-03, 2.0357611880005781e-02,
          6.0076751214812032e-03, 7.7258393207678706e-03,
          2.8165439751539029e-02 ]
   - !!opencv-matrix
      rows: 9
      cols: 9
      dt: d
      data: [ 7.5330307006228503e-01, 5.4223978244383275e-01,
          1.0888373066108679e-01, 1.7476186759324636e-01,
          8.8997719034420580e-02, 8.1755044636031476e-02,
          -8.5593116208371629e-03, 9.5263326616081723e-02,
          2.6125903413222185e-02, 5.4223978244383264e-01,
          7.5511692270997843e-01, 1.2266598177664301e-01,
          2.1882979310117362e-01, 2.9989301795706802e-02,
          2.1017987201131710e-02, -9.5021793694864496e-03,
          8.2825076921135776e-02, -4.7085205575910359e-02,
          1.0888373066108679e-01, 1.2266598177664301e-01,
          1.8400653871985850e-01, 7.1312555706190953e-02,
          -3.2589738055805724e-03, 6.3973674457052182e-02,
          2.0686805597658085e-02, 8.9943391910237452e-02,
          8.2572658134032317e-03, 1.7476186759324636e-01,
          2.1882979310117362e-01, 7.1312555706190953e-02,
          3.5638436789473577e-01, 2.2949955935429051e-02,
          2.7278009235914488e-02, 1.0052164052333962e-02,
          6.6512932462987034e-02, -1.0232667818424553e-01,
          8.8997719034420580e-02, 2.9989301795706795e-02,
          -3.2589738055805763e-03, 2.2949955935429051e-02,
          3.0902288857433691e-01, 8.2929104647314081e-02,
          4.7810827041213949e-02, 6.8936201724578608e-02,
          2.3811112117338507e-01, 8.1755044636031476e-02,
          2.1017987201131703e-02, 6.3973674457052182e-02,
          2.7278009235914492e-02, 8.2929104647314081e-02,
          2.0955422090352505e-01, 2.9598629324443675e-02,
          9.7271458548704406e-02, 1.6329689420606780e-01,
          -8.5593116208371647e-03, -9.5021793694864479e-03,
          2.0686805597658085e-02, 1.0052164052333968e-02,
          4.7810827041213949e-02, 2.9598629324443675e-02,
          5.9549377838573454e-02, 3.0544504422718149e-02,
          5.2065489452013135e-02, 9.5263326616081723e-02,
          8.2825076921135776e-02, 8.9943391910237452e-02,
          6.6512932462987034e-02, 6.8936201724578608e-02,
          9.7271458548704406e-02, 3.0544504422718149e-02,
          2.3198617112815875e-01, 9.2587190735388944e-02,
          2.6125903413222174e-02, -4.7085205575910359e-02,
          8.2572658134032317e-03, -1.0232667818424551e-01,
          2.3811112117338507e-01, 1.6329689420606780e-01,
          5.2065489452013121e-02, 9.2587190735388958e-02,
          4.0825209806210061e-01 ]
   - !!opencv-matrix
      rows: 9
      cols: 9
      dt: d
      data: [ 5.0298343100883096e-02, 5.9310102782484100e-03,
          5.5900706415175523e-04, 5.2614340429668724e-04,
          8.9017028360590267e-03, -2.4507702831841451e-03,
          3.8319300609166752e-03, 1.7442513573574141e-03,
          -1.2860141006100029e-02, 5.9310102782484100e-03,
          9.5920564909157072e-03, 6.0624511728261889e-04,
          8.4250870097833446e-04, 6.0888249772567031e-03,
          5.1636594492773336e-04, 3.9942550085419965e-03,
          1.9009024435253244e-03, -2.5228531026183464e-02,
          5.5900706415175502e-04, 6.0624511728261889e-04,
          1.4423885750199979e-02, 8.0883997371590673e-04,
          5.4908393743859920e-04, -6.6694266868022665e-04,
          8.6408871715429694e-04, -1.2960693936362802e-03,
          -1.1474982847240718e-02, 5.2614340429668713e-04,
          8.4250870097833446e-04, 8.0883997371590673e-04,
          8.0180782734255527e-03, 1.3551175768207592e-03,
          1.8687440745355726e-04, 1.0875012937748504e-03,
          4.4985956255244857e-04, -5.1029110741973929e-04,
          8.9017028360590250e-03, 6.0888249772567023e-03,
          5.4908393743859942e-04, 1.3551175768207599e-03,
          1.5252486542962983e-02, 1.0402521277926850e-03,
          5.4058403480352563e-03, 2.1935313021049707e-03,
