%YAML:1.0
---
groups:
   - intact
   - CD19
   - blast
intactGmmnames:
   - "intact.Bln038.0"
   - "intact.Bln038.1"
   - "intact.Bln038.2"
   - "intact.Bln038.3"
   - "intact.Bln038.4"
intactLabels:
   - FSC-A
   - SSC-A
   - CD20
   - CD10
   - CD45
   - CD34
   - SYTO41
   - CD19
   - CD38
intactMu: !!opencv-matrix
   rows: 5
   cols: 9
   dt: d
   data: [ 9.6411480112065229e-01, 2.6948945952242570e-01,
       7.6284580149532710e-01, 7.6856081768626194e-01,
       2.6950301037724165e+00, 9.1517948906009206e-01,
       2.7804527515031650e+00, 7.6585603315788719e-01,
       2.5978755853589064e+00, 1.3918977275021811e+00,
       5.2605006140657917e-01, 8.6081735328064013e-01,
       8.2300601582483912e-01, 2.1464654939810797e+00,
       1.0629493936011347e+00, 2.8884748684331165e+00,
       8.0507042484722580e-01, 2.2820069098074511e+00,
       1.2629210702289277e+00, 4.4701511700196161e-01,
       9.1477054016931258e-01, 7.7536044370346624e-01,
       2.8251039244191567e+00, 8.1461443150550006e-01,
       2.7310185416414807e+00, 7.6793591829780794e-01,
       1.8894864081006841e+00, 1.0000656895742475e+00,
       3.1425674551311267e-01, 7.9411264458367581e-01,
       8.0053361894204877e-01, 2.6189891360000583e+00,
       8.2362512167749646e-01, 2.5909710690927876e+00,
       7.4531807457251120e-01, 1.5225687588344774e+00,
       2.0424157790498545e+00, 1.3876495828305104e+00,
       1.2121846122663060e+00, 1.7457925412340232e+00,
       2.3301656071743824e+00, 1.3915686752426022e+00,
       2.7782483697463749e+00, 1.0362487096144031e+00,
       1.9338506484629454e+00 ]
intactSigma:
   - !!opencv-matrix
      rows: 9
      cols: 9
      dt: d
      data: [ 5.2587788638168736e-02, 2.5477019226820097e-03,
          -6.3371246058035293e-03, 7.5263723118588533e-04,
          4.7950532901130495e-03, -1.8676258973587420e-02,
          -2.5818741636430515e-02, -8.0355293377416337e-04,
          2.3680199283971698e-03, 2.5477019226820092e-03,
          2.2013887197393361e-03, 2.0011801294600752e-04,
          1.1872815809551632e-03, 2.1973112622069111e-03,
          -2.9057631796030708e-04, -1.5830414899741761e-03,
          6.6181160178490435e-04, -2.1559124060038814e-03,
          -6.3371246058035284e-03, 2.0011801294600768e-04,
          1.0011622181542983e-01, 7.1449114433871810e-04,
          -1.4328055126313637e-04, 1.2326070808304228e-03,
          6.6691648327742055e-03, -2.2998483729241128e-03,
          -9.3687739402468617e-03, 7.5263723118588533e-04,
          1.1872815809551636e-03, 7.1449114433871854e-04,
          3.1628380274556278e-02, 1.2557892104438052e-03,
          8.6949296147677984e-04, 9.6539117771836846e-04,
          -1.4355338959341996e-04, -3.3556567616435606e-03,
          4.7950532901130495e-03, 2.1973112622069115e-03,
          -1.4328055126313583e-04, 1.2557892104438050e-03,
          6.3661122484273188e-03, -8.3126922554139409e-04,
          -2.0071047154415532e-03, 3.1743394913786931e-04,
          -2.9534261160417152e-03, -1.8676258973587420e-02,
          -2.9057631796030676e-04, 1.2326070808304237e-03,
          8.6949296147678049e-04, -8.3126922554139387e-04,
          3.8632748984813829e-02, 1.5186436129733359e-02,
          -7.2553647151507887e-03, 2.1445866076896106e-04,
          -2.5818741636430515e-02, -1.5830414899741761e-03,
          6.6691648327742055e-03, 9.6539117771836836e-04,
          -2.0071047154415532e-03, 1.5186436129733359e-02,
          2.6129947087798710e-02, -1.4700677007789233e-04,
          -5.8193686584089334e-03, -8.0355293377416359e-04,
          6.6181160178490446e-04, -2.2998483729241123e-03,
          -1.4355338959342069e-04, 3.1743394913786942e-04,
          -7.2553647151507887e-03, -1.4700677007789176e-04,
          7.7072071875515027e-02, -4.9092480195585498e-03,
          2.3680199283971706e-03, -2.1559124060038814e-03,
          -9.3687739402468617e-03, -3.3556567616435597e-03,
          -2.9534261160417160e-03, 2.1445866076896019e-04,
          -5.8193686584089334e-03, -4.9092480195585464e-03,
          1.3739113769629813e-01 ]
   - !!opencv-matrix
      rows: 9
      cols: 9
      dt: d
      data: [ 3.8867232307865318e-01, 8.5770233052350930e-02,
          -2.9346343990542287e-03, 2.3970573721137950e-02,
          4.3671942469447245e-01, 1.7140590506675286e-02,
          3.2707016997550187e-02, 7.1286522352417326e-04,
          3.2332621233189429e-01, 8.5770233052350944e-02,
          4.8061942689913290e-02, 5.3680706606924972e-04,
          1.4729427082861988e-02, 6.0028992971860144e-02,
          1.9610204198968102e-02, 2.8008340373878452e-02,
          7.6799271319555351e-04, 4.8904140963463405e-02,
          -2.9346343990542230e-03, 5.3680706606924994e-04,
          1.6944388973190966e-01, -1.4978089892035346e-03,
          2.2691321753514869e-02, 1.5243533378484849e-02,
          1.2600436858770082e-02, 4.8211801615067502e-03,
          -5.7122126981127147e-03, 2.3970573721137950e-02,
          1.4729427082861988e-02, -1.4978089892035357e-03,
          7.2405570637820216e-02, -7.7194706823267879e-03,
          1.6121611041392224e-02, 2.3742404118072453e-02,
          2.8071440174813884e-03, 8.5473354559283937e-03,
          4.3671942469447250e-01, 6.0028992971860144e-02,
          2.2691321753514869e-02, -7.7194706823267879e-03,
          1.1761895728913321e+00, 1.4202966830092836e-02,
          -5.1820928806702776e-02, -8.5734743988015467e-03,
          8.8071250832943182e-01, 1.7140590506675286e-02,
          1.9610204198968102e-02, 1.5243533378484853e-02,
          1.6121611041392224e-02, 1.4202966830092843e-02,
          7.4920400558519007e-02, 5.2124525925755366e-02,
          -1.1186614481723631e-03, 3.0371729777955016e-02,
          3.2707016997550187e-02, 2.8008340373878445e-02,
          1.2600436858770082e-02, 2.3742404118072456e-02,
          -5.1820928806702762e-02, 5.2124525925755366e-02,
          1.2540541875650027e-01, 2.0855942999446708e-02,
          -5.5675075721405835e-02, 7.1286522352417814e-04,
          7.6799271319555394e-04, 4.8211801615067485e-03,
          2.8071440174813867e-03, -8.5734743988015484e-03,
          -1.1186614481723631e-03, 2.0855942999446715e-02,
          9.5644508431595762e-02, -4.3458535292012906e-03,
          3.2332621233189429e-01, 4.8904140963463405e-02,
          -5.7122126981127095e-03, 8.5473354559283850e-03,
          8.8071250832943171e-01, 3.0371729777955016e-02,
          -5.5675075721405835e-02, -4.3458535292012950e-03,
          1.0673424849585944e+00 ]
   - !!opencv-matrix
      rows: 9
      cols: 9
      dt: d
      data: [ 4.1803075827276173e-02, 6.2766727576862353e-05,
          -3.9016323026628538e-04, 1.9695495502853769e-03,
          6.3575972565813022e-04, -1.2724340213265885e-03,
          1.8202884729971792e-03, -1.2386108937491108e-03,
          2.8792079162584133e-03, 6.2766727576862340e-05,
          1.1011441956450100e-02, -4.3708341528356466e-03,
          1.8613894428431267e-03, 6.2898470799096435e-03,
          2.1043213826327533e-03, 3.6559654803529013e-03,
          -4.2755682603504407e-04, 3.2788143837098924e-02,
          -3.9016323026628663e-04, -4.3708341528356466e-03,
          2.0237581563072399e-01, 3.8083803085779957e-03,
          -3.3209043496947354e-03, -3.7467379263603617e-03,
          -4.6697330901958903e-04, -3.4401624589528389e-03,
          -1.4706614714277141e-01, 1.9695495502853764e-03,
          1.8613894428431267e-03, 3.8083803085779957e-03,
          5.6651738264587539e-02, 2.2893962069614593e-04,
          -1.3746725717857021e-03, 3.5000818861059390e-03,
          6.1434704990101171e-04, -5.8940802739981882e-03,
          6.3575972565813022e-04, 6.2898470799096435e-03,
          -3.3209043496947332e-03, 2.2893962069614585e-04,
          9.6927194114556428e-03, 1.5040287777730288e-03,
