%YAML:1.0
---
groups:
   - intact
   - CD19
   - blast
intactGmmnames:
   - "intact.Bln041.0"
   - "intact.Bln041.1"
   - "intact.Bln041.2"
   - "intact.Bln041.3"
   - "intact.Bln041.4"
intactLabels:
   - FSC-A
   - SSC-A
   - CD20
   - CD10
   - CD45
   - CD34
   - SYTO41
   - CD19
   - CD38
intactMu: !!opencv-matrix
   rows: 5
   cols: 9
   dt: d
   data: [ 1.0799268421018215e+00, 2.5847646537946850e-01,
       7.1837349983492593e-01, 8.2429748057512542e-01,
       2.1819228110712752e+00, 7.9993420612207755e-01,
       2.0339031771673763e+00, 8.1450986705780160e-01,
       2.4664326481844006e+00, 9.8308253493908182e-01,
       4.1558735317418266e-01, 8.5873159084108674e-01,
       9.9489595367589179e-01, 8.3089854424902942e-01,
       1.0338355081736643e+00, 2.1691415143732997e+00,
       8.3052205104068810e-01, 1.0797703808688319e+00,
       1.0742823734278770e+00, 3.3028291773354679e-01,
       7.7326033238223901e-01, 9.2915717136993314e-01,
       2.1311032198101976e+00, 7.7311293204450371e-01,
       1.9272623780085978e+00, 8.4137458939717669e-01,
       1.8798507151979038e+00, 1.1408905867426691e+00,
       4.4556296877160312e-01, 6.8162805184617292e-01,
       8.6440793900413082e-01, 2.0527642698942730e+00,
       8.9526634919037540e-01, 2.0671525570881828e+00,
       8.4435982026485767e-01, 2.9037045789330427e+00,
       1.9133124150827596e+00, 1.3311335409964076e+00,
       1.0052649256962465e+00, 1.4478877335390823e+00,
       1.4841816369306862e+00, 1.4015958998762792e+00,
       2.2354708464313284e+00, 1.0166008560903543e+00,
       2.3136931524154933e+00 ]
intactSigma:
   - !!opencv-matrix
      rows: 9
      cols: 9
      dt: d
      data: [ 2.1316404479520348e-02, 8.4355400572532077e-04,
          -1.4242133463125411e-03, 6.5840388454664947e-04,
          2.0322374870361693e-03, -1.7309498508460972e-03,
          -1.7729671061921160e-04, -3.0706958539435954e-04,
          1.5099375153864024e-03, 8.4355400572532077e-04,
          2.1938285051706311e-03, 1.3189495643687227e-04,
          4.1476260971846918e-04, 2.3673975373019766e-03,
          -3.5492877354159451e-04, 3.3485765623001600e-04,
          2.1951217015060543e-04, -1.6507470434498701e-04,
          -1.4242133463125421e-03, 1.3189495643687227e-04,
          8.1618188713785081e-02, -1.1295104198908259e-04,
          -3.8273994367802585e-04, -1.7468852000945580e-03,
          1.9901038893354959e-03, -8.5313407562599992e-03,
          -1.7350303232157888e-02, 6.5840388454664926e-04,
          4.1476260971846923e-04, -1.1295104198908256e-04,
          1.1272270270709680e-02, 6.5944679611829862e-04,
          -2.9211787686815268e-04, 7.7996694082731416e-04,
          5.3123086522942169e-04, -6.1065739498756459e-05,
          2.0322374870361689e-03, 2.3673975373019766e-03,
          -3.8273994367802564e-04, 6.5944679611829862e-04,
          8.8994608804367440e-03, -6.3160354751040160e-04,
          8.5366345992534136e-04, 4.2664551408393543e-04,
          -1.0793387067943758e-03, -1.7309498508460970e-03,
          -3.5492877354159456e-04, -1.7468852000945573e-03,
          -2.9211787686815252e-04, -6.3160354751040193e-04,
          2.7208783218841844e-02, 2.8840257546720056e-03,
          -5.0486126299809919e-03, 6.7158980846075333e-03,
          -1.7729671061921166e-04, 3.3485765623001616e-04,
          1.9901038893354954e-03, 7.7996694082731416e-04,
          8.5366345992534114e-04, 2.8840257546720056e-03,
          8.2543958637990699e-03, 2.0618402499529664e-03,
          -2.4353669791290339e-03, -3.0706958539435954e-04,
          2.1951217015060538e-04, -8.5313407562600009e-03,
          5.3123086522942158e-04, 4.2664551408393516e-04,
          -5.0486126299809919e-03, 2.0618402499529664e-03,
          6.9719624260879701e-02, -1.6242018543541623e-03,
          1.5099375153864003e-03, -1.6507470434498698e-04,
          -1.7350303232157888e-02, -6.1065739498756541e-05,
          -1.0793387067943763e-03, 6.7158980846075350e-03,
          -2.4353669791290331e-03, -1.6242018543541619e-03,
          1.5349504756216711e-01 ]
   - !!opencv-matrix
      rows: 9
      cols: 9
      dt: d
      data: [ 8.0574288186670034e-02, 2.2573507897545017e-02,
          6.0307073479472263e-03, 1.5957485607628146e-02,
          9.7080274461062172e-03, 1.7943639805250586e-02,
          2.5415935917233689e-02, 5.6517787894107855e-03,
          4.8038982201664762e-02, 2.2573507897545014e-02,
          1.6778828911102231e-02, 4.3547220227770824e-03,
          9.1845438645724222e-03, 5.1409140579689646e-03,
          1.0194748915174931e-02, 1.2934794275034824e-02,
          2.1535575440480006e-03, 2.2733067584000528e-02,
          6.0307073479472263e-03, 4.3547220227770833e-03,
          4.3383270786036897e-02, 7.0034673254207730e-03,
          1.8232700375002057e-03, 1.9272315925162112e-03,
          4.6275889613506104e-03, -4.6071930275054362e-03,
          5.3009913666783801e-03, 1.5957485607628150e-02,
          9.1845438645724222e-03, 7.0034673254207730e-03,
          7.7816516976493541e-02, 3.9704152788321819e-03,
          8.9322181233059180e-03, 1.1286878862481753e-02,
          3.2563849511151113e-03, 4.6317542911555494e-02,
          9.7080274461062172e-03, 5.1409140579689655e-03,
          1.8232700375002057e-03, 3.9704152788321810e-03,
          6.2525527115169875e-03, 4.0388017202045668e-03,
          6.4537215477765506e-04, 1.4211720627411266e-03,
          2.0301952450066350e-02, 1.7943639805250586e-02,
          1.0194748915174932e-02, 1.9272315925162110e-03,
          8.9322181233059163e-03, 4.0388017202045668e-03,
          5.3037337028703821e-02, 1.8600366511997844e-02,
          -5.7453549996421063e-03, 2.6265426529414444e-02,
          2.5415935917233689e-02, 1.2934794275034824e-02,
          4.6275889613506104e-03, 1.1286878862481755e-02,
          6.4537215477765517e-04, 1.8600366511997844e-02,
          3.8053487002590147e-02, 5.0735252379849214e-03,
          2.6950428719466849e-02, 5.6517787894107873e-03,
          2.1535575440480006e-03, -4.6071930275054379e-03,
          3.2563849511151131e-03, 1.4211720627411272e-03,
          -5.7453549996421063e-03, 5.0735252379849240e-03,
          8.6264819309461796e-02, 2.2167206367172468e-02,
          4.8038982201664762e-02, 2.2733067584000538e-02,
          5.3009913666783801e-03, 4.6317542911555494e-02,
          2.0301952450066350e-02, 2.6265426529414444e-02,
          2.6950428719466856e-02, 2.2167206367172468e-02,
          4.3977613251670239e-01 ]
   - !!opencv-matrix
      rows: 9
      cols: 9
      dt: d
      data: [ 2.5982923676431024e-02, 1.8457316143920290e-03,
          1.9275367774421309e-04, -3.5273648703896345e-04,
          4.8234363370717962e-03, 5.3953080136983408e-04,
          7.6746483692272383e-03, 1.4260491420717849e-03,
          -1.6072667553533791e-02, 1.8457316143920279e-03,
          9.4209350035376928e-03, 1.5940949225477881e-03,
          1.8044412228430855e-03, 9.2178577498458081e-03,
          2.2605384093617683e-03, 9.2228157653824385e-03,
          8.1962669393098489e-04, -1.1425568885716648e-02,
          1.9275367774421314e-04, 1.5940949225477883e-03,
          5.1413880415503224e-02, 5.3272348882700549e-03,
          3.7154690808598855e-03, -3.1338697086297679e-04,
          6.3701202174756260e-03, -3.4529644992678707e-03,
          -1.0298531168355088e-02, -3.5273648703896345e-04,
          1.8044412228430866e-03, 5.3272348882700531e-03,
          5.7813331589582122e-02, 1.0797303216605268e-02,
          6.0717828659592908e-03, 1.3465841005430081e-02,
          1.2343905571609198e-02, 3.4009290256538836e-02,
          4.8234363370717979e-03, 9.2178577498458081e-03,
          3.7154690808598851e-03, 1.0797303216605266e-02,
          2.9484867802451589e-02, 6.1357360345618110e-03,
