%YAML:1.0
---
groups:
   - intact
   - CD19
   - blast
intactGmmnames:
   - "intact.Bln004.0"
   - "intact.Bln004.1"
   - "intact.Bln004.2"
   - "intact.Bln004.3"
   - "intact.Bln004.4"
intactLabels:
   - FSC-A
   - SSC-A
   - CD20
   - CD10
   - CD45
   - CD34
   - SYTO41
   - CD19
   - CD38
intactMu: !!opencv-matrix
   rows: 5
   cols: 9
   dt: d
   data: [ 7.7121524434065247e-01, 4.3264417655569498e-01,
       5.4353173550299427e-01, 5.0153035690115699e-01,
       7.4568688791350701e-01, 6.6944684855384418e-01,
       2.2844369804331559e+00, 5.0866803756131829e-01,
       9.7228791532919079e-01, 2.3857850897737234e+00,
       1.8938034053121462e+00, 6.8217387300313004e-01,
       1.1435510891288447e+00, 1.4217829159602922e+00,
       8.2415288325958513e-01, 2.3311104086737919e+00,
       6.0320744045240737e-01, 1.5929601495650922e+00,
       1.4155637209918837e+00, 4.0264460003516994e-01,
       5.2469600840121378e-01, 5.6114466144383646e-01,
       1.9001807842613183e+00, 5.7181234305747086e-01,
       1.8908212890787757e+00, 5.1534267493146457e-01,
       1.8672463138531425e+00, 1.4146027867112079e+00,
       3.6342850015501083e-01, 5.3815968042731777e-01,
       5.5309383824157976e-01, 1.7214431858368491e+00,
       5.6673336414116671e-01, 1.9585406921574713e+00,
       5.1287799806358003e-01, 5.9313091744671320e-01,
       7.5248479983828320e-01, 2.7466827201637500e-01,
       5.4651346164120784e-01, 5.3781844983935667e-01,
       1.8176397518669496e+00, 6.1412924796295687e-01,
       2.2745397595573875e+00, 5.2680882049420974e-01,
       1.2927401665135958e+00 ]
intactSigma:
   - !!opencv-matrix
      rows: 9
      cols: 9
      dt: d
      data: [ 1.0332170610466727e-01, 3.7049318822748215e-02,
          -6.6534030695140464e-05, 2.9633622511183503e-03,
          9.9879242904996456e-03, 6.8685331214242609e-03,
          4.6021654614595720e-03, -5.3775856199743432e-04,
          7.4965798594933353e-02, 3.7049318822748215e-02,
          2.5631342445412385e-02, 1.6088563883667433e-04,
          6.5237652856099714e-04, 4.2838730817869796e-03,
          4.9129258662488967e-03, 9.7090162628426496e-03,
          -2.4109922952180590e-04, 4.4648147213105505e-02,
          -6.6534030695140599e-05, 1.6088563883667430e-04,
          2.9818749327415240e-03, 5.7723030062293960e-04,
          -1.8730245267353382e-05, 8.7674407431089950e-04,
          2.7335105157170231e-03, -1.6725647874412701e-04,
          -4.6946866541542412e-03, 2.9633622511183507e-03,
          6.5237652856099725e-04, 5.7723030062293938e-04,
          2.5008892606454017e-02, 2.4121337102991748e-03,
          7.5468480790670693e-05, -5.0180554157244640e-03,
          -5.3720358615101564e-05, 7.8950751214894570e-03,
          9.9879242904996456e-03, 4.2838730817869796e-03,
          -1.8730245267353433e-05, 2.4121337102991748e-03,
          5.7390201918493897e-03, 1.1129249981581843e-03,
          -2.6065869033752463e-03, 1.7405265620693274e-04,
          2.0643626620095099e-02, 6.8685331214242617e-03,
          4.9129258662488958e-03, 8.7674407431089917e-04,
          7.5468480790670504e-05, 1.1129249981581843e-03,
          7.7520249278136477e-03, 7.6251322511351064e-03,
          -5.4148896391834056e-04, 8.1697719700753874e-03,
          4.6021654614595720e-03, 9.7090162628426496e-03,
          2.7335105157170231e-03, -5.0180554157244640e-03,
          -2.6065869033752471e-03, 7.6251322511351064e-03,
          5.0808399103752851e-02, 1.1686423359073533e-03,
          -8.9776239644061770e-03, -5.3775856199743410e-04,
          -2.4109922952180579e-04, -1.6725647874412701e-04,
          -5.3720358615101618e-05, 1.7405265620693282e-04,
          -5.4148896391834035e-04, 1.1686423359073533e-03,
          3.9148817594324078e-03, 6.7561018036218622e-04,
          7.4965798594933367e-02, 4.4648147213105512e-02,
          -4.6946866541542412e-03, 7.8950751214894570e-03,
          2.0643626620095099e-02, 8.1697719700753856e-03,
          -8.9776239644061805e-03, 6.7561018036218568e-04,
          2.8868573977687834e-01 ]
   - !!opencv-matrix
      rows: 9
      cols: 9
      dt: d
      data: [ 8.3286268590694157e-01, 5.7933349243231480e-01,
          -2.2782398484461419e-03, 1.5947067877428828e-01,
          -7.4770159741985977e-03, 3.1667997698948167e-02,
          1.1482375610927745e-02, -1.2200119759373124e-02,
          1.1294892036374876e-01, 5.7933349243231480e-01,
          1.1383414954191131e+00, -2.3708130301306599e-02,
          3.6745737990468014e-01, 4.1024472543675243e-02,
          7.9118345552367467e-03, -1.7147521996317191e-02,
          -1.9306233900296059e-02, 1.6527451177878591e-01,
          -2.2782398484461406e-03, -2.3708130301306599e-02,
          6.4804094646925436e-02, -1.7084575291598908e-03,
          3.3624691085278845e-02, 1.7166100984945479e-02,
          -1.8528080822601569e-03, 2.9901979045056766e-02,
          -1.4142541955270620e-04, 1.5947067877428830e-01,
          3.6745737990468014e-01, -1.7084575291598917e-03,
          3.2535760295625216e-01, 7.0151207869050894e-02,
          1.3793014667289813e-02, -2.9970098053380644e-02,
          6.1308359856914619e-03, 6.6304071796280853e-02,
          -7.4770159741986003e-03, 4.1024472543675250e-02,
          3.3624691085278845e-02, 7.0151207869050894e-02,
          2.0747382541160389e-01, 1.5290029630005720e-02,
          -5.0138589716328133e-02, 2.9900092487048960e-02,
          9.6596643637717930e-02, 3.1667997698948167e-02,
          7.9118345552367450e-03, 1.7166100984945479e-02,
          1.3793014667289813e-02, 1.5290029630005720e-02,
          5.5677107849173908e-02, 8.4146907567137722e-03,
          1.4470753772472037e-02, 3.5731524842465327e-02,
          1.1482375610927745e-02, -1.7147521996317191e-02,
          -1.8528080822601569e-03, -2.9970098053380655e-02,
          -5.0138589716328133e-02, 8.4146907567137687e-03,
          9.8357671800959889e-02, -6.4763260944565026e-03,
          -2.6910493166418678e-02, -1.2200119759373124e-02,
          -1.9306233900296059e-02, 2.9901979045056766e-02,
          6.1308359856914593e-03, 2.9900092487048960e-02,
          1.4470753772472037e-02, -6.4763260944565026e-03,
          4.0844984529842802e-02, 7.9283774186739032e-03,
          1.1294892036374876e-01, 1.6527451177878594e-01,
          -1.4142541955270620e-04, 6.6304071796280853e-02,
          9.6596643637717930e-02, 3.5731524842465327e-02,
          -2.6910493166418678e-02, 7.9283774186739032e-03,
          4.6074707853490449e-01 ]
   - !!opencv-matrix
      rows: 9
      cols: 9
      dt: d
      data: [ 1.0822664699583751e-01, 1.3399991761881207e-02,
          -1.7580750200874571e-03, -1.0326923935334987e-03,
          1.8977337069774385e-02, -8.1019070494381114e-04,
          6.4395612187893303e-03, -9.0794268755374865e-04,
          1.4140232620423278e-02, 1.3399991761881207e-02,
          2.0070734381642065e-02, -2.7021593140068379e-03,
          -4.4847967953384434e-04, 1.9101575670856751e-03,
          2.3499756355573596e-03, 1.7829946531203345e-03,
          -9.2893251083480931e-05, 4.7215878048430228e-02,
          -1.7580750200874580e-03, -2.7021593140068387e-03,
          1.0991742455093398e-02, 8.6772391415479628e-04,
          1.4873040179001072e-03, -7.6343450729825604e-04,
          7.8012488802368029e-04, 3.2420596715824454e-04,
          -2.1946632823577335e-02, -1.0326923935334990e-03,
          -4.4847967953384456e-04, 8.6772391415479650e-04,
          9.2226696075556960e-03, 4.1888433032750624e-03,
          -5.0331386615109098e-04, 2.0260761457952003e-04,
          2.0275837788313319e-04, -5.4433753554458076e-03,
          1.8977337069774385e-02, 1.9101575670856751e-03,
          1.4873040179001081e-03, 4.1888433032750624e-03,
          9.4251175613644059e-02, 1.7308360785711087e-03,
