%YAML:1.0
---
groups:
   - intact
   - CD19
   - blast
intactGmmnames:
   - "intact.Bln029.0"
   - "intact.Bln029.1"
   - "intact.Bln029.2"
   - "intact.Bln029.3"
   - "intact.Bln029.4"
intactLabels:
   - FSC-A
   - SSC-A
   - CD20
   - CD10
   - CD45
   - CD34
   - SYTO41
   - CD19
   - CD38
intactMu: !!opencv-matrix
   rows: 5
   cols: 9
   dt: d
   data: [ 1.1136981254027556e+00, 4.2260774198266854e-01,
       6.9055969624749958e-01, 6.3592802199140530e-01,
       2.2459889966184878e+00, 6.4126244314382819e-01,
       2.1626605081728685e+00, 5.5780214740242573e-01,
       1.8561181192984144e+00, 2.9554088022774021e+00,
       3.4798214242937084e+00, 7.5644021292385799e-01,
       2.2352214038740095e+00, 2.0269160032069871e+00,
       8.8817563503657815e-01, 2.1679375248186985e+00,
       6.8065151846785887e-01, 1.9571515707635221e+00,
       7.7566546797705305e-01, 2.6573815503200598e-01,
       6.9581823060675430e-01, 6.0873732531399860e-01,
       2.1880804823962201e+00, 6.8510207290105551e-01,
       2.2942433468962973e+00, 5.6366437506603939e-01,
       1.8337442751576778e+00, 2.4890623778098666e+00,
       1.8775684430258703e+00, 1.1075862293459682e+00,
       1.4350911079192130e+00, 2.0021980199033123e+00,
       1.0697079959845084e+00, 2.3203868682592463e+00,
       8.2095092861351082e-01, 2.1715496957120934e+00,
       8.9669155989330496e-01, 4.6978161315158479e-01,
       6.3237288480673515e-01, 8.4123483401042332e-01,
       9.4405406672318459e-01, 7.6380759312953483e-01,
       2.2803743628681246e+00, 5.5957261702314876e-01,
       1.6636918391157351e+00 ]
intactSigma:
   - !!opencv-matrix
      rows: 9
      cols: 9
      dt: d
      data: [ 7.8238780236446537e-02, 1.5278203873556407e-02,
          7.0689767010014286e-04, 2.0032993287201831e-03,
          1.8758838624396708e-02, 2.4291615581602329e-03,
          1.4764214026321179e-02, 2.2474386812302831e-04,
          1.2710745291812264e-02, 1.5278203873556407e-02,
          1.8381468756013104e-02, 5.3899102999907652e-03,
          2.3779578957982008e-03, 1.4208668157295738e-02,
          3.0304697883316908e-03, 7.7078269234049784e-03,
          4.7052988081371517e-04, 3.4062660369425471e-02,
          7.0689767010014275e-04, 5.3899102999907652e-03,
          2.3528446352482028e-02, 2.4587760393717318e-03,
          6.4106020901008448e-03, 5.5744017449493345e-03,
          6.5554464804846073e-03, 1.1561968422928455e-03,
          5.5663356152948117e-02, 2.0032993287201826e-03,
          2.3779578957982008e-03, 2.4587760393717318e-03,
          1.5176115034408307e-02, 4.3356998149481360e-03,
          2.0913762009874700e-03, 6.0841778949816084e-03,
          3.3455578646289562e-04, -5.7580519465026583e-04,
          1.8758838624396711e-02, 1.4208668157295741e-02,
          6.4106020901008448e-03, 4.3356998149481360e-03,
          4.2434183640065584e-02, 1.1778373062922144e-03,
          1.5165997306656106e-02, -1.1920868364599034e-04,
          4.3017653769993537e-02, 2.4291615581602320e-03,
          3.0304697883316908e-03, 5.5744017449493345e-03,
          2.0913762009874708e-03, 1.1778373062922142e-03,
          1.0491882188413090e-02, 8.7644783160297415e-03,
          7.5346089624717810e-04, 6.9288495033427953e-03,
          1.4764214026321179e-02, 7.7078269234049784e-03,
          6.5554464804846073e-03, 6.0841778949816084e-03,
          1.5165997306656106e-02, 8.7644783160297415e-03,
          3.5233985019751224e-02, 1.9640346201853899e-03,
          3.1777163027809580e-03, 2.2474386812302788e-04,
          4.7052988081371517e-04, 1.1561968422928457e-03,
          3.3455578646289557e-04, -1.1920868364599031e-04,
          7.5346089624717810e-04, 1.9640346201853899e-03,
          7.7906676246558264e-03, 8.2069246820490522e-04,
          1.2710745291812264e-02, 3.4062660369425471e-02,
          5.5663356152948117e-02, -5.7580519465026550e-04,
          4.3017653769993537e-02, 6.9288495033427953e-03,
          3.1777163027809576e-03, 8.2069246820490663e-04,
          4.1648645522599864e-01 ]
   - !!opencv-matrix
      rows: 9
      cols: 9
      dt: d
      data: [ 3.3674205145326902e-01, 1.2911958794203246e-01,
          1.7201953592685556e-02, -2.2075638737731229e-03,
          2.0303035419614562e-02, 2.2914761561382273e-02,
          1.6976376424664898e-02, 8.9709269575380512e-03,
          3.0303170308768924e-02, 1.2911958794203246e-01,
          3.2850408630070338e-01, 1.2275860284633146e-02,
          2.2518812546014313e-02, 1.5617490697431411e-02,
          1.6109877337814594e-02, 4.5688078583330004e-03,
          6.2923861545508952e-03, 4.4138515939995439e-02,
          1.7201953592685552e-02, 1.2275860284633145e-02,
          2.0000474943050777e-02, 4.2606274381572929e-03,
          4.3335300937231763e-03, 8.5739521355762890e-03,
          4.0946438461227684e-03, 6.8795589447431171e-03,
          1.2929215167068481e-02, -2.2075638737731247e-03,
          2.2518812546014309e-02, 4.2606274381572929e-03,
          1.2875550590710605e-01, 4.0487867138713197e-02,
          1.2396035438853635e-02, -1.3653333094197881e-04,
          1.4092316236127684e-02, 1.1012659837169802e-02,
          2.0303035419614559e-02, 1.5617490697431407e-02,
          4.3335300937231763e-03, 4.0487867138713204e-02,
          3.6790340328675480e-02, 1.0839156913021784e-02,
          4.2318414188599199e-03, 8.7826999718383161e-03,
          1.0836483518427031e-02, 2.2914761561382273e-02,
          1.6109877337814594e-02, 8.5739521355762890e-03,
          1.2396035438853635e-02, 1.0839156913021784e-02,
          2.3730860922594393e-02, 8.2732162487870204e-03,
          4.4762713232880452e-03, 1.2875331509922294e-02,
          1.6976376424664898e-02, 4.5688078583330004e-03,
          4.0946438461227693e-03, -1.3653333094197840e-04,
          4.2318414188599199e-03, 8.2732162487870221e-03,
          1.7564747537721814e-02, 2.2893943733663024e-03,
          6.0148872341759720e-03, 8.9709269575380512e-03,
          6.2923861545508917e-03, 6.8795589447431171e-03,
          1.4092316236127682e-02, 8.7826999718383161e-03,
          4.4762713232880461e-03, 2.2893943733663020e-03,
          2.4635367962289385e-02, 8.4762319869237761e-03,
          3.0303170308768924e-02, 4.4138515939995432e-02,
          1.2929215167068481e-02, 1.1012659837169802e-02,
          1.0836483518427031e-02, 1.2875331509922294e-02,
          6.0148872341759729e-03, 8.4762319869237761e-03,
          4.8653988414574224e-02 ]
   - !!opencv-matrix
      rows: 9
      cols: 9
      dt: d
      data: [ 2.6007266386018572e-02, 1.0244516095229109e-03,
          -2.1966951785963424e-03, -2.2945748642807539e-04,
          1.6333038404142616e-03, -3.6453638163022896e-03,
          -6.5528630170248727e-03, -5.1592285979999480e-04,
          -6.4019338320969949e-04, 1.0244516095229107e-03,
          3.0270437318059302e-03, 6.3891073896174772e-04,
          9.5373248379021828e-04, 2.5082058314189275e-03,
          1.5347194257621561e-03, 1.2681042917258767e-03,
          6.0584180288832785e-04, -4.0044392019426556e-03,
          -2.1966951785963428e-03, 6.3891073896174761e-04,
          9.6808357247627590e-03, 1.0396845330301456e-03,
          9.8832888455548977e-05, 1.5803567428182698e-03,
          2.3948380318599585e-03, 1.6672335341741667e-04,
          8.4169390409278306e-03, -2.2945748642807547e-04,
          9.5373248379021871e-04, 1.0396845330301456e-03,
          7.6784133255358537e-03, 1.8060237822686476e-03,
          9.5407866850094733e-04, 1.0043442995730483e-03,
          5.5701818022376207e-04, -8.6488408206373979e-05,
          1.6333038404142616e-03, 2.5082058314189275e-03,
          9.8832888455549099e-05, 1.8060237822686482e-03,
          1.3647113988447599e-02, 1.2056456406002629e-03,
          1.2917026325315953e-03, 7.8887495743921467e-04,
