%YAML:1.0
---
groups:
   - intact
   - CD19
   - blast
intactGmmnames:
   - "intact.Bln042.0"
   - "intact.Bln042.1"
   - "intact.Bln042.2"
   - "intact.Bln042.3"
   - "intact.Bln042.4"
intactLabels:
   - FSC-A
   - SSC-A
   - CD20
   - CD10
   - CD45
   - CD34
   - SYTO41
   - CD19
   - CD38
intactMu: !!opencv-matrix
   rows: 5
   cols: 9
   dt: d
   data: [ 1.2692588050777709e+00, 3.5501868865155073e-01,
       8.7355046234923595e-01, 8.0627686439757551e-01,
       2.4297969772710402e+00, 8.8546916006719389e-01,
       2.5923465465270632e+00, 9.2755813539904919e-01,
       1.6943558421859279e+00, 2.5053577564420730e+00,
       2.1136406896903130e+00, 1.2302203152882794e+00,
       1.3611483999465150e+00, 1.6138959770163324e+00,
       1.3776630894208330e+00, 2.7306023680197540e+00,
       1.1949736617046425e+00, 2.5424899267688996e+00,
       3.0061782658068950e+00, 2.9371623311641510e+00,
       1.2253012351139507e+00, 2.5655423423677033e+00,
       2.0551693248098490e+00, 1.2265996821725622e+00,
       2.7296760279946928e+00, 1.0673428892452905e+00,
       2.5611575745362845e+00, 9.2492935898565254e-01,
       2.5481925727393145e-01, 7.6580819565241709e-01,
       8.0746336287637410e-01, 2.4378832177486616e+00,
       9.2326500349845741e-01, 2.7328501077263532e+00,
       8.9012442063868680e-01, 2.1363503703716140e+00,
       9.4560748897397440e-01, 4.7671385181897341e-01,
       8.6298875508654516e-01, 9.0008797154569919e-01,
       5.4842735042536506e-01, 1.0760675082774256e+00,
       2.9199805046199585e+00, 9.3697298263352402e-01,
       1.7548007167167463e+00 ]
intactSigma:
   - !!opencv-matrix
      rows: 9
      cols: 9
      dt: d
      data: [ 8.6901202091834218e-02, 7.8045507690679373e-03,
          2.0940207195928153e-03, 2.8314693527193339e-03,
          1.2591129558370086e-02, -2.3324445274331630e-03,
          7.9408849131579994e-03, 5.9043124003879737e-03,
          6.5546661997106280e-03, 7.8045507690679364e-03,
          9.6111238415559404e-03, 3.0819350185548040e-03,
          2.3370801809510723e-03, 7.7499123784244396e-03,
          2.0021805334993403e-03, 5.2107253707803476e-03,
          3.8927398407407245e-03, 3.9107531734225700e-03,
          2.0940207195928170e-03, 3.0819350185548031e-03,
          1.1916540891258987e-01, 6.3451345533069598e-03,
          1.4388595089309045e-02, 1.2726975058669028e-03,
          6.0223838682931744e-03, 2.2845223586319779e-04,
          -2.7686612507491232e-02, 2.8314693527193347e-03,
          2.3370801809510723e-03, 6.3451345533069598e-03,
          2.9725515245140718e-02, 3.7729834881382526e-03,
          4.7287477704399168e-04, 3.6900193297241717e-03,
          -4.3576728362199995e-04, 4.9439253809564800e-03,
          1.2591129558370086e-02, 7.7499123784244396e-03,
          1.4388595089309045e-02, 3.7729834881382518e-03,
          3.2139006833504104e-02, 2.7007455837803683e-03,
          1.1636678031716472e-02, 6.8258224941664513e-03,
          9.0233552640796438e-03, -2.3324445274331639e-03,
          2.0021805334993403e-03, 1.2726975058669021e-03,
          4.7287477704399162e-04, 2.7007455837803683e-03,
          1.4549023203259384e-02, 5.3179744141173399e-03,
          -1.2558427097909565e-03, 7.4895981149536561e-03,
          7.9408849131579976e-03, 5.2107253707803476e-03,
          6.0223838682931744e-03, 3.6900193297241717e-03,
          1.1636678031716469e-02, 5.3179744141173407e-03,
          2.5115200111243016e-02, 4.8335457991672600e-03,
          -1.2059898078208163e-02, 5.9043124003879720e-03,
          3.8927398407407254e-03, 2.2845223586319811e-04,
          -4.3576728362199974e-04, 6.8258224941664504e-03,
          -1.2558427097909561e-03, 4.8335457991672600e-03,
          7.4283211549155723e-02, 2.3300092182972736e-03,
          6.5546661997106280e-03, 3.9107531734225700e-03,
          -2.7686612507491229e-02, 4.9439253809564808e-03,
          9.0233552640796421e-03, 7.4895981149536561e-03,
          -1.2059898078208165e-02, 2.3300092182972736e-03,
          7.7916021679529235e-01 ]
   - !!opencv-matrix
      rows: 9
      cols: 9
      dt: d
      data: [ 1.0003005036811978e+00, 8.1165386443177046e-01,
          1.0365860223600931e-01, 1.1472425710426182e-01,
          2.1527933850844611e-01, 8.3531767647954721e-03,
          1.2348347229118952e-02, 9.8333135024291241e-04,
          2.3863547382533593e-01, 8.1165386443177046e-01,
          1.1163463953051378e+00, 1.2154464148295209e-01,
          1.6356393775068798e-01, 1.8717295065585302e-01,
          1.0533736285261015e-02, 7.2723830038761150e-03,
          -8.0594941206828426e-03, 2.5249826224890681e-01,
          1.0365860223600931e-01, 1.2154464148295209e-01,
          2.3970810410811014e-01, 3.6962124950935385e-02,
          4.7037507230448111e-02, 4.4093830908402500e-02,
          1.9547121891717121e-02, 7.1553289681883875e-02,
          3.3542958894631658e-02, 1.1472425710426182e-01,
          1.6356393775068798e-01, 3.6962124950935385e-02,
          3.0921341703766375e-01, 9.0673082688789208e-02,
          2.1002467093008199e-02, 4.5536427594490690e-02,
          5.9014573980587376e-02, 5.7756874443181741e-02,
          2.1527933850844611e-01, 1.8717295065585302e-01,
          4.7037507230448111e-02, 9.0673082688789208e-02,
          3.3929725219398527e-01, 1.9652591269383568e-02,
          -8.1405022181199518e-03, 5.2365910704632319e-02,
          1.5819320530036218e-01, 8.3531767647954634e-03,
          1.0533736285261011e-02, 4.4093830908402507e-02,
          2.1002467093008199e-02, 1.9652591269383568e-02,
          1.7219744865012795e-01, 3.9674089103058210e-02,
          1.1141982503109543e-01, 4.4351588701282176e-02,
          1.2348347229118954e-02, 7.2723830038761168e-03,
          1.9547121891717121e-02, 4.5536427594490690e-02,
          -8.1405022181199448e-03, 3.9674089103058210e-02,
          9.5038457673716756e-02, 3.0155980753652483e-02,
          4.4858707074996618e-02, 9.8333135024292065e-04,
          -8.0594941206828426e-03, 7.1553289681883875e-02,
          5.9014573980587362e-02, 5.2365910704632326e-02,
          1.1141982503109543e-01, 3.0155980753652487e-02,
          2.8764020072922603e-01, -1.0360254852860320e-02,
          2.3863547382533593e-01, 2.5249826224890681e-01,
          3.3542958894631658e-02, 5.7756874443181741e-02,
          1.5819320530036218e-01, 4.4351588701282176e-02,
          4.4858707074996611e-02, -1.0360254852860323e-02,
          4.4054047505724520e-01 ]
   - !!opencv-matrix
      rows: 9
      cols: 9
      dt: d
      data: [ 3.8196757931839775e-01, 1.9594556143050157e-01,
          2.2721853905954791e-02, 8.2818466202260379e-03,
          1.0210145303221292e-02, 2.6341989594077179e-02,
          -8.7158030842272340e-03, 4.4362395161183683e-03,
          2.5052173479486118e-02, 1.9594556143050157e-01,
          3.7558876903365268e-01, 4.1884968450727582e-02,
          2.8795830100603229e-02, 1.4395598217620941e-02,
          4.8830047477932133e-02, -2.9483878855103480e-03,
          1.3612918828068961e-02, 4.6612746123793757e-02,
          2.2721853905954791e-02, 4.1884968450727589e-02,
          7.2569987706287378e-02, 1.1305159155362926e-02,
          8.0288083740374556e-03, 2.0208541041896400e-02,
          1.0665576832201247e-02, 5.0500296650721945e-03,
          5.9298980419781825e-03, 8.2818466202260344e-03,
          2.8795830100603229e-02, 1.1305159155362926e-02,
          7.8274916547086432e-02, 2.0649188079354622e-02,
          8.0930571935880005e-03, 3.3104554214189032e-03,
          1.2220248418142933e-02, 7.1958240112157392e-03,
          1.0210145303221292e-02, 1.4395598217620948e-02,
          8.0288083740374574e-03, 2.0649188079354622e-02,
          2.0965127961869709e-02, 7.7787885132613449e-03,
          1.5676182102671527e-03, 6.8375305294176292e-03,
