%YAML:1.0
---
groups:
   - intact
   - CD19
intactGmmnames:
   - "intact.Bln018.0"
   - "intact.Bln018.1"
   - "intact.Bln018.2"
   - "intact.Bln018.3"
   - "intact.Bln018.4"
intactLabels:
   - FSC-A
   - SSC-A
   - CD20
   - CD10
   - CD45
   - CD34
   - SYTO41
   - CD19
   - CD38
intactMu: !!opencv-matrix
   rows: 5
   cols: 9
   dt: d
   data: [ 1.8207352738225455e+00, 1.1930683771603776e+00,
       5.7824748554907301e-01, 7.6149038225920085e-01,
       2.2724671447809532e+00, 7.2096896303154290e-01,
       2.5925599443852887e+00, 5.4563438245117546e-01,
       2.8506018008628309e+00, 9.4940710623170499e-01,
       3.4486172085939143e-01, 5.3465774917523656e-01,
       6.6920956250087049e-01, 2.2055342916044420e+00,
       6.1706320150362703e-01, 2.7094804406523876e+00,
       5.1738943201175369e-01, 1.5599466495834968e+00,
       7.1942415064489151e-01, 3.2922714544465553e-01,
       5.2470365332819491e-01, 7.5015893620332552e-01,
       8.0810100578043309e-01, 6.4354987729644719e-01,
       2.7266283448542228e+00, 5.0139303953049563e-01,
       9.0722621855113073e-01, 2.2825704432845857e+00,
       1.5812889540482964e+00, 7.5546873333163800e-01,
       1.0628451983268046e+00, 1.7772822078453809e+00,
       8.5697183199353322e-01, 2.6608786623462448e+00,
       6.5541153418385467e-01, 1.8514833920051363e+00,
       2.6432563486494129e+00, 3.2605861711458419e+00,
       6.0724560705658515e-01, 1.9303706988521983e+00,
       1.7019548300551830e+00, 7.7185959324764319e-01,
       2.6529769461326600e+00, 5.4390893462749745e-01,
       1.8061022835888465e+00 ]
intactSigma:
   - !!opencv-matrix
      rows: 9
      cols: 9
      dt: d
      data: [ 2.5307615721667243e-01, 1.5782623715758995e-01,
          2.2377228946134638e-03, 2.6962707548293042e-02,
          -1.0187052131058414e-02, 2.1236785146214542e-02,
          2.4589764091151069e-02, 1.1327245976530642e-02,
          -3.8089561373377635e-02, 1.5782623715758995e-01,
          2.4964571772076538e-01, 7.1566300283554410e-03,
          3.8448220174868708e-02, -1.6016053458166566e-02,
          2.6733113086537370e-02, 2.5628793604947131e-02,
          1.3562353480374711e-02, -4.0039510894986752e-02,
          2.2377228946134638e-03, 7.1566300283554410e-03,
          2.3870354071795448e-02, 1.9983041488275950e-03,
          1.9900084131224032e-03, 4.0406400397656897e-03,
          2.3317938301368937e-03, 7.9966060824022771e-04,
          8.4717519022990753e-03, 2.6962707548293042e-02,
          3.8448220174868701e-02, 1.9983041488275959e-03,
          1.4495484967542466e-02, -4.5655174502910126e-03,
          4.8820067970011356e-03, 5.1760158840756026e-03,
          2.8474791473948246e-03, -7.8589439454799549e-03,
          -1.0187052131058413e-02, -1.6016053458166566e-02,
          1.9900084131224040e-03, -4.5655174502910126e-03,
          3.1393055314372836e-02, 3.4382398729509000e-03,
          3.4194881977211242e-03, -6.9041497621543507e-04,
          1.6127342838198010e-02, 2.1236785146214542e-02,
          2.6733113086537370e-02, 4.0406400397656897e-03,
          4.8820067970011373e-03, 3.4382398729509000e-03,
          1.1066651801301489e-02, 6.4171059584327743e-03,
          9.8515741677209509e-04, 4.1688662889588710e-03,
          2.4589764091151069e-02, 2.5628793604947131e-02,
          2.3317938301368928e-03, 5.1760158840756026e-03,
          3.4194881977211234e-03, 6.4171059584327743e-03,
          3.6296622009585111e-02, 2.9503261225870903e-03,
          2.7355152622554651e-04, 1.1327245976530642e-02,
          1.3562353480374713e-02, 7.9966060824022739e-04,
          2.8474791473948246e-03, -6.9041497621543507e-04,
          9.8515741677209466e-04, 2.9503261225870912e-03,
          8.9468110048153884e-03, -2.4441988947616331e-03,
          -3.8089561373377628e-02, -4.0039510894986752e-02,
          8.4717519022990753e-03, -7.8589439454799549e-03,
          1.6127342838198010e-02, 4.1688662889588710e-03,
          2.7355152622554629e-04, -2.4441988947616327e-03,
          7.1030631082130632e-02 ]
   - !!opencv-matrix
      rows: 9
      cols: 9
      dt: d
      data: [ 1.4770717072208553e-01, 1.7179282633873673e-02,
          -2.2025340706342605e-03, -4.4113096457168405e-04,
          1.7172971948688071e-02, -8.1641170155188469e-03,
          -4.5025694352961436e-02, -1.5089564968573937e-03,
          -5.0137336307586503e-02, 1.7179282633873673e-02,
          1.1225385392715732e-02, 4.9596917513783758e-04,
          3.1532017276282587e-04, 7.0766862114972863e-03,
          7.0978633515453174e-04, -3.7713089549957402e-03,
          1.2657085236728320e-04, -7.6720176271085081e-03,
          -2.2025340706342601e-03, 4.9596917513783747e-04,
          5.5758525280660848e-03, 1.8392222503982552e-04,
          -3.6370593919302123e-04, 3.7221078249370860e-04,
          2.2899877332330453e-03, -6.4214557964044006e-05,
          -2.5079998153882499e-03, -4.4113096457168438e-04,
          3.1532017276282587e-04, 1.8392222503982547e-04,
          3.2587556769115970e-03, -1.1497040982938534e-03,
          2.4747443239226660e-04, 9.8482323605419671e-04,
          6.4600616912392967e-05, -2.8002270294155279e-03,
          1.7172971948688071e-02, 7.0766862114972863e-03,
          -3.6370593919302123e-04, -1.1497040982938532e-03,
          2.0830948728396460e-02, 5.5090340837198981e-04,
          -1.9909517103374992e-03, 3.9681895743473735e-04,
          7.0301346231460542e-03, -8.1641170155188486e-03,
          7.0978633515453174e-04, 3.7221078249370876e-04,
          2.4747443239226671e-04, 5.5090340837198992e-04,
          4.6358925043193224e-03, 7.1074905525800626e-03,
          -1.9258480839693474e-04, 5.5046640439945504e-03,
          -4.5025694352961436e-02, -3.7713089549957410e-03,
          2.2899877332330449e-03, 9.8482323605419693e-04,
          -1.9909517103374992e-03, 7.1074905525800626e-03,
          7.0166214978924779e-02, 2.1277788714497196e-03,
          2.2778370606073257e-02, -1.5089564968573937e-03,
          1.2657085236728315e-04, -6.4214557964044073e-05,
          6.4600616912392967e-05, 3.9681895743473713e-04,
          -1.9258480839693466e-04, 2.1277788714497187e-03,
          4.4900211541959350e-03, 4.5908510407878468e-04,
          -5.0137336307586503e-02, -7.6720176271085081e-03,
          -2.5079998153882499e-03, -2.8002270294155279e-03,
          7.0301346231460525e-03, 5.5046640439945496e-03,
          2.2778370606073257e-02, 4.5908510407878511e-04,
          3.8060920460805958e-01 ]
   - !!opencv-matrix
      rows: 9
      cols: 9
      dt: d
      data: [ 5.5876183303028189e-02, 1.2541544526611378e-02,
          3.4572755409704694e-04, 2.2188778619490015e-03,
          7.0974723675487524e-03, 1.4624760126693342e-03,
          -1.6610468739971771e-02, -1.9729902110958412e-04,
          8.1599878815480746e-03, 1.2541544526611378e-02,
          1.1964021916934305e-02, 4.3286182884382050e-04,
          3.5408132034226627e-03, 1.1734745342147604e-03,
          3.1323356902339134e-03, 4.0661320955164828e-03,
          4.3254823531892314e-04, 1.3473713053833367e-02,
          3.4572755409704694e-04, 4.3286182884382066e-04,
          2.4680059640309407e-03, 2.7359116808174059e-04,
          -7.4575200780400264e-05, 1.3111123270536931e-05,
          8.6902997667795561e-05, 3.7229326520520202e-05,
          4.0546617742040855e-04, 2.2188778619490015e-03,
          3.5408132034226618e-03, 2.7359116808174059e-04,
          1.1036324847740345e-02, -6.8329748394103636e-05,
          2.0783309224672404e-03, 3.4025584511209080e-03,
          3.2781488676988447e-04, 1.1121288976392680e-02,
          7.0974723675487524e-03, 1.1734745342147608e-03,
          -7.4575200780400291e-05, -6.8329748394103663e-05,
          9.0476419663172488e-03, -8.3995784828610424e-04,
          -1.9043983077623335e-02, -2.8803329335494530e-04,
