%YAML:1.0
---
groups:
   - intact
   - CD19
intactGmmnames:
   - "intact.Bln075.0"
   - "intact.Bln075.1"
   - "intact.Bln075.2"
   - "intact.Bln075.3"
   - "intact.Bln075.4"
intactLabels:
   - FSC-A
   - SSC-A
   - CD20
   - CD10
   - CD45
   - CD34
   - SYTO41
   - CD19
   - CD38
intactMu: !!opencv-matrix
   rows: 5
   cols: 9
   dt: d
   data: [ 3.3910105408334421e+00, 2.9463582662054866e+00,
       1.4072413423161754e+00, 2.7155608468356065e+00,
       2.2775153471325744e+00, 1.3498336424866237e+00,
       2.5251946058784926e+00, 1.0044815837744721e+00,
       2.6012904101081427e+00, 1.1339670931129093e+00,
       2.4371756727825955e-01, 1.1931297350619214e+00,
       9.0592133907950745e-01, 2.3972127285202047e+00,
       8.8546016259183480e-01, 2.6493229695624723e+00,
       7.6640672730995341e-01, 2.0678417147787469e+00,
       2.6740751118348287e+00, 2.1799789476694365e+00,
       1.4799788260552278e+00, 2.2930415413096021e+00,
       1.7372839094757617e+00, 1.3907036887577557e+00,
       2.7651370387329708e+00, 1.0196636567193906e+00,
       2.3661813054732135e+00, 1.0798373986946743e+00,
       3.5872280831043468e-01, 9.3817249259612956e-01,
       1.0330664725391629e+00, 8.9059191312505281e-01,
       1.1188321687634568e+00, 2.6686640531137145e+00,
       7.3205070023987484e-01, 2.1705396207251360e+00,
       2.4889921096909506e+00, 1.3513473761965844e+00,
       1.3656642831103283e+00, 1.2878838358965057e+00,
       1.9976727181816782e+00, 1.4528987259849939e+00,
       2.7434608074459326e+00, 9.4440530734073236e-01,
       2.7720033099116668e+00 ]
intactSigma:
   - !!opencv-matrix
      rows: 9
      cols: 9
      dt: d
      data: [ 3.0311671410810787e-01, 1.3047408573491209e-01,
          2.7905519667809821e-02, 6.8287250102735501e-03,
          7.0429444002320261e-03, 3.9046013108378456e-02,
          9.0398885821857226e-03, 1.1986038004368784e-02,
          2.0345058161597412e-02, 1.3047408573491209e-01,
          3.3814002493347878e-01, 2.5583918022530953e-02,
          1.4515535624497066e-02, -3.4262864630196798e-04,
          4.5480253366116760e-02, 5.5770063526154870e-03,
          1.9010878137937958e-02, 4.8050853201157130e-02,
          2.7905519667809821e-02, 2.5583918022530946e-02,
          8.2773781496115389e-02, 9.5988385055795506e-03,
          7.2372964942215611e-03, 3.0375739752877148e-02,
          8.2897386719312516e-03, 1.2028653521503521e-02,
          2.2060862201174512e-02, 6.8287250102735484e-03,
          1.4515535624497072e-02, 9.5988385055795523e-03,
          8.8032313037862783e-02, 1.3694881892203008e-02,
          9.3796617194186823e-04, 2.7906168260420079e-03,
          1.3229163896151303e-02, 1.2586674930540915e-03,
          7.0429444002320270e-03, -3.4262864630196809e-04,
          7.2372964942215611e-03, 1.3694881892203008e-02,
          1.4171608152697667e-02, 8.4070109174777044e-03,
          3.7123575789069869e-03, 5.9999425389371929e-03,
          2.0969560622521558e-03, 3.9046013108378450e-02,
          4.5480253366116760e-02, 3.0375739752877148e-02,
          9.3796617194186942e-04, 8.4070109174777044e-03,
          1.1378304843370160e-01, 1.2761880447314088e-02,
          -7.4200714148331534e-03, 2.0492286242851772e-02,
          9.0398885821857244e-03, 5.5770063526154835e-03,
          8.2897386719312516e-03, 2.7906168260420079e-03,
          3.7123575789069869e-03, 1.2761880447314088e-02,
          1.2524227706071256e-02, 3.1540808345841020e-03,
          3.8667490103072716e-03, 1.1986038004368784e-02,
          1.9010878137937958e-02, 1.2028653521503518e-02,
          1.3229163896151303e-02, 5.9999425389371929e-03,
          -7.4200714148331525e-03, 3.1540808345841020e-03,
          1.5140491911321463e-01, 8.4556239741184654e-03,
          2.0345058161597412e-02, 4.8050853201157123e-02,
          2.2060862201174512e-02, 1.2586674930540921e-03,
          2.0969560622521562e-03, 2.0492286242851772e-02,
          3.8667490103072716e-03, 8.4556239741184654e-03,
          4.0019484954593620e-02 ]
   - !!opencv-matrix
      rows: 9
      cols: 9
      dt: d
      data: [ 9.8397579732642418e-02, 4.6912622289917898e-03,
          -2.9852066730829711e-03, 7.8486603619874480e-04,
          7.3551953991782045e-03, -2.1512113516005425e-02,
          -9.6267621691598273e-03, -3.1768916297597446e-03,
          -6.2406433719905847e-02, 4.6912622289917915e-03,
          4.5715673184182348e-03, 2.6730428549718238e-03,
          1.0915214218388404e-03, 3.0287846372321200e-03,
          1.4405681312488934e-03, 2.2181760226442851e-04,
          8.5516399703152476e-04, -1.4909715849941878e-02,
          -2.9852066730829711e-03, 2.6730428549718238e-03,
          8.0416207395049968e-02, 1.9274201288144756e-03,
          3.7128478365017815e-03, 5.7652194643181363e-03,
          6.2331617353532246e-03, 2.6861892966206034e-03,
          -2.0952952284231812e-02, 7.8486603619874501e-04,
          1.0915214218388406e-03, 1.9274201288144751e-03,
          1.0964614264248978e-02, 1.6319492398190365e-03,
          6.7111051742109527e-04, 1.1969844634289550e-03,
          5.4611253458655890e-04, -3.1720221583464011e-03,
          7.3551953991782045e-03, 3.0287846372321200e-03,
          3.7128478365017815e-03, 1.6319492398190363e-03,
          1.2896133892328928e-02, 8.7086005194628277e-04,
          3.8524029785749541e-03, 1.4096920091498126e-03,
          -7.0276837278870621e-03, -2.1512113516005425e-02,
          1.4405681312488932e-03, 5.7652194643181371e-03,
          6.7111051742109505e-04, 8.7086005194628299e-04,
          4.4309135344508283e-02, 9.2397379035814107e-03,
          -4.6814275086359295e-03, 1.9315044781086466e-02,
          -9.6267621691598255e-03, 2.2181760226442856e-04,
          6.2331617353532246e-03, 1.1969844634289555e-03,
          3.8524029785749541e-03, 9.2397379035814107e-03,
          1.4487170740752307e-02, 2.5048032075868760e-03,
          1.1678644736506630e-02, -3.1768916297597446e-03,
          8.5516399703152476e-04, 2.6861892966206042e-03,
          5.4611253458655804e-04, 1.4096920091498126e-03,
          -4.6814275086359295e-03, 2.5048032075868764e-03,
          7.2510182701410492e-02, 1.2781207185258918e-03,
          -6.2406433719905847e-02, -1.4909715849941879e-02,
          -2.0952952284231812e-02, -3.1720221583463990e-03,
          -7.0276837278870647e-03, 1.9315044781086463e-02,
          1.1678644736506630e-02, 1.2781207185258924e-03,
          3.4766115318625090e-01 ]
   - !!opencv-matrix
      rows: 9
      cols: 9
      dt: d
      data: [ 6.2866242911028791e-01, 3.2294747297861054e-01,
          3.9082859009365249e-02, 8.2277557318808509e-02,
          1.1213550780924898e-01, 6.2325555466063998e-02,
          -2.3733317008460797e-03, 3.1257495705758975e-02,
          8.4354738256788450e-02, 3.2294747297861054e-01,
          4.2847467491285129e-01, 2.3044811081168019e-02,
          4.0259356622399232e-02, 5.1926125884848115e-02,
          3.1244184703592217e-02, -1.3091515525926377e-02,
          1.7917377247077291e-02, 7.1583540666146653e-02,
          3.9082859009365249e-02, 2.3044811081168012e-02,
          5.6377089604275656e-02, 1.7628383766454689e-02,
          2.6067160581371453e-02, 4.1302977804206539e-02,
          2.4209023611621180e-02, 2.3518405488317750e-02,
          3.4286167482871589e-02, 8.2277557318808509e-02,
          4.0259356622399232e-02, 1.7628383766454692e-02,
          1.5886543032559824e-01, 1.3175583903553351e-01,
          3.4248785554495481e-02, -5.4835916467186746e-03,
          2.3449708800782884e-02, 5.8962747342492745e-02,
          1.1213550780924898e-01, 5.1926125884848122e-02,
          2.6067160581371443e-02, 1.3175583903553351e-01,
          1.8419688729448994e-01, 4.2976651276543293e-02,
          -9.0329427209116901e-03, 2.3459593611393284e-02,
