%YAML:1.0
---
groups:
   - intact
   - CD19
   - blast
intactGmmnames:
   - "intact.Bln001.0"
   - "intact.Bln001.1"
   - "intact.Bln001.2"
   - "intact.Bln001.3"
   - "intact.Bln001.4"
intactLabels:
   - FSC-A
   - SSC-A
   - CD20
   - CD10
   - CD45
   - CD34
   - SYTO41
   - CD19
   - CD38
intactMu: !!opencv-matrix
   rows: 5
   cols: 9
   dt: d
   data: [ 1.3361846308081613e+00, 4.4222365375205497e-01,
       5.4537576667980980e-01, 6.8490372952896506e-01,
       1.9239025706720292e+00, 6.4932480574120111e-01,
       2.4324440533504430e+00, 5.6544781603889827e-01,
       1.8680828725579739e+00, 2.8814402250890647e+00,
       2.9890441717699465e+00, 7.2839954276829411e-01,
       1.6307656369943180e+00, 1.6753891686150051e+00,
       8.7638192650125979e-01, 2.4970056607946831e+00,
       6.5687250849351630e-01, 1.7644342951792440e+00,
       2.1291756051350177e+00, 1.3827657370624775e+00,
       7.5192732864841827e-01, 1.0837854530521365e+00,
       1.5250063034811321e+00, 9.9430709261870709e-01,
       2.7704899248248114e+00, 7.1415014384078512e-01,
       1.9506779652536816e+00, 8.6904498553260034e-01,
       2.5653644616854360e-01, 5.4691072948448982e-01,
       5.9781896744660601e-01, 1.9071146358612550e+00,
       6.3162905466200769e-01, 2.6057468139845081e+00,
       5.4648901845702658e-01, 1.7045732522872530e+00,
       1.0410592155440905e+00, 5.0315864530762489e-01,
       5.7755903389925045e-01, 7.0683129443816395e-01,
       7.9182971557291160e-01, 7.0700887174498184e-01,
       2.6448015612134732e+00, 5.8200068203224897e-01,
       1.0526256485835452e+00 ]
intactSigma:
   - !!opencv-matrix
      rows: 9
      cols: 9
      dt: d
      data: [ 8.4357717861216652e-02, 7.0966791775270476e-03,
          -2.5593981325416782e-03, -2.8168767344157282e-03,
          1.2426403896017705e-02, -3.8022659239666909e-03,
          4.8599203568466167e-03, -1.7854526333588680e-03,
          -1.3026656441151117e-02, 7.0966791775270476e-03,
          2.1425398192928650e-02, -1.5782429683927317e-04,
          -2.5091579616876168e-03, 4.8101649888765176e-03,
          1.1718504784779908e-03, 7.9117428568574585e-04,
          1.1920622832116722e-03, 6.4316476875557707e-02,
          -2.5593981325416782e-03, -1.5782429683927312e-04,
          1.2006442009807787e-02, 2.2508267332341648e-03,
          -6.7841051987172212e-04, 1.6521802627585958e-03,
          1.4315435744565552e-03, 1.4561035355781092e-03,
          3.0887603935403194e-04, -2.8168767344157277e-03,
          -2.5091579616876164e-03, 2.2508267332341648e-03,
          3.0004477109345163e-02, 3.2975821232958426e-03,
          9.1606431260690818e-03, 7.5430120807393275e-03,
          7.0613150015200264e-04, -2.8556906915837798e-02,
          1.2426403896017707e-02, 4.8101649888765176e-03,
          -6.7841051987172234e-04, 3.2975821232958413e-03,
          1.4432312941814535e-01, 1.6897129922581798e-03,
          5.4497738106249860e-04, -1.9942964247523917e-03,
          5.1548651750083684e-02, -3.8022659239666909e-03,
          1.1718504784779908e-03, 1.6521802627585958e-03,
          9.1606431260690818e-03, 1.6897129922581811e-03,
          9.3881824232452393e-03, 4.6365303449349502e-03,
          7.6694256102916047e-04, 9.6818985043684771e-03,
          4.8599203568466167e-03, 7.9117428568574618e-04,
          1.4315435744565554e-03, 7.5430120807393275e-03,
          5.4497738106249892e-04, 4.6365303449349502e-03,
          1.5916789919934862e-02, 4.6020539217377494e-04,
          -2.8259286753075138e-02, -1.7854526333588678e-03,
          1.1920622832116722e-03, 1.4561035355781092e-03,
          7.0613150015200264e-04, -1.9942964247523908e-03,
          7.6694256102916047e-04, 4.6020539217377489e-04,
          8.4104254528043140e-03, 1.7445214141048465e-02,
          -1.3026656441151122e-02, 6.4316476875557707e-02,
          3.0887603935403227e-04, -2.8556906915837791e-02,
          5.1548651750083684e-02, 9.6818985043684736e-03,
          -2.8259286753075142e-02, 1.7445214141048462e-02,
          7.4444567218701041e-01 ]
   - !!opencv-matrix
      rows: 9
      cols: 9
      dt: d
      data: [ 3.5558495360435771e-01, 1.5391435203086143e-01,
          1.2551601858397977e-02, -4.0019062099102956e-02,
          3.3052194183189241e-03, 7.9010601746005212e-03,
          -3.5444223028560685e-03, -3.8119053444068038e-03,
          4.5345285550176959e-02, 1.5391435203086148e-01,
          4.4579461253091773e-01, 1.5926664434692994e-02,
          1.3056272493541712e-01, 4.9646230683893046e-02,
          3.6567032964346616e-02, -7.4454011394456780e-03,
          1.6742796747755580e-02, 9.8001290638304837e-03,
          1.2551601858397977e-02, 1.5926664434692997e-02,
          1.1505631848897163e-02, 8.6645714876374385e-03,
          6.3298460857515526e-03, 5.0557477469701309e-03,
          3.0466664008230349e-03, 2.0111263496507483e-03,
          4.9782898852995822e-03, -4.0019062099102949e-02,
          1.3056272493541712e-01, 8.6645714876374402e-03,
          3.0380947252871171e-01, 1.3494926214905437e-01,
          5.8815902413873758e-02, -1.0421654809614518e-02,
          2.4216587565542562e-02, -8.2843752050314450e-03,
          3.3052194183189210e-03, 4.9646230683893046e-02,
          6.3298460857515526e-03, 1.3494926214905437e-01,
          1.1384414255988097e-01, 3.0562693849444364e-02,
          -5.9475035389979702e-03, 1.1149773783894945e-02,
          2.5781285838378857e-02, 7.9010601746005212e-03,
          3.6567032964346616e-02, 5.0557477469701318e-03,
          5.8815902413873758e-02, 3.0562693849444364e-02,
          2.2664106630671210e-02, -5.7892123604127449e-05,
          5.2432334025507878e-03, 5.8449502332292231e-03,
          -3.5444223028560685e-03, -7.4454011394456780e-03,
          3.0466664008230349e-03, -1.0421654809614515e-02,
          -5.9475035389979702e-03, -5.7892123604127382e-05,
          1.7520162549653374e-02, -4.6375766836343672e-04,
          3.6230337431143304e-03, -3.8119053444068038e-03,
          1.6742796747755580e-02, 2.0111263496507483e-03,
          2.4216587565542555e-02, 1.1149773783894945e-02,
          5.2432334025507878e-03, -4.6375766836343640e-04,
          1.8551507050362105e-02, 1.6958401453391198e-03,
          4.5345285550176959e-02, 9.8001290638304837e-03,
          4.9782898852995822e-03, -8.2843752050314450e-03,
          2.5781285838378857e-02, 5.8449502332292231e-03,
          3.6230337431143304e-03, 1.6958401453391206e-03,
          7.7775824336928423e-02 ]
   - !!opencv-matrix
      rows: 9
      cols: 9
      dt: d
      data: [ 7.5004139952548932e-01, 4.4700619078338055e-01,
          4.7723124756005528e-02, 1.4005774245226066e-01,
          5.3440843490520709e-02, 5.9803389783892984e-02,
          8.7210742361264151e-02, 3.8392589482208223e-02,
          1.5032055360433305e-01, 4.4700619078338055e-01,
          7.6210998360501581e-01, 7.0654117141115150e-02,
          1.8800612425479235e-01, 8.8703417225683936e-02,
          4.6916720093582859e-02, 3.6386963205327603e-02,
          5.8745240028705389e-02, 1.7549151654292072e-01,
          4.7723124756005521e-02, 7.0654117141115150e-02,
          7.4061738247977321e-02, 3.0160925198935148e-02,
          3.2214755844876611e-02, 3.2215161864298493e-02,
          3.6766019873485248e-03, 4.5806257724193424e-02,
          5.8028313349790091e-02, 1.4005774245226066e-01,
          1.8800612425479232e-01, 3.0160925198935151e-02,
          2.6127428899881594e-01, 1.3977232485665650e-01,
          6.1738248880415701e-02, -9.1687842462160780e-03,
          5.4171009397764230e-02, 1.8078734019346662e-01,
          5.3440843490520702e-02, 8.8703417225683936e-02,
          3.2214755844876611e-02, 1.3977232485665650e-01,
          3.2926741445587576e-01, 2.9422888152491659e-02,
          -4.3574837202392414e-02, 4.1834400771819463e-02,
