%YAML:1.0
---
groups:
   - intact
   - CD19
   - blast
intactGmmnames:
   - "intact.Bln017.0"
   - "intact.Bln017.1"
   - "intact.Bln017.2"
   - "intact.Bln017.3"
   - "intact.Bln017.4"
intactLabels:
   - FSC-A
   - SSC-A
   - CD20
   - CD10
   - CD45
   - CD34
   - SYTO41
   - CD19
   - CD38
intactMu: !!opencv-matrix
   rows: 5
   cols: 9
   dt: d
   data: [ 9.7546216570816213e-01, 2.2166747250139607e-01,
       5.2378199090552324e-01, 8.2057172955596236e-01,
       2.2260632580433839e+00, 6.0407352650943158e-01,
       2.4611946195322738e+00, 5.6298576983650639e-01,
       2.0120959705326569e+00, 2.8574489759301747e+00,
       2.9890381812270204e+00, 7.7386403276304050e-01,
       1.5725231316971919e+00, 1.7961298021617587e+00,
       8.6942127721998952e-01, 2.4476801789459524e+00,
       6.5846282661020084e-01, 1.9107151380560790e+00,
       1.2237241044556704e+00, 3.5924687632586288e-01,
       5.3998013046104332e-01, 9.1407230704052589e-01,
       2.3382654981352231e+00, 5.9131071002735780e-01,
       2.3609239671697964e+00, 5.9150904505666579e-01,
       1.7192610894701390e+00, 8.6652509866501182e-01,
       4.4122342378549140e-01, 5.5463265547993168e-01,
       1.0237687381739182e+00, 8.9450158396000345e-01,
       6.7178417198940832e-01, 2.5629924367864323e+00,
       5.6572806428073663e-01, 1.1823611134244236e+00,
       1.8883660189740814e+00, 8.4082880866992094e-01,
       8.8693214264711617e-01, 1.2801675123309493e+00,
       1.9256874252925658e+00, 1.0435881583823130e+00,
       2.5678966238720715e+00, 8.2541809217404227e-01,
       2.0277746793503519e+00 ]
intactSigma:
   - !!opencv-matrix
      rows: 9
      cols: 9
      dt: d
      data: [ 4.6883504580950551e-02, 8.6689215649610337e-04,
          -1.2328433443144231e-03, 2.4114420615918650e-04,
          3.4460772508887435e-03, -4.5142372109075258e-03,
          -6.2054987835604069e-03, 3.6511935088138586e-04,
          -2.1637952765023722e-04, 8.6689215649610337e-04,
          1.7425229424226998e-03, 2.3825733615114210e-04,
          2.0150543393710640e-04, 2.1395948375921097e-03,
          6.7648760274044819e-04, 7.6380257142007451e-04,
          2.6266862250002313e-04, -3.3745082451520727e-03,
          -1.2328433443144235e-03, 2.3825733615114207e-04,
          6.6623154831840295e-03, 5.3234512272630672e-05,
          2.3256915250172166e-04, 6.1322200320695721e-05,
          6.3913613354461731e-04, -3.0077911259284422e-04,
          -2.0627068625887518e-03, 2.4114420615918656e-04,
          2.0150543393710640e-04, 5.3234512272630652e-05,
          1.6685031299930090e-03, 4.5300825815815509e-04,
          8.0717123433056832e-05, 3.7373313383762323e-04,
          1.9315501682078809e-04, -4.2463034975523324e-04,
          3.4460772508887448e-03, 2.1395948375921097e-03,
          2.3256915250172180e-04, 4.5300825815815498e-04,
          9.3768679553931176e-03, 6.9254814742958414e-04,
          1.2346785512930827e-03, 5.9740591286234080e-04,
          -4.6002924851514847e-03, -4.5142372109075249e-03,
          6.7648760274044819e-04, 6.1322200320695680e-05,
          8.0717123433056873e-05, 6.9254814742958403e-04,
          4.5085770264328504e-03, 1.8448782361184149e-03,
          -4.2829913602773539e-04, 4.6312990501217660e-05,
          -6.2054987835604069e-03, 7.6380257142007451e-04,
          6.3913613354461731e-04, 3.7373313383762323e-04,
          1.2346785512930829e-03, 1.8448782361184149e-03,
          6.4304155956110432e-03, 1.3259964597254681e-04,
          -2.6116250885937550e-03, 3.6511935088138575e-04,
          2.6266862250002318e-04, -3.0077911259284432e-04,
          1.9315501682078804e-04, 5.9740591286234080e-04,
          -4.2829913602773539e-04, 1.3259964597254673e-04,
          7.4233335625173893e-03, -1.0540970756517721e-03,
          -2.1637952765023700e-04, -3.3745082451520727e-03,
          -2.0627068625887518e-03, -4.2463034975523303e-04,
          -4.6002924851514830e-03, 4.6312990501217409e-05,
          -2.6116250885937558e-03, -1.0540970756517730e-03,
          1.1600084048031495e-01 ]
   - !!opencv-matrix
      rows: 9
      cols: 9
      dt: d
      data: [ 2.8067291069251182e-01, 1.5141296852224373e-01,
          2.8016977471941790e-02, -4.1233694177231099e-02,
          -9.7545255161424742e-03, 3.1712582473653390e-02,
          9.1988323005476377e-03, 8.4363655795136692e-03,
          3.5051192193358532e-02, 1.5141296852224373e-01,
          4.3327128066744230e-01, 2.5107616322109557e-02,
          1.1931945729919269e-01, 6.0964441522166658e-02,
          5.0480673153402288e-02, 1.3987985630481543e-02,
          1.7028508746309554e-02, 1.1946586854184206e-02,
          2.8016977471941786e-02, 2.5107616322109557e-02,
          1.8203688819591904e-02, -3.3931570210844193e-03,
          -4.7447783486766121e-06, 8.7768290378077238e-03,
          3.5694712565660794e-03, 2.0319303970902716e-03,
          7.3477900101431241e-03, -4.1233694177231092e-02,
          1.1931945729919269e-01, -3.3931570210844197e-03,
          2.1515508435745528e-01, 7.5306936707957114e-02,
          8.5563865702489219e-03, 3.0206770849908670e-04,
          1.2842172281474291e-02, -2.8336606380154662e-02,
          -9.7545255161424742e-03, 6.0964441522166658e-02,
          -4.7447783486767468e-06, 7.5306936707957114e-02,
          4.5217548228578340e-02, 6.9263580357761308e-03,
          -1.3730582152159309e-03, 4.9766588301306735e-03,
          -1.4085749850241205e-02, 3.1712582473653390e-02,
          5.0480673153402288e-02, 8.7768290378077238e-03,
          8.5563865702489219e-03, 6.9263580357761326e-03,
          2.0475730688934730e-02, 3.9135639691671841e-03,
          2.1105398181292603e-03, 5.2418321038790305e-03,
          9.1988323005476377e-03, 1.3987985630481543e-02,
          3.5694712565660794e-03, 3.0206770849908681e-04,
          -1.3730582152159309e-03, 3.9135639691671841e-03,
          9.6269593643023895e-03, 1.2260615613822223e-03,
          5.9672523009055263e-03, 8.4363655795136674e-03,
          1.7028508746309554e-02, 2.0319303970902712e-03,
          1.2842172281474291e-02, 4.9766588301306718e-03,
          2.1105398181292603e-03, 1.2260615613822220e-03,
          1.8149220929881006e-02, 1.7614200585601392e-03,
          3.5051192193358532e-02, 1.1946586854184208e-02,
          7.3477900101431232e-03, -2.8336606380154662e-02,
          -1.4085749850241207e-02, 5.2418321038790313e-03,
          5.9672523009055263e-03, 1.7614200585601399e-03,
          3.7889154572930836e-02 ]
   - !!opencv-matrix
      rows: 9
      cols: 9
      dt: d
      data: [ 8.0480627529586665e-02, 8.7937575442160673e-03,
          -5.6436221145832579e-04, -5.2669363575387901e-03,
          1.4964491149596838e-02, -3.3134011148047990e-03,
          -2.8353485474591905e-03, -2.2096473767947112e-03,
          -3.5588588113514591e-02, 8.7937575442160673e-03,
          1.2430452454005366e-02, 1.2580861344003262e-04,
          -2.5122329481120547e-03, 1.3601693335414028e-02,
          7.3098604856127738e-04, -9.0152922457601662e-04,
          -1.3232843850313571e-04, 9.5732818080206724e-03,
          -5.6436221145832579e-04, 1.2580861344003262e-04,
          1.0075226695066792e-02, 4.6559747440026305e-04,
          9.0334725335620308e-04, 1.4984181702479445e-04,
          1.2547385343418314e-03, -4.1020852951942160e-04,
          -9.0378999335960931e-03, -5.2669363575387901e-03,
          -2.5122329481120547e-03, 4.6559747440026305e-04,
          2.4923766993123084e-02, 5.5438501657613685e-04,
          4.3175483026085352e-04, 5.0153392047515930e-03,
          5.7986014021125954e-03, 2.0044332791417990e-03,
          1.4964491149596838e-02, 1.3601693335414028e-02,
          9.0334725335620340e-04, 5.5438501657613653e-04,
          3.1390269876292502e-02, 1.3715917042452004e-04,
