%YAML:1.0
---
groups:
   - intact
   - CD19
   - blast
intactGmmnames:
   - "intact.Bln044.0"
   - "intact.Bln044.1"
   - "intact.Bln044.2"
   - "intact.Bln044.3"
   - "intact.Bln044.4"
intactLabels:
   - FSC-A
   - SSC-A
   - CD20
   - CD10
   - CD45
   - CD34
   - SYTO41
   - CD19
   - CD38
intactMu: !!opencv-matrix
   rows: 5
   cols: 9
   dt: d
   data: [ 9.5007158117680002e-01, 2.8194997603502203e-01,
       7.4297897594701001e-01, 7.6873598361346629e-01,
       2.0105625376306264e+00, 8.3788744647146363e-01,
       3.0012184492732414e+00, 6.3664602179479546e-01,
       2.5556683159707640e+00, 9.1005481465420757e-01,
       5.2645107117301759e-01, 8.5046757727467170e-01,
       9.0070893708052624e-01, 4.4003675028471512e-01,
       1.0005008790377536e+00, 3.0038227118428247e+00,
       5.9231465657518545e-01, 9.5420524444351396e-01,
       2.4737037886441193e+00, 2.2925422601621199e+00,
       1.0574371813073693e+00, 1.6019065124163434e+00,
       1.7547606806806664e+00, 1.3268679363327238e+00,
       2.9272839996625515e+00, 8.6941837851207915e-01,
       2.6658983688606068e+00, 1.5812637866376300e+00,
       9.1322265330384256e-01, 9.0493884103623801e-01,
       1.0715063657423656e+00, 5.4705243068490927e-01,
       1.1538638793898477e+00, 3.1135000424553141e+00,
       6.9666670397656649e-01, 1.5537066844276535e+00,
       1.1279168206179533e+00, 2.8654515681110898e-01,
       7.6376490355132798e-01, 7.5347574981254417e-01,
       2.0298428870523058e+00, 7.5059778899555274e-01,
       2.7486360081604793e+00, 6.1474831697936749e-01,
       1.8603372338372366e+00 ]
intactSigma:
   - !!opencv-matrix
      rows: 9
      cols: 9
      dt: d
      data: [ 6.6533756826386181e-02, 1.5020627198099384e-02,
          -7.3751251620283653e-03, 6.1042338744022315e-04,
          1.5270658716723843e-02, -1.5054890311480669e-02,
          -2.7477651093051152e-02, -3.4039427719016035e-03,
          3.3352714182001253e-02, 1.5020627198099384e-02,
          1.7522511847352793e-02, -1.8219936893167413e-03,
          1.7613505589566271e-03, 9.6373185012762746e-03,
          -3.1673932918512422e-04, -1.1511955325496953e-02,
          -9.5973378042224673e-04, 2.6064817702769933e-02,
          -7.3751251620283670e-03, -1.8219936893167409e-03,
          9.5034547874788489e-02, -1.8210617667785046e-04,
          -1.8744792176620308e-03, 4.5032663561807842e-03,
          7.7185630460966485e-03, -4.7318180855104976e-03,
          -2.2514392898474161e-02, 6.1042338744022402e-04,
          1.7613505589566276e-03, -1.8210617667785002e-04,
          2.9000634165080513e-02, 6.2217485323848591e-04,
          7.5001387412019626e-04, 1.1077748934535732e-03,
          1.4543073969046371e-03, 2.0189485175700485e-03,
          1.5270658716723843e-02, 9.6373185012762746e-03,
          -1.8744792176620308e-03, 6.2217485323848613e-04,
          2.1274717316210966e-02, -4.5672504041987180e-03,
          -1.1077239977147962e-02, -1.6816861579698578e-03,
          1.0088398108174156e-02, -1.5054890311480669e-02,
          -3.1673932918512444e-04, 4.5032663561807842e-03,
          7.5001387412019648e-04, -4.5672504041987180e-03,
          4.0778110120901379e-02, 1.1965218203351998e-02,
          -3.8825970081880329e-03, -7.9787046789279205e-03,
          -2.7477651093051152e-02, -1.1511955325496953e-02,
          7.7185630460966485e-03, 1.1077748934535734e-03,
          -1.1077239977147961e-02, 1.1965218203352000e-02,
          2.3362951263825482e-02, 3.8026989350108406e-03,
          -3.4534598694071265e-02, -3.4039427719016026e-03,
          -9.5973378042224684e-04, -4.7318180855104993e-03,
          1.4543073969046363e-03, -1.6816861579698570e-03,
          -3.8825970081880347e-03, 3.8026989350108419e-03,
          5.9858893137640645e-02, -9.4020408299907640e-03,
          3.3352714182001260e-02, 2.6064817702769933e-02,
          -2.2514392898474154e-02, 2.0189485175700485e-03,
          1.0088398108174159e-02, -7.9787046789279240e-03,
          -3.4534598694071265e-02, -9.4020408299907640e-03,
          2.2762742371353345e-01 ]
   - !!opencv-matrix
      rows: 9
      cols: 9
      dt: d
      data: [ 6.4106668397046165e-02, 2.5915489677088902e-02,
          -8.2375776384268165e-04, 1.5772947992139998e-02,
          -5.6053338258890036e-03, 6.7743245077846112e-03,
          1.3154278119468369e-02, 1.1970588363539507e-03,
          3.9633098991727823e-02, 2.5915489677088902e-02,
          2.3520633082767767e-02, 1.3441714642303067e-03,
          1.4907605293416767e-02, -7.9047517324889287e-03,
          8.5727989677495727e-03, 1.3732086370260016e-02,
          1.8655854214573286e-03, 2.9963415912284318e-02,
          -8.2375776384268067e-04, 1.3441714642303062e-03,
          3.6956358528189917e-02, 2.2395366344263798e-03,
          -4.4587088916855800e-03, -2.0727396400671274e-03,
          3.6806677743359646e-03, -2.5391382888715103e-03,
          -4.5023877841023074e-03, 1.5772947992139998e-02,
          1.4907605293416767e-02, 2.2395366344263794e-03,
          1.3118629775859403e-01, -8.6452153119279101e-03,
          4.8708050002170735e-03, 7.9054345709118328e-03,
          1.0424388934591412e-03, 3.5964800057903361e-02,
          -5.6053338258890018e-03, -7.9047517324889287e-03,
          -4.4587088916855809e-03, -8.6452153119279118e-03,
          5.3631335800616325e-02, -1.2029037615818850e-02,
          -3.8880448162724117e-02, -4.8547779266567932e-03,
          -1.3929855877626801e-02, 6.7743245077846112e-03,
          8.5727989677495727e-03, -2.0727396400671274e-03,
          4.8708050002170735e-03, -1.2029037615818850e-02,
          5.0862544436651808e-02, 1.2265556409135344e-02,
          -1.1894800055504560e-02, 1.1440214001067529e-02,
          1.3154278119468368e-02, 1.3732086370260016e-02,
          3.6806677743359633e-03, 7.9054345709118311e-03,
          -3.8880448162724117e-02, 1.2265556409135344e-02,
          3.9054068817471588e-02, 3.9757528796635112e-03,
          2.8774391379601149e-02, 1.1970588363539511e-03,
          1.8655854214573284e-03, -2.5391382888715094e-03,
          1.0424388934591412e-03, -4.8547779266567915e-03,
          -1.1894800055504556e-02, 3.9757528796635130e-03,
          5.9954479764351948e-02, 3.1435278457894690e-03,
          3.9633098991727823e-02, 2.9963415912284318e-02,
          -4.5023877841023048e-03, 3.5964800057903361e-02,
          -1.3929855877626801e-02, 1.1440214001067530e-02,
          2.8774391379601149e-02, 3.1435278457894677e-03,
          5.3530263767353659e-01 ]
   - !!opencv-matrix
      rows: 9
      cols: 9
      dt: d
      data: [ 7.7002821714910119e-01, 7.0913807502634651e-01,
          3.7828981584521110e-02, 1.0947099847151857e-01,
          -7.1956945416057280e-02, 1.5670935310159801e-02,
          6.2240100444637250e-02, -6.9998297480108537e-04,
          -2.3760343010039875e-02, 7.0913807502634651e-01,
          1.5551908873270017e+00, 6.0445055010256807e-02,
          4.1657929403785882e-01, -1.5859384495140966e-01,
          4.1956497940563380e-02, 1.0233019723753673e-02,
          3.8679591713560009e-02, -7.7264787498735721e-02,
          3.7828981584521110e-02, 6.0445055010256807e-02,
          2.1096191603248202e-01, 6.4594334850886739e-02,
          1.7808161503815537e-02, 5.9835311436384736e-02,
          -5.7617436304126882e-05, 7.6403465073048057e-02,
          3.9826434446272527e-02, 1.0947099847151859e-01,
          4.1657929403785882e-01, 6.4594334850886767e-02,
          4.0126771851733800e-01, 1.2390838494988059e-03,
          9.3367270763323060e-02, -9.5638844003409704e-03,
          8.9912266802886484e-02, -2.5650352070882929e-02,
          -7.1956945416057294e-02, -1.5859384495140971e-01,
          1.7808161503815534e-02, 1.2390838494987996e-03,
          2.0541402494774580e-01, 1.8556505438577554e-02,
