%YAML:1.0
---
groups:
   - intact
   - CD19
   - blast
intactGmmnames:
   - "intact.Bln036.0"
   - "intact.Bln036.1"
   - "intact.Bln036.2"
   - "intact.Bln036.3"
   - "intact.Bln036.4"
intactLabels:
   - FSC-A
   - SSC-A
   - CD20
   - CD10
   - CD45
   - CD34
   - SYTO41
   - CD19
   - CD38
intactMu: !!opencv-matrix
   rows: 5
   cols: 9
   dt: d
   data: [ 9.9587746820873313e-01, 2.3992127533096361e-01,
       1.0795560068528463e+00, 8.1236731958487174e-01,
       2.3769272880645533e+00, 8.3440867394541263e-01,
       2.4956465546415756e+00, 7.8499202372683963e-01,
       2.5910015332767746e+00, 2.1663377211176766e+00,
       1.3887343515279462e+00, 1.1656231742735641e+00,
       1.4065045208804403e+00, 1.6773115721154119e+00,
       1.4446232354269999e+00, 2.7158110157970254e+00,
       9.8173902384005440e-01, 2.4924603867217354e+00,
       8.2663292506221442e-01, 3.9486369314583242e-01,
       1.0999410248229597e+00, 9.8804303477903554e-01,
       7.3645292099734638e-01, 1.0785903705553912e+00,
       2.6400768391220293e+00, 7.8922235660677154e-01,
       1.5447129694626289e+00, 2.8204607534873154e+00,
       3.0143765714799517e+00, 1.1725643651714976e+00,
       1.7358284725293085e+00, 2.1644170009087564e+00,
       1.3447868628222726e+00, 2.5094976040287338e+00,
       9.9165592621020104e-01, 2.5379144713075084e+00,
       1.1817390929635121e+00, 3.5393175388593101e-01,
       1.1333497389001905e+00, 8.4634430645517045e-01,
       2.3354663413917947e+00, 8.1044708184392500e-01,
       2.4042562854447307e+00, 7.9280318781982739e-01,
       2.0092660893459704e+00 ]
intactSigma:
   - !!opencv-matrix
      rows: 9
      cols: 9
      dt: d
      data: [ 3.4749780676888650e-02, 2.4452414782676186e-03,
          -5.0335953564920684e-04, -1.3571684230450327e-04,
          5.4057887180651914e-03, -8.4295667201750007e-03,
          -7.9635783187677091e-03, 1.0087682447863367e-04,
          -6.8326566864107367e-04, 2.4452414782676186e-03,
          2.3727204774050916e-03, 1.0578856968091053e-04,
          5.1197043407019672e-04, 2.1906925126079176e-03,
          4.5566683317976842e-04, -1.2674593318405593e-04,
          9.4701074306003990e-04, -5.2526648894666329e-03,
          -5.0335953564920695e-04, 1.0578856968091057e-04,
          3.3434066774395655e-03, 4.9136239358472894e-05,
          6.4685963132915416e-05, -1.6390923973349134e-04,
          5.7151538680744901e-04, -1.2546099593876911e-03,
          -2.3160461327036987e-03, -1.3571684230450324e-04,
          5.1197043407019672e-04, 4.9136239358472948e-05,
          1.2786679962547782e-02, 5.0694615669768335e-04,
          -1.7026931705594521e-04, 1.1103792273457053e-03,
          -1.5982014903936131e-04, -2.0232539528148475e-03,
          5.4057887180651923e-03, 2.1906925126079176e-03,
          6.4685963132915254e-05, 5.0694615669768356e-04,
          1.4360790103084409e-02, 2.0840559653156215e-04,
          3.8167257188239089e-04, 1.0940235707809316e-03,
          -1.9194644503939223e-03, -8.4295667201750007e-03,
          4.5566683317976842e-04, -1.6390923973349126e-04,
          -1.7026931705594527e-04, 2.0840559653156215e-04,
          3.2341967276986419e-02, 6.8998181676212782e-03,
          -5.5396948358931363e-03, -1.0002886603869539e-03,
          -7.9635783187677091e-03, -1.2674593318405585e-04,
          5.7151538680744879e-04, 1.1103792273457053e-03,
          3.8167257188239057e-04, 6.8998181676212782e-03,
          1.0643068437387847e-02, 1.5893599312974370e-03,
          -3.2359757403678142e-03, 1.0087682447863356e-04,
          9.4701074306004023e-04, -1.2546099593876911e-03,
          -1.5982014903936131e-04, 1.0940235707809325e-03,
          -5.5396948358931363e-03, 1.5893599312974372e-03,
          6.8399498439898371e-02, -2.7716460621666412e-03,
          -6.8326566864107150e-04, -5.2526648894666321e-03,
          -2.3160461327036983e-03, -2.0232539528148483e-03,
          -1.9194644503939219e-03, -1.0002886603869539e-03,
          -3.2359757403678147e-03, -2.7716460621666429e-03,
          1.7009039586217958e-01 ]
   - !!opencv-matrix
      rows: 9
      cols: 9
      dt: d
      data: [ 8.6925279274441714e-01, 5.9073265357991311e-01,
          1.0424559554003985e-02, 7.9966398300927541e-02,
          1.4411944040617689e-01, 7.4977253101022490e-02,
          7.0271141822112462e-03, 9.7650464448303845e-02,
          1.6114252581687988e-01, 5.9073265357991311e-01,
          8.7325068683907903e-01, 1.6301879563960123e-02,
          1.0519330324521267e-01, 1.5038554331358639e-01,
          3.5748946198337600e-02, -1.2868879447154809e-02,
          7.1745849107326856e-02, 2.0390902874445532e-01,
          1.0424559554003985e-02, 1.6301879563960116e-02,
          1.6080539529729706e-02, 4.9357627696008950e-03,
          -7.5880417091305696e-03, 1.8946961844576293e-02,
          6.8236449719016263e-03, 1.0784769844082312e-03,
          8.6234282193378437e-03, 7.9966398300927541e-02,
          1.0519330324521267e-01, 4.9357627696008950e-03,
          2.6286201175230228e-01, 3.5340373133554016e-02,
          2.9925933904083945e-02, -4.4261645998801540e-03,
          8.4851239391959626e-02, 4.0277499717290928e-03,
          1.4411944040617689e-01, 1.5038554331358642e-01,
          -7.5880417091305670e-03, 3.5340373133554016e-02,
          4.8345086193238485e-01, -4.0718404600493710e-02,
          -6.7067954380467032e-02, 4.1773121540649182e-02,
          2.1934134744597991e-01, 7.4977253101022490e-02,
          3.5748946198337593e-02, 1.8946961844576293e-02,
          2.9925933904083941e-02, -4.0718404600493724e-02,
          1.8392230335507082e-01, 5.4010036032870280e-02,
          4.5139598513943426e-02, 8.6522534379728455e-02,
          7.0271141822112488e-03, -1.2868879447154815e-02,
          6.8236449719016263e-03, -4.4261645998801523e-03,
          -6.7067954380467032e-02, 5.4010036032870280e-02,
          1.3594431839022331e-01, -2.4079565742336625e-03,
          3.6929437235190099e-02, 9.7650464448303831e-02,
          7.1745849107326856e-02, 1.0784769844082308e-03,
          8.4851239391959613e-02, 4.1773121540649175e-02,
          4.5139598513943426e-02, -2.4079565742336634e-03,
          2.3991952249262666e-01, 4.8609278585552709e-02,
          1.6114252581687988e-01, 2.0390902874445524e-01,
          8.6234282193378437e-03, 4.0277499717290954e-03,
          2.1934134744597991e-01, 8.6522534379728455e-02,
          3.6929437235190099e-02, 4.8609278585552709e-02,
          5.8837654075785906e-01 ]
   - !!opencv-matrix
      rows: 9
      cols: 9
      dt: d
      data: [ 7.4579250972151165e-02, 2.4683300895743596e-02,
          1.3737493898163988e-03, 1.6933822193416652e-02,
          9.2899683024992574e-03, 1.1900879536436303e-02,
          1.5787388652482037e-02, 3.1607319050547446e-03,
          3.6568108706453328e-02, 2.4683300895743592e-02,
          2.0486057996555774e-02, 1.2447649895305204e-03,
          1.3069673002633913e-02, 5.6709350779792066e-03,
          1.4770908654714105e-02, 1.5109741415850879e-02,
          1.8585789300652391e-03, 4.1251147837136064e-02,
          1.3737493898163988e-03, 1.2447649895305209e-03,
          2.3035090642176035e-03, 1.2243579734414593e-03,
          1.7297791149709310e-04, 1.0759633383136003e-03,
          1.5052506383735336e-03, -1.6037454048233610e-03,
          1.7553673256914370e-03, 1.6933822193416648e-02,
          1.3069673002633913e-02, 1.2243579734414591e-03,
          7.0280570515688590e-02, 6.0885249514206763e-03,
          1.6460921275915103e-02, 1.1508922870090286e-02,
          -2.5646447785553196e-03, 5.0838596493765813e-02,
          9.2899683024992557e-03, 5.6709350779792066e-03,
          1.7297791149709310e-04, 6.0885249514206763e-03,
          2.3644411381415324e-02, 2.4966800841451915e-03,
