%YAML:1.0
---
groups:
   - intact
   - CD19
   - blast
intactGmmnames:
   - "intact.Bln019.0"
   - "intact.Bln019.1"
   - "intact.Bln019.2"
   - "intact.Bln019.3"
   - "intact.Bln019.4"
intactLabels:
   - FSC-A
   - SSC-A
   - CD20
   - CD10
   - CD45
   - CD34
   - SYTO41
   - CD19
   - CD38
intactMu: !!opencv-matrix
   rows: 5
   cols: 9
   dt: d
   data: [ 1.4894144427044977e+00, 6.8217045852781655e-01,
       9.2723680227025362e-01, 8.5501021758649876e-01,
       2.3716123616000497e+00, 6.7197534956954097e-01,
       2.1266089360537381e+00, 5.5183152835825855e-01,
       2.8507176487589128e+00, 7.7610979782273704e-01,
       4.0951763156193355e-01, 5.3756684574438840e-01,
       8.6686290417593315e-01, 9.1438683144601551e-01,
       6.4608979702618552e-01, 2.2841652576867375e+00,
       5.3974189029335984e-01, 1.2242693621382437e+00,
       1.8029969434654287e+00, 1.5190211466592025e+00,
       6.2053805803784357e-01, 1.3126230369428633e+00,
       1.2726718414935445e+00, 7.7362947446602370e-01,
       2.4171358487913364e+00, 5.7447667679951886e-01,
       1.8574555115708169e+00, 1.9764597701941093e+00,
       1.2148517199019144e+00, 1.1098984448234750e+00,
       1.0864535907568882e+00, 1.9477806357040774e+00,
       1.0607454637991698e+00, 2.3294231038669602e+00,
       7.0389365254775627e-01, 2.6132708363472417e+00,
       9.5944422493468939e-01, 3.6083377588001081e-01,
       5.9754299577584979e-01, 8.1885547279270721e-01,
       2.2307428272168743e+00, 6.1121207866531346e-01,
       2.1593923727292261e+00, 5.5056180764304341e-01,
       1.9952619316464972e+00 ]
intactSigma:
   - !!opencv-matrix
      rows: 9
      cols: 9
      dt: d
      data: [ 2.5796877391240020e-01, 8.2220917401944427e-02,
          -2.8470520447266439e-04, 8.6464996904831743e-03,
          5.0210100809774706e-02, 8.0853858266984081e-03,
          3.8619826476460221e-02, 2.5722053225392563e-03,
          -3.9569875711225090e-03, 8.2220917401944427e-02,
          7.1349453678131072e-02, 2.2927402135197776e-02,
          6.3636556014271288e-03, 2.3137019895058682e-02,
          1.1532270061066201e-02, 2.2366282842882577e-02,
          2.6204401294678105e-03, 3.4469740008217245e-02,
          -2.8470520447266201e-04, 2.2927402135197776e-02,
          8.0424875512828634e-02, 1.1614202370805512e-03,
          2.6741720311600019e-03, 1.1998503268222091e-02,
          -7.9431504767139456e-03, -4.5255333332102531e-04,
          1.0299478052796149e-01, 8.6464996904831743e-03,
          6.3636556014271288e-03, 1.1614202370805514e-03,
          4.0365693947723956e-03, 2.0075261168060457e-03,
          1.3678500081382324e-03, 3.9577303114396896e-03,
          6.7310992635031652e-04, 7.7525338929829071e-04,
          5.0210100809774706e-02, 2.3137019895058682e-02,
          2.6741720311600024e-03, 2.0075261168060457e-03,
          3.6557894105470556e-02, 9.8340729525084173e-04,
          6.6676874856269044e-03, 1.2326929868483913e-03,
          3.8829618716441621e-03, 8.0853858266984081e-03,
          1.1532270061066201e-02, 1.1998503268222091e-02,
          1.3678500081382324e-03, 9.8340729525084130e-04,
          1.0590764191299092e-02, 1.0432536466477373e-02,
          -3.3267446584778388e-04, 1.4787871738903828e-02,
          3.8619826476460214e-02, 2.2366282842882577e-02,
          -7.9431504767139456e-03, 3.9577303114396896e-03,
          6.6676874856269044e-03, 1.0432536466477373e-02,
          6.0644525992777525e-02, 2.5947849211827192e-03,
          -2.0728576116781684e-02, 2.5722053225392563e-03,
          2.6204401294678105e-03, -4.5255333332102558e-04,
          6.7310992635031684e-04, 1.2326929868483913e-03,
          -3.3267446584778378e-04, 2.5947849211827192e-03,
          7.5116891276093209e-03, -2.0495312565871971e-03,
          -3.9569875711225081e-03, 3.4469740008217245e-02,
          1.0299478052796147e-01, 7.7525338929829071e-04,
          3.8829618716441612e-03, 1.4787871738903828e-02,
          -2.0728576116781684e-02, -2.0495312565871966e-03,
          1.7282325323810058e-01 ]
   - !!opencv-matrix
      rows: 9
      cols: 9
      dt: d
      data: [ 5.3986256623714757e-02, 6.5558281350982690e-03,
          -3.7209945396075872e-04, -7.2482383094011336e-05,
          2.0613563951885983e-03, 2.9057540644772352e-04,
          -1.2719754705553832e-02, 7.0499241911378262e-04,
          -2.3707526741229279e-03, 6.5558281350982699e-03,
          1.2449885241595597e-02, 5.4139672385189095e-04,
          2.3940388016870850e-03, 1.9747418652523918e-03,
          2.1280750408762014e-03, 1.9671872414610790e-03,
          2.0676062422576196e-04, 1.8427625735164935e-02,
          -3.7209945396075872e-04, 5.4139672385189095e-04,
          3.0470950758991508e-03, 3.6115465999463173e-04,
          7.3414476418774344e-05, 1.7823859117887557e-04,
          1.4473940792008695e-03, -2.4953900308884972e-04,
          1.6024762508343501e-03, -7.2482383094011227e-05,
          2.3940388016870850e-03, 3.6115465999463173e-04,
          6.5437525943125756e-03, 6.1332592548328545e-04,
          4.3339998335275968e-04, 4.1875141706719434e-04,
          2.4750050830496989e-04, 8.2631012568629703e-03,
          2.0613563951885983e-03, 1.9747418652523913e-03,
          7.3414476418774344e-05, 6.1332592548328545e-04,
          1.5191717453480406e-03, 2.4436934715519519e-04,
          -3.0970733546179176e-03, -7.1003581240209173e-05,
          4.2494524496546485e-03, 2.9057540644772346e-04,
          2.1280750408762010e-03, 1.7823859117887560e-04,
          4.3339998335275963e-04, 2.4436934715519519e-04,
          5.8178204972877245e-03, 6.2750599143408716e-03,
          -6.0959599791556268e-04, 5.1756670773039646e-03,
          -1.2719754705553832e-02, 1.9671872414610786e-03,
          1.4473940792008699e-03, 4.1875141706719434e-04,
          -3.0970733546179176e-03, 6.2750599143408716e-03,
          5.8633267363432363e-02, 9.2703496537560571e-04,
          1.2201961909417773e-02, 7.0499241911378262e-04,
          2.0676062422576191e-04, -2.4953900308884977e-04,
          2.4750050830496978e-04, -7.1003581240209173e-05,
          -6.0959599791556268e-04, 9.2703496537560528e-04,
          6.0245991677882948e-03, 1.3359383904697371e-04,
          -2.3707526741229270e-03, 1.8427625735164935e-02,
          1.6024762508343507e-03, 8.2631012568629720e-03,
          4.2494524496546485e-03, 5.1756670773039637e-03,
          1.2201961909417774e-02, 1.3359383904697382e-04,
          1.0655983259853236e-01 ]
   - !!opencv-matrix
      rows: 9
      cols: 9
      dt: d
      data: [ 7.8917866069804032e-01, 8.1030146536696734e-01,
          3.9431033239688371e-02, 1.0751451810928170e-01,
          2.4905069525891024e-01, 2.8267411942297909e-02,
          -3.5013401436397036e-02, 1.7766444019775531e-02,
          1.3852840191514210e-01, 8.1030146536696734e-01,
          1.2913354745551096e+00, 5.2360169310135908e-02,
          1.9601594042554230e-01, 4.0170973630975426e-01,
          1.2634171289683990e-02, -1.0026630077532010e-01,
          2.4932073212093116e-02, 1.7681345142112018e-01,
          3.9431033239688378e-02, 5.2360169310135908e-02,
          1.1234485119267276e-02, 7.0224230525120128e-03,
          1.6197909862806000e-02, 3.7812333668147194e-03,
          1.5827730792155939e-03, 1.0640926716984698e-03,
          2.0706079087374971e-02, 1.0751451810928170e-01,
          1.9601594042554230e-01, 7.0224230525120128e-03,
          1.6386010054096117e-01, 7.5080977830626242e-02,
          -4.7927300543744028e-03, -2.8600431054331309e-02,
          1.0283842529336130e-02, 2.1506642048091579e-02,
          2.4905069525891027e-01, 4.0170973630975426e-01,
          1.6197909862806004e-02, 7.5080977830626242e-02,
          1.5352528288335343e-01, -2.2945975479862738e-03,
          -4.8741867708225937e-02, 8.2449890536249459e-03,
