%YAML:1.0
---
groups:
   - intact
   - CD19
   - blast
intactGmmnames:
   - "intact.Bln022.0"
   - "intact.Bln022.1"
   - "intact.Bln022.2"
   - "intact.Bln022.3"
   - "intact.Bln022.4"
intactLabels:
   - FSC-A
   - SSC-A
   - CD20
   - CD10
   - CD45
   - CD34
   - SYTO41
   - CD19
   - CD38
intactMu: !!opencv-matrix
   rows: 5
   cols: 9
   dt: d
   data: [ 2.0646190156509614e+00, 1.2420284803129837e+00,
       8.3540192421977166e-01, 1.0687149966949203e+00,
       1.9207629128228021e+00, 7.9402247959841876e-01,
       2.6731333601918594e+00, 7.0160285545186662e-01,
       2.0089578352633972e+00, 1.0251511632377521e+00,
       2.7572548503408101e-01, 5.8214318819837829e-01,
       5.9150531048016020e-01, 2.0045848721625368e+00,
       5.8175969292956731e-01, 2.5619081136464716e+00,
       5.5138320112328743e-01, 1.9647227785296408e+00,
       1.1743920906821887e+00, 5.2022161276011036e-01,
       7.2183167058219233e-01, 6.1667339731322746e-01,
       2.1726154932588608e+00, 5.7675449221190656e-01,
       2.5348775465491538e+00, 5.5174551046100517e-01,
       2.4998457692214942e+00, 1.2964082356009563e+00,
       4.1692050586384827e-01, 5.4291602584945109e-01,
       6.0970495258350788e-01, 2.0415718236432738e+00,
       5.5334460947935826e-01, 2.4849457566838771e+00,
       5.4466939523860081e-01, 1.3344050571108172e+00,
       2.8156646586853875e+00, 3.7210117005594494e+00,
       6.7183724641730302e-01, 1.8950687933776489e+00,
       1.6141643398732839e+00, 8.2385697630543464e-01,
       2.5766924929866968e+00, 5.9500582506190391e-01,
       1.9980245418321139e+00 ]
intactSigma:
   - !!opencv-matrix
      rows: 9
      cols: 9
      dt: d
      data: [ 9.9679454177045668e-01, 6.4630561163436739e-01,
          1.1046841719954345e-01, 1.1525322822322910e-01,
          2.5834560009107449e-01, 1.0125946768229702e-01,
          9.1831451221459137e-02, 9.5762731206798263e-02,
          2.2149000447084838e-01, 6.4630561163436739e-01,
          1.0452448857025858e+00, 9.2508078916283126e-02,
          2.6683814146921164e-01, 6.1772643875660678e-02,
          1.2553398841670041e-01, 3.5730086796105967e-02,
          8.2353130329120158e-02, 1.8367242627931871e-01,
          1.1046841719954344e-01, 9.2508078916283126e-02,
          2.0385203317148484e-01, 2.2757143032532845e-02,
          6.4341248239247334e-02, 4.4679138662919858e-02,
          1.1697973497963119e-02, 1.3691301085394919e-01,
          7.8513196241442734e-02, 1.1525322822322907e-01,
          2.6683814146921164e-01, 2.2757143032532845e-02,
          2.2866825116116243e-01, 2.8842522209050207e-03,
          5.6883431953293512e-02, -3.8855813764089272e-04,
          2.8429910705306722e-02, 6.6503311972930246e-02,
          2.5834560009107455e-01, 6.1772643875660685e-02,
          6.4341248239247334e-02, 2.8842522209050212e-03,
          3.2973954372607645e-01, 1.6435340926922490e-02,
          4.6456883045535476e-02, 4.1445035157486362e-02,
          1.7637874514931745e-01, 1.0125946768229702e-01,
          1.2553398841670041e-01, 4.4679138662919858e-02,
          5.6883431953293526e-02, 1.6435340926922486e-02,
          7.4417579241427140e-02, 1.4365938957261886e-02,
          3.0101014358457041e-02, 5.4338580420635565e-02,
          9.1831451221459137e-02, 3.5730086796105981e-02,
          1.1697973497963119e-02, -3.8855813764089207e-04,
          4.6456883045535469e-02, 1.4365938957261886e-02,
          6.2798569333243640e-02, 5.2560083277790265e-03,
          6.9131156563162960e-02, 9.5762731206798263e-02,
          8.2353130329120158e-02, 1.3691301085394919e-01,
          2.8429910705306718e-02, 4.1445035157486362e-02,
          3.0101014358457041e-02, 5.2560083277790265e-03,
          1.3485491987091858e-01, 2.2597903852008126e-02,
          2.2149000447084843e-01, 1.8367242627931865e-01,
          7.8513196241442720e-02, 6.6503311972930246e-02,
          1.7637874514931745e-01, 5.4338580420635565e-02,
          6.9131156563162960e-02, 2.2597903852008126e-02,
          4.6284325348255284e-01 ]
   - !!opencv-matrix
      rows: 9
      cols: 9
      dt: d
      data: [ 3.3371535956720294e-02, 5.9421021558577305e-04,
          -1.9406910533374354e-03, -4.7405759571480865e-04,
          3.0353656941207370e-03, -3.4472148909203580e-03,
          -7.2521742955211034e-03, -6.6092249527801466e-04,
          -7.1309900329949384e-04, 5.9421021558577326e-04,
          2.5671053793996897e-03, -1.9634508486477916e-04,
          5.8445432856422236e-04, 2.1977472428513422e-03,
          7.8230506731721079e-04, 1.4028233671053887e-03,
          2.2202733313507673e-04, -5.8773330797889647e-03,
          -1.9406910533374354e-03, -1.9634508486477911e-04,
          6.8613801045712469e-03, 1.2621997149553740e-04,
          -8.1842399279510880e-04, 2.8871824059198138e-04,
          6.9659949124518949e-04, -2.7524256205514367e-04,
          9.7553129038247012e-03, -4.7405759571480865e-04,
          5.8445432856422226e-04, 1.2621997149553734e-04,
          6.0185247710676428e-03, 6.2276166538073857e-04,
          6.1895923539400960e-04, 1.3707236231413919e-03,
          -2.1243763566517587e-05, -2.7471905844747707e-03,
          3.0353656941207370e-03, 2.1977472428513422e-03,
          -8.1842399279510891e-04, 6.2276166538073857e-04,
          1.0749555230768008e-02, 2.5054312816234856e-04,
          8.9036574023912309e-04, -4.2059022690610768e-05,
          -8.9406055105916982e-03, -3.4472148909203580e-03,
          7.8230506731721079e-04, 2.8871824059198127e-04,
          6.1895923539400982e-04, 2.5054312816234856e-04,
          4.1405202697341915e-03, 3.0981649482906630e-03,
          -2.2845273728191014e-04, -2.6541824960673670e-03,
          -7.2521742955211034e-03, 1.4028233671053885e-03,
          6.9659949124518960e-04, 1.3707236231413917e-03,
          8.9036574023912288e-04, 3.0981649482906630e-03,
          1.0404003379299457e-02, 5.5297918028050297e-04,
          -9.9995277921512450e-03, -6.6092249527801466e-04,
          2.2202733313507673e-04, -2.7524256205514367e-04,
          -2.1243763566517587e-05, -4.2059022690610748e-05,
          -2.2845273728191014e-04, 5.5297918028050308e-04,
          6.2292658994315504e-03, -5.8522816013990018e-04,
          -7.1309900329949352e-04, -5.8773330797889638e-03,
          9.7553129038247012e-03, -2.7471905844747716e-03,
          -8.9406055105916982e-03, -2.6541824960673670e-03,
          -9.9995277921512450e-03, -5.8522816013990072e-04,
          1.3356155880662593e-01 ]
   - !!opencv-matrix
      rows: 9
      cols: 9
      dt: d
      data: [ 2.8594547911988635e-02, 8.1697541477833927e-03,
          1.8061778008666084e-03, 8.4849083545716973e-04,
          2.3648864555864744e-03, -1.6002518693389480e-04,
          4.6096317705443714e-04, -1.7502040597446269e-04,
          4.9506326554910737e-03, 8.1697541477833927e-03,
          2.7050245291660772e-02, 9.1133892949297069e-03,
          2.4266752542160220e-03, 2.2054731895517969e-03,
          1.7553288156250415e-03, 4.1242638978845241e-03,
          -2.5198262802171383e-04, 2.2442068156586358e-02,
          1.8061778008666082e-03, 9.1133892949297069e-03,
          4.3252663484108521e-02, 1.6497481210696087e-03,
          -7.6802677348584095e-03, 6.5306487158890781e-03,
          -2.0007849938131223e-03, -1.8297584696457547e-03,
          6.8163040368491273e-02, 8.4849083545716995e-04,
          2.4266752542160216e-03, 1.6497481210696083e-03,
          1.1708417200981884e-02, 1.2491553856771129e-03,
          4.2620900627361432e-04, 8.9454988542755692e-04,
          2.0114556230687320e-04, 3.1623079334401919e-03,
          2.3648864555864744e-03, 2.2054731895517969e-03,
          -7.6802677348584095e-03, 1.2491553856771131e-03,
          2.8658299112836693e-02, -1.6032064920472402e-03,
