%YAML:1.0
---
groups:
   - intact
   - CD19
   - blast
intactGmmnames:
   - "intact.Bln023.0"
   - "intact.Bln023.1"
   - "intact.Bln023.2"
   - "intact.Bln023.3"
   - "intact.Bln023.4"
intactLabels:
   - FSC-A
   - SSC-A
   - CD20
   - CD10
   - CD45
   - CD34
   - SYTO41
   - CD19
   - CD38
intactMu: !!opencv-matrix
   rows: 5
   cols: 9
   dt: d
   data: [ 1.0005698684025757e+00, 2.8134704399896215e-01,
       6.2489433502266478e-01, 8.1106706377501891e-01,
       2.1145627340565007e+00, 5.7386792620806648e-01,
       2.7928349338284479e+00, 5.5667293540101725e-01,
       1.9250367314714503e+00, 2.5878154865247325e+00,
       3.3616190896978955e+00, 6.7896063092403258e-01,
       1.6651773514829897e+00, 1.6381513544569735e+00,
       7.8307549908313445e-01, 2.8957254960507406e+00,
       6.0035954716329565e-01, 1.8887391574348267e+00,
       8.0711280578685196e-01, 4.9778525935980356e-01,
       5.8357678194220308e-01, 9.2124513273894004e-01,
       8.5912642491472357e-01, 6.5418171040459183e-01,
       2.8382361822449638e+00, 5.4120569634847404e-01,
       1.3714461206614006e+00, 1.1230760988312254e+00,
       4.2363451107266981e-01, 5.8204173299112105e-01,
       8.1885750889463105e-01, 2.1074258052563706e+00,
       5.6065294470445637e-01, 2.6446792793323213e+00,
       5.3251696407511839e-01, 1.5373000115973117e+00,
       1.4555363689121155e+00, 7.4876675799691172e-01,
       1.0868350938169564e+00, 8.6644374282809244e-01,
       2.2357120035944962e+00, 6.9439734705014522e-01,
       2.7789423083874487e+00, 6.0879708060388249e-01,
       2.8094593318839451e+00 ]
intactSigma:
   - !!opencv-matrix
      rows: 9
      cols: 9
      dt: d
      data: [ 4.1169765339539414e-02, 9.6449580047822234e-04,
          -1.4945402878947791e-03, -1.2850430262797749e-04,
          4.9023997348532486e-03, -3.8359049828469872e-03,
          -1.8055157709033372e-02, -1.2163546230315133e-03,
          5.1960521455522955e-03, 9.6449580047822234e-04,
          3.2568720551748556e-03, 2.7927439459255821e-04,
          3.9693207303646843e-04, 2.4009714699553941e-03,
          6.3324394052818823e-04, 6.6217282977443323e-04,
          4.7462546550475107e-04, -6.5888899200972654e-03,
          -1.4945402878947785e-03, 2.7927439459255832e-04,
          1.1557436539227185e-02, 9.4686458419920101e-05,
          -2.3061156929771314e-04, 5.0700148041100328e-04,
          1.0671191729927992e-03, 8.4087672537512038e-04,
          1.5709251875045852e-02, -1.2850430262797762e-04,
          3.9693207303646833e-04, 9.4686458419920101e-05,
          9.6938792315628454e-04, 3.8155698897321600e-04,
          1.2736682360590688e-04, 4.9687790431196673e-04,
          1.1615965107165682e-04, -9.4953681107517920e-04,
          4.9023997348532486e-03, 2.4009714699553941e-03,
          -2.3061156929771322e-04, 3.8155698897321600e-04,
          1.0783422855872729e-02, -8.1364304023408691e-05,
          -1.8287403326436929e-03, 6.3563140936443195e-05,
          -5.3906893320396689e-03, -3.8359049828469872e-03,
          6.3324394052818845e-04, 5.0700148041100328e-04,
          1.2736682360590682e-04, -8.1364304023408637e-05,
          3.0839122668417864e-03, 3.1116894430135477e-03,
          -1.8092664353225294e-04, -1.0241097088664359e-03,
          -1.8055157709033372e-02, 6.6217282977443334e-04,
          1.0671191729927992e-03, 4.9687790431196662e-04,
          -1.8287403326436933e-03, 3.1116894430135477e-03,
          2.0056673160135305e-02, 1.1639523997309547e-03,
          -7.1263206492352075e-03, -1.2163546230315133e-03,
          4.7462546550475123e-04, 8.4087672537512092e-04,
          1.1615965107165682e-04, 6.3563140936443235e-05,
          -1.8092664353225302e-04, 1.1639523997309554e-03,
          7.2161686712377904e-03, -2.2486628602578895e-03,
          5.1960521455522981e-03, -6.5888899200972654e-03,
          1.5709251875045852e-02, -9.4953681107517931e-04,
          -5.3906893320396681e-03, -1.0241097088664359e-03,
          -7.1263206492352101e-03, -2.2486628602578895e-03,
          1.7402855479068971e-01 ]
   - !!opencv-matrix
      rows: 9
      cols: 9
      dt: d
      data: [ 3.8665161369005702e-01, 2.1378992463171392e-01,
          9.5937548577981636e-03, -2.3012668967530032e-02,
          -9.1712683195836840e-03, 7.9696419560243720e-03,
          1.8200235095515570e-02, -1.4229920440102104e-04,
          1.8284266518228592e-02, 2.1378992463171392e-01,
          5.7239140483914064e-01, 4.1283793204961710e-03,
          5.5566489028547862e-02, 3.1397761717482015e-03,
          1.3063058661543692e-02, 2.6933741047438179e-02,
          4.3286457164563958e-03, 2.3975410644261202e-02,
          9.5937548577981636e-03, 4.1283793204961684e-03,
          1.4423038882344835e-02, -1.1384854656404954e-04,
          -8.5299789812289580e-04, 3.2838694419756375e-03,
          5.3975850639513953e-03, 1.4787086527284126e-03,
          1.3494881976126525e-02, -2.3012668967530039e-02,
          5.5566489028547862e-02, -1.1384854656404973e-04,
          1.2841850883106248e-01, 2.9605908551304232e-02,
          1.6424808553332001e-02, 1.0399066480109498e-02,
          3.8440700408722953e-03, 8.3301480860746777e-03,
          -9.1712683195836840e-03, 3.1397761717482015e-03,
          -8.5299789812289580e-04, 2.9605908551304232e-02,
          4.2643235800153452e-02, 4.3040618404755248e-03,
          -6.1916884572839532e-04, 6.1932697493944082e-04,
          4.7878022092087916e-03, 7.9696419560243720e-03,
          1.3063058661543692e-02, 3.2838694419756375e-03,
          1.6424808553332001e-02, 4.3040618404755248e-03,
          1.4439658992421469e-02, 7.1495093922649454e-03,
          8.1046735270455051e-04, 6.8223489924501618e-03,
          1.8200235095515566e-02, 2.6933741047438179e-02,
          5.3975850639513953e-03, 1.0399066480109498e-02,
          -6.1916884572839532e-04, 7.1495093922649472e-03,
          4.0984304650228925e-02, 2.8651199496847971e-03,
          1.7934571072188085e-02, -1.4229920440102069e-04,
          4.3286457164563958e-03, 1.4787086527284126e-03,
          3.8440700408722953e-03, 6.1932697493944082e-04,
          8.1046735270455051e-04, 2.8651199496847971e-03,
          1.3966425822687350e-02, 3.9649163503193176e-03,
          1.8284266518228592e-02, 2.3975410644261202e-02,
          1.3494881976126525e-02, 8.3301480860746794e-03,
          4.7878022092087908e-03, 6.8223489924501618e-03,
          1.7934571072188082e-02, 3.9649163503193176e-03,
          7.3886467772077927e-02 ]
   - !!opencv-matrix
      rows: 9
      cols: 9
      dt: d
      data: [ 9.4993971553957321e-02, 3.7797182551884315e-02,
          4.3240303071697102e-03, 1.4818294567295463e-02,
          7.9772507384879652e-03, 8.0499326828701451e-03,
          1.8007183001681217e-02, 4.0044559766549996e-03,
          5.7117831007292785e-02, 3.7797182551884315e-02,
          3.2485450085119723e-02, 4.2096338622962907e-03,
          1.0070565380420438e-02, 4.2631465933383808e-03,
          7.1064574362307174e-03, 1.4598051184553528e-02,
          3.2307232437857980e-03, 3.9995286141333082e-02,
          4.3240303071697093e-03, 4.2096338622962907e-03,
          7.8308188896375024e-03, 2.5039393915715965e-03,
          2.4499773402668789e-05, 2.2777392642796780e-03,
          5.5828169637862244e-03, 1.7128951637044121e-03,
          1.3577448435007572e-02, 1.4818294567295463e-02,
          1.0070565380420438e-02, 2.5039393915715965e-03,
          2.3202489614911566e-02, 9.7440648606119469e-04,
          4.6147324621734678e-03, 1.1060840923783899e-02,
          1.9486206668095614e-03, 3.5677242145264423e-02,
          7.9772507384879652e-03, 4.2631465933383808e-03,
          2.4499773402668684e-05, 9.7440648606119469e-04,
          1.2973033849694155e-02, -1.4468746881005192e-03,
