%YAML:1.0
---
groups:
   - intact
   - CD19
   - blast
intactGmmnames:
   - "intact.Bln027.0"
   - "intact.Bln027.1"
   - "intact.Bln027.2"
   - "intact.Bln027.3"
   - "intact.Bln027.4"
intactLabels:
   - FSC-A
   - SSC-A
   - CD20
   - CD10
   - CD45
   - CD34
   - SYTO41
   - CD19
   - CD38
intactMu: !!opencv-matrix
   rows: 5
   cols: 9
   dt: d
   data: [ 1.2812213466379345e+00, 4.6624680889055509e-01,
       5.4625892329656223e-01, 6.1887120769439208e-01,
       2.4585932583686816e+00, 5.5378458755104054e-01,
       3.0583601961876026e+00, 5.1279553906260633e-01,
       1.5752027906598218e+00, 2.1900405432950802e+00,
       2.5099460203168462e+00, 6.8942025608013857e-01,
       1.5378873932451225e+00, 1.9870273529161300e+00,
       7.6684743816212853e-01, 3.1815333554525123e+00,
       6.1364532189691623e-01, 1.7226650488878912e+00,
       1.6378545725391587e+00, 5.8038967935348684e-01,
       9.1330543306084067e-01, 6.5151998388050414e-01,
       2.5187872813744789e+00, 6.1959283241115093e-01,
       3.1175756951927553e+00, 5.2670641522787487e-01,
       2.4759289889092000e+00, 8.5987061210504878e-01,
       4.9081029134163839e-01, 5.3235183311386391e-01,
       7.0285401193898023e-01, 2.2113098747937915e-01,
       6.5409633272394707e-01, 3.4077276463794299e+00,
       5.1636831632537106e-01, 1.0350025890764782e+00,
       8.1893140044483614e-01, 2.8513700410391685e-01,
       5.5849312943871843e-01, 5.9834649203791335e-01,
       2.3443312692156564e+00, 6.0437309752724788e-01,
       3.1829171075830760e+00, 5.2735734080522301e-01,
       1.6792977453156164e+00 ]
intactSigma:
   - !!opencv-matrix
      rows: 9
      cols: 9
      dt: d
      data: [ 7.4789087702313614e-02, 1.1356984363805363e-02,
          -8.7261567885746732e-05, 1.9316950508439725e-03,
          1.9993396270408626e-02, -4.3748483254394706e-04,
          1.1425392230844718e-02, 7.2272522767662334e-04,
          1.6207700458990171e-02, 1.1356984363805370e-02,
          1.9703889101484962e-02, 9.0792813213169449e-04,
          2.6513424058530024e-03, 1.6596587964588547e-02,
          2.2039568006222969e-04, 1.7619620390153648e-02,
          2.9192937603521215e-04, 2.3148415378247029e-02,
          -8.7261567885746691e-05, 9.0792813213169470e-04,
          4.5597621450709849e-03, 9.6521479581749645e-05,
          1.6025019417628752e-03, 5.4561033044354581e-05,
          1.3566541793298469e-03, -1.1508633279363124e-04,
          1.3773163574174834e-02, 1.9316950508439725e-03,
          2.6513424058530019e-03, 9.6521479581749699e-05,
          1.1730847812505954e-02, 3.3416995568503172e-03,
          1.1199278762646608e-04, 3.8400713692231434e-03,
          1.5248318187868000e-04, -1.8227687389971167e-04,
          1.9993396270408626e-02, 1.6596587964588547e-02,
          1.6025019417628755e-03, 3.3416995568503181e-03,
          3.4721056148055013e-02, 4.0731421281551893e-04,
          2.1254728758323748e-02, 4.2197058264522550e-04,
          4.5525157219830130e-02, -4.3748483254394695e-04,
          2.2039568006222964e-04, 5.4561033044354608e-05,
          1.1199278762646613e-04, 4.0731421281551893e-04,
          1.8895162601035743e-03, 8.2411248638456934e-04,
          -3.6786718397019988e-04, 7.7498026745223222e-04,
          1.1425392230844718e-02, 1.7619620390153645e-02,
          1.3566541793298469e-03, 3.8400713692231434e-03,
          2.1254728758323748e-02, 8.2411248638456934e-04,
          6.3663984791886910e-02, 2.3243813690679269e-04,
          1.9107900982950031e-02, 7.2272522767662291e-04,
          2.9192937603521215e-04, -1.1508633279363130e-04,
          1.5248318187868003e-04, 4.2197058264522550e-04,
          -3.6786718397019988e-04, 2.3243813690679266e-04,
          2.6857498298006989e-03, -1.1413633474698470e-03,
          1.6207700458990164e-02, 2.3148415378247029e-02,
          1.3773163574174836e-02, -1.8227687389971080e-04,
          4.5525157219830130e-02, 7.7498026745223244e-04,
          1.9107900982950031e-02, -1.1413633474698470e-03,
          4.0525494083248143e-01 ]
   - !!opencv-matrix
      rows: 9
      cols: 9
      dt: d
      data: [ 7.6533972076987922e-01, 8.9964142474752873e-01,
          -4.1058971144089434e-02, 2.0052811677825083e-01,
          3.2769168170777581e-02, 1.5349251672302392e-02,
          6.9791904835806422e-03, 2.2240323448782834e-03,
          1.9939812623573006e-01, 8.9964142474752873e-01,
          2.0814763814972355e+00, -1.2507493004953538e-01,
          5.5110946049538045e-01, -3.7685522660080013e-03,
          -3.9691956773787687e-02, -2.9921948393491905e-03,
          -1.4511053838634921e-02, 2.7805921883639995e-01,
          -4.1058971144089434e-02, -1.2507493004953538e-01,
          1.0517258632120494e-01, -4.9328081793923451e-02,
          3.3063730152666170e-03, 3.6802389184382731e-03,
          2.2572930565786763e-03, 3.0054110461462259e-02,
          3.3543181655750300e-02, 2.0052811677825083e-01,
          5.5110946049538068e-01, -4.9328081793923444e-02,
          3.6727379339490468e-01, 7.4011202830627273e-02,
          -1.4996317195246211e-03, -1.2526612553453838e-02,
          8.9680619400703196e-03, 4.0679880585181849e-02,
          3.2769168170777581e-02, -3.7685522660080057e-03,
          3.3063730152666170e-03, 7.4011202830627273e-02,
          2.4098391390038654e-01, -2.4052029688046464e-04,
          -2.0193105349370331e-02, 1.4008079058467062e-02,
          1.7051045394271422e-02, 1.5349251672302392e-02,
          -3.9691956773787687e-02, 3.6802389184382740e-03,
          -1.4996317195246213e-03, -2.4052029688046464e-04,
          7.0481688106373508e-02, 4.4265329899183959e-03,
          1.5733443281308442e-02, 1.4052485966248418e-02,
          6.9791904835806440e-03, -2.9921948393491909e-03,
          2.2572930565786763e-03, -1.2526612553453838e-02,
          -2.0193105349370331e-02, 4.4265329899183959e-03,
          9.8546881524653365e-02, -2.4656142835713089e-03,
          2.0447712743076808e-02, 2.2240323448782799e-03,
          -1.4511053838634921e-02, 3.0054110461462259e-02,
          8.9680619400703196e-03, 1.4008079058467062e-02,
          1.5733443281308442e-02, -2.4656142835713089e-03,
          3.2224598337832373e-02, 1.2276886238100615e-02,
          1.9939812623573006e-01, 2.7805921883639989e-01,
          3.3543181655750300e-02, 4.0679880585181849e-02,
          1.7051045394271422e-02, 1.4052485966248418e-02,
          2.0447712743076808e-02, 1.2276886238100615e-02,
          2.4703765295611618e-01 ]
   - !!opencv-matrix
      rows: 9
      cols: 9
      dt: d
      data: [ 5.3856315331585070e-01, -1.2270344154451192e-02,
          -1.9121453804783528e-02, 4.0828779771628016e-03,
          2.7759100409810170e-02, -4.8640111370240411e-03,
          -7.5211148011538581e-02, -2.8969230432841389e-03,
          -4.7941817616378668e-02, -1.2270344154451192e-02,
          2.6073746915207637e-02, 1.4746810561607216e-02,
          1.3183561086423548e-03, 7.1187088923096086e-03,
          4.2622425533027416e-03, 1.2268879594287794e-02,
          -6.6158251894145998e-04, 6.6081730281343912e-02,
          -1.9121453804783535e-02, 1.4746810561607213e-02,
          9.2219760372422840e-02, 4.7078626345241912e-03,
          3.8651927726127289e-03, 9.3974713677983154e-03,
          4.0098586965944868e-03, -2.2763634895742496e-03,
          1.7157924949177328e-01, 4.0828779771628007e-03,
          1.3183561086423550e-03, 4.7078626345241912e-03,
          1.4350172431551131e-02, 1.6864001066578226e-03,
          9.8890112042750037e-04, 2.8184582204708711e-04,
          -1.1706109822712847e-04, 8.3001954321846785e-03,
          2.7759100409810170e-02, 7.1187088923096086e-03,
          3.8651927726127289e-03, 1.6864001066578226e-03,
          2.3727488670147196e-02, 5.0012162757199509e-04,
