%YAML:1.0
---
groups:
   - intact
   - CD19
   - blast
intactGmmnames:
   - "intact.Bln082.0"
   - "intact.Bln082.1"
   - "intact.Bln082.2"
   - "intact.Bln082.3"
   - "intact.Bln082.4"
intactLabels:
   - FSC-A
   - SSC-A
   - CD20
   - CD10
   - CD45
   - CD34
   - SYTO41
   - CD19
   - CD38
intactMu: !!opencv-matrix
   rows: 5
   cols: 9
   dt: d
   data: [ 1.1766406181074396e+00, 3.6082202384989009e-01,
       9.7595463617860800e-01, 9.1406933747421848e-01,
       2.4011749958333883e+00, 9.3320771485476095e-01,
       2.4087844644511893e+00, 7.7874898886498445e-01,
       2.7089810183649812e+00, 1.2052423706412494e+00,
       2.6425727858863907e-01, 8.0076110539503520e-01,
       9.0149337080381542e-01, 2.2932283860446403e+00,
       7.6296328327160912e-01, 2.2773667507738553e+00,
       6.5295787957359752e-01, 1.6387968664299344e+00,
       3.0411286740729495e+00, 2.4429772580635829e+00,
       1.2711938795135151e+00, 2.4955550664678965e+00,
       2.0927973987860318e+00, 1.4529068587900886e+00,
       2.4111723218620327e+00, 1.0476977869660296e+00,
       2.5808027966289200e+00, 1.0275906754559687e+00,
       2.0416835856708929e-01, 7.8646095797285154e-01,
       8.8204776044367439e-01, 2.3652153487752900e+00,
       8.0230524903475386e-01, 2.4088559504967804e+00,
       6.8796436815096729e-01, 2.0586433955505870e+00,
       1.9518453675923870e+00, 9.8736134439906498e-01,
       1.3534408034496028e+00, 1.3875298509380709e+00,
       1.7072643349058274e+00, 1.4524222479119753e+00,
       2.4985521213167985e+00, 1.0626765804812002e+00,
       2.2645805177237595e+00 ]
intactSigma:
   - !!opencv-matrix
      rows: 9
      cols: 9
      dt: d
      data: [ 1.7157312038610600e-01, 2.6737930739657641e-02,
          -1.7971798921702167e-02, 5.8895502856658030e-03,
          4.8959516232421681e-02, -2.3650527598818277e-02,
          -7.6631771898515106e-03, -9.2117970951553357e-03,
          1.4018730592086751e-01, 2.6737930739657641e-02,
          1.5914974715876863e-02, -9.5471955028510729e-03,
          2.8231919996167124e-03, 1.1877971603302525e-02,
          9.8025477817689061e-04, 6.7673462304844919e-05,
          -3.7350776982058007e-03, 5.4486594508351631e-02,
          -1.7971798921702160e-02, -9.5471955028510747e-03,
          3.1635861068045440e-01, 1.4461337122779899e-03,
          3.5425483552785423e-04, -1.6973684555938676e-03,
          9.5593089531278085e-04, 3.8036875317189314e-02,
          -1.0854882303544022e-01, 5.8895502856658039e-03,
          2.8231919996167128e-03, 1.4461337122779890e-03,
          1.0726469849376375e-02, 1.8199541094300559e-03,
          1.3734652635622776e-03, 2.4075968231659804e-03,
          1.7685661320287075e-04, 3.2927686856662019e-04,
          4.8959516232421681e-02, 1.1877971603302525e-02,
          3.5425483552785521e-04, 1.8199541094300559e-03,
          4.0320114998016819e-02, -9.5924308620743415e-03,
          4.2412256300110990e-04, -1.0582327204576890e-03,
          6.8800501643155015e-02, -2.3650527598818284e-02,
          9.8025477817689039e-04, -1.6973684555938681e-03,
          1.3734652635622778e-03, -9.5924308620743415e-03,
          6.2441182775529805e-02, 1.5667900373334272e-02,
          -7.8660303099402831e-03, -2.2488024365762051e-02,
          -7.6631771898515106e-03, 6.7673462304844553e-05,
          9.5593089531277944e-04, 2.4075968231659804e-03,
          4.2412256300110963e-04, 1.5667900373334272e-02,
          5.1010276552725067e-02, -2.4983052593597010e-03,
          -3.7073336700940623e-02, -9.2117970951553357e-03,
          -3.7350776982058007e-03, 3.8036875317189314e-02,
          1.7685661320287056e-04, -1.0582327204576893e-03,
          -7.8660303099402831e-03, -2.4983052593597018e-03,
          1.0275525668333035e-01, -2.6923766468473671e-02,
          1.4018730592086753e-01, 5.4486594508351638e-02,
          -1.0854882303544022e-01, 3.2927686856662041e-04,
          6.8800501643155015e-02, -2.2488024365762041e-02,
          -3.7073336700940610e-02, -2.6923766468473671e-02,
          6.9851783456566363e-01 ]
   - !!opencv-matrix
      rows: 9
      cols: 9
      dt: d
      data: [ 9.8901157971255163e-02, 4.7458356294503489e-03,
          -9.5010664763097905e-04, 2.0432051059300037e-03,
          1.7541680807053990e-02, -7.1229927040675775e-03,
          2.4827606447225783e-02, 4.1827893026930643e-03,
          -3.3931385035728290e-02, 4.7458356294503507e-03,
          7.2799656151776504e-03, 2.0998445487561078e-03,
          1.7270633263021171e-03, 6.0047973431226137e-03,
          1.7534321000209291e-03, 5.8725332501727914e-03,
          9.7426500425335254e-04, -1.0914011113023944e-02,
          -9.5010664763097851e-04, 2.0998445487561078e-03,
          4.6151040701291772e-02, 3.9855655053546059e-04,
          1.4093395958793401e-03, 1.6806682404095624e-04,
          1.5705463371668894e-03, -5.0830875164962911e-03,
          -1.5574674271833599e-02, 2.0432051059300028e-03,
          1.7270633263021171e-03, 3.9855655053546059e-04,
          1.0488253028882245e-02, 3.4408962553444623e-03,
          7.3695584374079215e-04, 4.3840666421281222e-03,
          1.0479364918241210e-04, -5.7310805144283440e-03,
          1.7541680807053990e-02, 6.0047973431226137e-03,
          1.4093395958793401e-03, 3.4408962553444623e-03,
          2.2999670633381403e-02, 2.6088221100185965e-03,
          1.7472355303798891e-02, 1.2911654737261093e-03,
          -1.1146231973526405e-02, -7.1229927040675775e-03,
          1.7534321000209291e-03, 1.6806682404095537e-04,
          7.3695584374079226e-04, 2.6088221100185960e-03,
          3.3589952540182023e-02, 5.1035926520579568e-03,
          -8.6539133017206147e-03, -9.4343248576999835e-04,
          2.4827606447225783e-02, 5.8725332501727906e-03,
          1.5705463371668894e-03, 4.3840666421281222e-03,
          1.7472355303798891e-02, 5.1035926520579577e-03,
          2.9901738803544842e-02, -1.4566505898294942e-04,
          -1.6842006749726066e-02, 4.1827893026930652e-03,
          9.7426500425335275e-04, -5.0830875164962919e-03,
          1.0479364918241205e-04, 1.2911654737261091e-03,
          -8.6539133017206164e-03, -1.4566505898294904e-04,
          5.1500667837089932e-02, -6.9205116042706134e-03,
          -3.3931385035728290e-02, -1.0914011113023947e-02,
          -1.5574674271833604e-02, -5.7310805144283449e-03,
          -1.1146231973526400e-02, -9.4343248576999803e-04,
          -1.6842006749726069e-02, -6.9205116042706117e-03,
          3.1542275086043331e-01 ]
   - !!opencv-matrix
      rows: 9
      cols: 9
      dt: d
      data: [ 4.7256842876797323e-01, 3.2542666242188251e-01,
          4.7189210327597056e-02, 1.2466703938006422e-02,
          4.2533283630491948e-02, 6.3054485122633688e-02,
          -5.3201685111077613e-03, 6.7702857048910353e-02,
          7.1848581550582449e-02, 3.2542666242188251e-01,
          5.2386173647623679e-01, 8.0185414293499804e-02,
          2.4633335869966959e-02, 3.9508173623480955e-02,
          9.0391122191349413e-02, -1.9461732172729455e-02,
          8.6783871341910901e-02, 1.1823003091396531e-01,
          4.7189210327597063e-02, 8.0185414293499804e-02,
          1.3492820933911859e-01, 1.2758102066826404e-02,
          1.3383694903902201e-02, 4.4690334760751807e-02,
          1.5874238760929874e-02, 4.7732222027812812e-02,
          4.0769916422559623e-02, 1.2466703938006422e-02,
          2.4633335869966959e-02, 1.2758102066826402e-02,
          9.6842343090318903e-02, 2.6459123423259484e-02,
          1.5075587615530892e-02, 4.6603201108030715e-03,
          2.7653929825778682e-02, 1.6919531756481157e-02,
          4.2533283630491948e-02, 3.9508173623480955e-02,
          1.3383694903902201e-02, 2.6459123423259484e-02,
          3.6411908138836310e-02, 2.2574626780238104e-02,
