%YAML:1.0
---
groups:
   - intact
   - CD19
   - blast
intactGmmnames:
   - "intact.Bln059.0"
   - "intact.Bln059.1"
   - "intact.Bln059.2"
   - "intact.Bln059.3"
   - "intact.Bln059.4"
intactLabels:
   - FSC-A
   - SSC-A
   - CD20
   - CD10
   - CD45
   - CD34
   - SYTO41
   - CD19
   - CD38
intactMu: !!opencv-matrix
   rows: 5
   cols: 9
   dt: d
   data: [ 1.1114203887205369e+00, 3.5374407397550428e-01,
       1.1158527488141490e+00, 9.4560950846282377e-01,
       2.1765261558507518e+00, 8.0146776875704773e-01,
       2.5137674708982898e+00, 7.8959506515153766e-01,
       2.1146538768666976e+00, 2.7485159296815596e+00,
       2.5774848654269080e+00, 1.1885824969504315e+00,
       1.9486456125686835e+00, 1.9159226237797862e+00,
       1.3209889808488882e+00, 2.6205558793516115e+00,
       1.0917945761372527e+00, 2.6025696523044251e+00,
       7.8453479788486047e-01, 2.4128163377175896e-01,
       1.1021970646285282e+00, 8.8282195476822611e-01,
       2.1341728023910278e+00, 8.4243630903137678e-01,
       2.6244651552640312e+00, 6.9568537386858176e-01,
       2.2778021048474644e+00, 1.0893737791724605e+00,
       4.6306451523913789e-01, 1.1148059401239530e+00,
       1.3087015548658079e+00, 8.8821300053481755e-01,
       1.0352636110326776e+00, 2.7071042212302072e+00,
       7.8774795485306970e-01, 1.8100494059451047e+00,
       2.0900971814739249e+00, 1.1709857237534316e+00,
       1.2793520287994891e+00, 1.5494665990762846e+00,
       1.4173539947784513e+00, 1.4130059720899155e+00,
       2.8204454087308948e+00, 1.1892547493491650e+00,
       2.6249317345179590e+00 ]
intactSigma:
   - !!opencv-matrix
      rows: 9
      cols: 9
      dt: d
      data: [ 9.9388353773620777e-02, 7.2299162971002952e-03,
          -3.7258276266702102e-03, -8.1005915859793040e-03,
          1.6055355927132624e-02, -1.2065149876152271e-02,
          -2.8781713238702424e-03, -7.9600411651115869e-03,
          2.2646861316878968e-02, 7.2299162971002952e-03,
          1.2454277564928867e-02, -2.7238324619751990e-04,
          2.7178732185763864e-04, 9.0871016247196235e-03,
          4.0292316303331653e-03, 1.8493005228478517e-03,
          2.2300782308959021e-03, 4.5508095033825392e-02,
          -3.7258276266702102e-03, -2.7238324619751985e-04,
          5.7818758640386355e-03, 2.9766795826179039e-04,
          2.0237441256026764e-04, 3.4541523573395120e-04,
          1.1251752339112794e-03, -8.7629304631494913e-05,
          -3.4716743727758975e-03, -8.1005915859793040e-03,
          2.7178732185763853e-04, 2.9766795826179028e-04,
          2.4429588422365194e-02, 9.6911738644133610e-04,
          5.1402301181975073e-03, 4.7597673996845613e-03,
          1.2805588821850485e-02, 1.3409559070054979e-02,
          1.6055355927132624e-02, 9.0871016247196235e-03,
          2.0237441256026772e-04, 9.6911738644133577e-04,
          2.8252131744233050e-02, 3.3262219482885747e-03,
          6.5087726995604368e-03, 5.9970066389983048e-03,
          5.3436611302371914e-02, -1.2065149876152271e-02,
          4.0292316303331644e-03, 3.4541523573395076e-04,
          5.1402301181975073e-03, 3.3262219482885756e-03,
          4.1291091394564244e-02, 8.0558106848002946e-03,
          6.0235687051722478e-03, 4.2256568382289771e-02,
          -2.8781713238702424e-03, 1.8493005228478517e-03,
          1.1251752339112794e-03, 4.7597673996845604e-03,
          6.5087726995604368e-03, 8.0558106848002946e-03,
          2.0044261152459799e-02, 7.5219818277217337e-03,
          -1.2091326445891814e-02, -7.9600411651115869e-03,
          2.2300782308959021e-03, -8.7629304631494872e-05,
          1.2805588821850488e-02, 5.9970066389983022e-03,
          6.0235687051722478e-03, 7.5219818277217319e-03,
          9.5807949313680932e-02, 3.4060479018594984e-02,
          2.2646861316878979e-02, 4.5508095033825378e-02,
          -3.4716743727758962e-03, 1.3409559070054979e-02,
          5.3436611302371914e-02, 4.2256568382289771e-02,
          -1.2091326445891813e-02, 3.4060479018594977e-02,
          1.0446748082042783e+00 ]
   - !!opencv-matrix
      rows: 9
      cols: 9
      dt: d
      data: [ 5.0034968644139133e-01, 3.3901394112049893e-01,
          7.8481644274436997e-03, 8.3074319274054995e-02,
          1.0865346711552126e-01, 6.9635265034750163e-02,
          -1.0703695615126586e-02, 6.6870398088034078e-02,
          3.5688221342969201e-02, 3.3901394112049893e-01,
          5.1498599796971556e-01, 1.1990768383100505e-02,
          8.8298588118243898e-02, 9.7323475546976804e-02,
          6.8709242300766013e-02, -2.4405574484729358e-03,
          4.9643303012111013e-02, 4.0510844986591792e-02,
          7.8481644274436997e-03, 1.1990768383100509e-02,
          8.3493068052742300e-03, 7.5271062105365244e-03,
          7.5683238664819592e-04, 9.7546625014749162e-03,
          4.3205710471427251e-03, 1.0510877788020703e-02,
          8.0457278340083250e-03, 8.3074319274054981e-02,
          8.8298588118243898e-02, 7.5271062105365244e-03,
          3.8714627526538931e-01, 1.4133995409398689e-01,
          3.4504201893349566e-02, -1.1211770031934826e-02,
          9.7159637079977990e-02, -5.9867361064147001e-02,
          1.0865346711552122e-01, 9.7323475546976804e-02,
          7.5683238664819570e-04, 1.4133995409398689e-01,
          1.1881354302710331e-01, 2.5955288622820892e-02,
          -2.1547361258029175e-02, 5.2999949563100827e-02,
          -2.8359074350249685e-02, 6.9635265034750163e-02,
          6.8709242300765999e-02, 9.7546625014749162e-03,
          3.4504201893349552e-02, 2.5955288622820892e-02,
          8.2765533663876734e-02, 1.2103246917368091e-02,
          4.0102119217814224e-02, 2.7388833164620131e-02,
          -1.0703695615126579e-02, -2.4405574484729371e-03,
          4.3205710471427251e-03, -1.1211770031934826e-02,
          -2.1547361258029175e-02, 1.2103246917368091e-02,
          2.7759160220837704e-02, -1.8737879267951933e-04,
          1.6925696226926225e-02, 6.6870398088034105e-02,
          4.9643303012111013e-02, 1.0510877788020703e-02,
          9.7159637079977948e-02, 5.2999949563100834e-02,
          4.0102119217814224e-02, -1.8737879267951931e-04,
          1.9799147676077236e-01, 2.9384182546562276e-02,
          3.5688221342969201e-02, 4.0510844986591792e-02,
          8.0457278340083250e-03, -5.9867361064147022e-02,
          -2.8359074350249671e-02, 2.7388833164620124e-02,
          1.6925696226926225e-02, 2.9384182546562273e-02,
          1.0293165419984562e-01 ]
   - !!opencv-matrix
      rows: 9
      cols: 9
      dt: d
      data: [ 3.8905648237385598e-02, 8.3823569319517455e-04,
          -8.3954789842948148e-04, -7.6015714196340112e-04,
          2.1966202794906796e-03, -1.2862845582579826e-02,
          -1.4326948858063857e-02, -3.3433356773758926e-03,
          2.6369968492547771e-03, 8.3823569319517433e-04,
          2.2135776376398771e-03, 8.3767813480300793e-05,
          5.8562663443469251e-04, 2.0987435146185870e-03,
          1.4254134693970062e-03, -2.1867825065741438e-04,
          1.0036528302895058e-03, -3.9880664592414888e-03,
          -8.3954789842948115e-04, 8.3767813480300820e-05,
          1.9851370472389628e-03, 9.4053105039269250e-05,
          7.3781893684970337e-05, 1.5182211908463118e-04,
          6.1392035112490585e-04, -7.0618451991314205e-04,
          -2.0478661194486959e-03, -7.6015714196340134e-04,
          5.8562663443469251e-04, 9.4053105039269250e-05,
          5.8645989776002303e-03, 9.0819268981280968e-04,
          7.4432861880514465e-04, 7.8957374082487997e-04,
          9.2038799086908128e-04, -3.9993128924063374e-04,
          2.1966202794906796e-03, 2.0987435146185870e-03,
          7.3781893684970404e-05, 9.0819268981280935e-04,
          1.0468261999845740e-02, 2.1317594500196496e-03,
