%YAML:1.0
---
groups:
   - intact
   - CD19
   - blast
intactGmmnames:
   - "intact.Bln037.0"
   - "intact.Bln037.1"
   - "intact.Bln037.2"
   - "intact.Bln037.3"
   - "intact.Bln037.4"
intactLabels:
   - FSC-A
   - SSC-A
   - CD20
   - CD10
   - CD45
   - CD34
   - SYTO41
   - CD19
   - CD38
intactMu: !!opencv-matrix
   rows: 5
   cols: 9
   dt: d
   data: [ 1.0203956226368838e+00, 2.9148445075522283e-01,
       1.2100267923187891e+00, 9.2551109401053022e-01,
       2.3418895365708181e+00, 8.3324893221903507e-01,
       2.5424958211192266e+00, 8.1867863531396068e-01,
       2.5812502165085611e+00, 2.6607142964581119e+00,
       2.7415517367946984e+00, 1.2952012493645191e+00,
       1.9388041010960850e+00, 1.9543457375101070e+00,
       1.3898523721128169e+00, 2.5960665471891180e+00,
       1.0830191817795314e+00, 2.6939197061544196e+00,
       1.1981735961421724e+00, 4.8547332004687388e-01,
       1.2318710038136418e+00, 1.3722381083382418e+00,
       7.6449966406505865e-01, 1.0778692536159906e+00,
       2.7534356285042794e+00, 9.2547173456311582e-01,
       2.0804585699834832e+00, 1.2068506828252186e+00,
       4.0384130434619980e-01, 1.2152842782899571e+00,
       9.8560800970919971e-01, 2.3795955340189274e+00,
       8.0179604712642849e-01, 2.4849544704755124e+00,
       8.7007240156309440e-01, 2.4651112085696458e+00,
       2.2787929558303395e+00, 1.2923402683270089e+00,
       1.4092046374013296e+00, 1.7477191884245216e+00,
       1.7249709466407210e+00, 1.4919195994009453e+00,
       2.7786256139780030e+00, 1.3938807469607515e+00,
       2.8347301793446809e+00 ]
intactSigma:
   - !!opencv-matrix
      rows: 9
      cols: 9
      dt: d
      data: [ 3.2352569187785403e-02, 2.0992328556065309e-03,
          -3.7478505076260520e-04, -2.0092024247128075e-05,
          4.3461541484039589e-03, -8.1390512980327474e-03,
          -3.6987994643733792e-03, 2.4115280974539805e-04,
          -2.4024844875403057e-03, 2.0992328556065304e-03,
          3.4792710101049337e-03, 1.5195527363317656e-04,
          5.2894614617528734e-04, 2.7187689686697641e-03,
          3.0867405652216482e-04, -2.8416161964104139e-04,
          1.6648511307849972e-03, -6.3162939203609738e-03,
          -3.7478505076260520e-04, 1.5195527363317661e-04,
          1.2375174535988298e-03, 6.8458938378250647e-05,
          1.5517942171160910e-04, 1.5735987035018806e-04,
          2.3727303642356797e-04, -3.7202353711916872e-04,
          -1.5515979540858373e-03, -2.0092024247128092e-05,
          5.2894614617528734e-04, 6.8458938378250620e-05,
          5.1158597241950550e-03, 9.4681320355067633e-04,
          8.8914339432861615e-05, 2.4312177864006736e-04,
          -7.7942615012004140e-05, 3.7174140509940554e-03,
          4.3461541484039589e-03, 2.7187689686697641e-03,
          1.5517942171160918e-04, 9.4681320355067611e-04,
          1.1843096965528399e-02, 9.5710859610532756e-05,
          -2.9879711375687475e-04, 1.6281438853724879e-03,
          -3.9262584363059256e-03, -8.1390512980327474e-03,
          3.0867405652216471e-04, 1.5735987035018806e-04,
          8.8914339432861385e-05, 9.5710859610532688e-05,
          3.4178810318280232e-02, 4.3116971121764935e-03,
          -5.5921577360083449e-03, -2.0344830636779758e-03,
          -3.6987994643733792e-03, -2.8416161964104145e-04,
          2.3727303642356797e-04, 2.4312177864006728e-04,
          -2.9879711375687486e-04, 4.3116971121764935e-03,
          4.6712005517394826e-03, 3.6548035183279695e-04,
          -2.6365789961623641e-03, 2.4115280974539797e-04,
          1.6648511307849972e-03, -3.7202353711916867e-04,
          -7.7942615012004411e-05, 1.6281438853724879e-03,
          -5.5921577360083432e-03, 3.6548035183279722e-04,
          7.5621122272428898e-02, -4.5965084684980312e-03,
          -2.4024844875403057e-03, -6.3162939203609747e-03,
          -1.5515979540858377e-03, 3.7174140509940545e-03,
          -3.9262584363059256e-03, -2.0344830636779762e-03,
          -2.6365789961623636e-03, -4.5965084684980338e-03,
          1.5138581893690031e-01 ]
   - !!opencv-matrix
      rows: 9
      cols: 9
      dt: d
      data: [ 3.3083345023971911e-01, 2.0668573605778270e-01,
          6.6663587455528268e-03, 4.2433975225117382e-02,
          3.3832173817909553e-02, 3.5396058756070402e-02,
          5.8856877874862946e-03, 1.3689414473305045e-02,
          1.5251151650211887e-02, 2.0668573605778270e-01,
          4.4636727566709516e-01, 7.5292797331818796e-03,
          2.1717462084902231e-01, 9.2011331780343458e-02,
          5.6519172109516298e-02, 1.4263528171074277e-02,
          2.3007091888685691e-02, -8.4539347633853582e-03,
          6.6663587455528268e-03, 7.5292797331818796e-03,
          3.5619362393724176e-03, 3.7349438945868028e-03,
          2.5515784269257813e-03, 4.6006438393229277e-03,
          1.8281203299799740e-03, 3.7436417044312653e-03,
          2.2436773713111380e-03, 4.2433975225117389e-02,
          2.1717462084902231e-01, 3.7349438945868019e-03,
          3.8499266376249996e-01, 1.3434074994940043e-01,
          3.5107455198399605e-02, 1.3358393541205001e-02,
          3.4483500319997355e-02, -6.5356928621294538e-02,
          3.3832173817909553e-02, 9.2011331780343458e-02,
          2.5515784269257813e-03, 1.3434074994940043e-01,
          7.5742907671504933e-02, 2.0094895344532453e-02,
          7.4058389016214169e-03, 2.3659331351474470e-02,
          -2.9675155377146961e-02, 3.5396058756070409e-02,
          5.6519172109516298e-02, 4.6006438393229277e-03,
          3.5107455198399605e-02, 2.0094895344532453e-02,
          5.7987485288882236e-02, 1.1894589164226416e-02,
          1.1680752232191685e-02, 9.8599063732300388e-03,
          5.8856877874862946e-03, 1.4263528171074279e-02,
          1.8281203299799740e-03, 1.3358393541205001e-02,
          7.4058389016214169e-03, 1.1894589164226416e-02,
          1.7411200744750683e-02, 9.4462179247388964e-03,
          7.0985611085820181e-03, 1.3689414473305034e-02,
          2.3007091888685691e-02, 3.7436417044312649e-03,
          3.4483500319997355e-02, 2.3659331351474466e-02,
          1.1680752232191682e-02, 9.4462179247388964e-03,
          1.3464176483867107e-01, 3.3006396851655928e-03,
          1.5251151650211889e-02, -8.4539347633853599e-03,
          2.2436773713111384e-03, -6.5356928621294538e-02,
          -2.9675155377146968e-02, 9.8599063732300388e-03,
          7.0985611085820181e-03, 3.3006396851655928e-03,
          6.4528278023085001e-02 ]
   - !!opencv-matrix
      rows: 9
      cols: 9
      dt: d
      data: [ 1.7930132136838461e-01, 6.8231212174346106e-02,
          3.3834047364361803e-03, 5.8892445732093117e-02,
          2.3649499535388363e-02, 3.2487664318185852e-02,
          4.3640873502061688e-02, 3.2240940984886945e-02,
          8.5364425304174332e-02, 6.8231212174346093e-02,
          4.9213888042055079e-02, 2.3266970811353918e-03,
          4.2027737046763443e-02, 1.9103316471425085e-02,
          2.2984207963661716e-02, 2.3048860650544511e-02,
          2.1104511602181412e-02, 7.6483806880554617e-02,
          3.3834047364361798e-03, 2.3266970811353918e-03,
          1.3706836162529802e-03, 3.2199206731980232e-03,
          1.0562545584088525e-03, 1.6385735889115148e-03,
          1.5078264784294157e-03, 1.6690275925068184e-03,
          4.6109306273475412e-03, 5.8892445732093117e-02,
          4.2027737046763443e-02, 3.2199206731980223e-03,
          1.5222719203235674e-01, 2.6052153191418057e-02,
          2.6448092085488900e-02, 1.8949956146646525e-02,
          3.9872705687097026e-02, 1.4661491886687003e-01,
          2.3649499535388356e-02, 1.9103316471425085e-02,
          1.0562545584088528e-03, 2.6052153191418060e-02,
          4.1582124944189711e-02, 2.4693917449166566e-03,
          -1.2494201270666158e-02, 1.4283363009621474e-02,
