%YAML:1.0
---
groups:
   - intact
   - CD19
intactGmmnames:
   - "intact.Bln087.0"
   - "intact.Bln087.1"
   - "intact.Bln087.2"
   - "intact.Bln087.3"
   - "intact.Bln087.4"
intactLabels:
   - FSC-A
   - SSC-A
   - CD20
   - CD10
   - CD45
   - CD34
   - SYTO41
   - CD19
   - CD38
intactMu: !!opencv-matrix
   rows: 5
   cols: 9
   dt: d
   data: [ 1.0063149887060581e+00, 2.1616327265894930e-01,
       7.6593989668538243e-01, 8.7389399787809541e-01,
       2.4346690284444925e+00, 7.7639129487382452e-01,
       1.8869241433063375e+00, 7.0772311310731861e-01,
       2.6350469189146009e+00, 2.9390028073689165e+00,
       2.7313256765184577e+00, 1.0379293273269476e+00,
       2.2436537396737832e+00, 1.9738166476189467e+00,
       1.1308306971147331e+00, 2.1545322669281708e+00,
       8.5279751471703780e-01, 2.5360574258071176e+00,
       2.6110331545493008e+00, 1.4555935699699833e+00,
       1.0308211954723727e+00, 1.4751174069842241e+00,
       2.2148728597045935e+00, 1.2256521716534061e+00,
       2.0524612046680049e+00, 9.8345443463836613e-01,
       2.6834328052494976e+00, 9.4626181751375937e-01,
       3.5815524781890495e-01, 8.2679737682269205e-01,
       1.0979772707408295e+00, 1.2988397406251813e+00,
       1.0227668219274173e+00, 2.0860594570278788e+00,
       6.7900589753047347e-01, 1.5915831481760010e+00,
       1.2903865339857039e+00, 3.4522385127218147e-01,
       7.7230550901342376e-01, 8.8737018626708741e-01,
       2.5444547620560147e+00, 7.4415468793920714e-01,
       1.8173687597115016e+00, 7.1330659898955906e-01,
       2.1494153698742133e+00 ]
intactSigma:
   - !!opencv-matrix
      rows: 9
      cols: 9
      dt: d
      data: [ 4.1479783775599195e-02, 2.0484195523976841e-03,
          -1.1188866094217057e-03, 5.4368101913542714e-04,
          5.7203489181530667e-03, -8.8349291817293295e-03,
          -1.6059096067092396e-02, -2.5238144491292175e-04,
          -2.4702542207819911e-03, 2.0484195523976837e-03,
          1.6321467010019235e-03, 8.1175980954374660e-04,
          2.4671565251767449e-04, 1.9146464556046461e-03,
          4.5658067058313210e-04, -1.0298534143049084e-03,
          1.9824642514539254e-04, -1.6945316698944821e-03,
          -1.1188866094217055e-03, 8.1175980954374628e-04,
          9.3402465702656368e-02, 3.4166007278171954e-04,
          1.0938799382739369e-03, -1.2337598348877499e-03,
          2.7827761458172982e-03, 6.2395266558200790e-04,
          -5.0864787225977891e-03, 5.4368101913542714e-04,
          2.4671565251767449e-04, 3.4166007278171970e-04,
          4.1510837486657274e-03, 8.0273965426601388e-04,
          2.4689140138029718e-05, 5.2609035686326290e-04,
          -1.0952895656408021e-04, -8.5883273823599156e-04,
          5.7203489181530667e-03, 1.9146464556046461e-03,
          1.0938799382739363e-03, 8.0273965426601388e-04,
          1.0573936790859858e-02, 1.4253699357646081e-03,
          5.5092242919376605e-04, 3.9633633110168189e-04,
          -2.1188622634911941e-03, -8.8349291817293295e-03,
          4.5658067058313226e-04, -1.2337598348877493e-03,
          2.4689140138029646e-05, 1.4253699357646081e-03,
          3.0439143738004052e-02, 9.0154845047329991e-03,
          -5.2478022740945164e-03, 4.8634325571690309e-04,
          -1.6059096067092396e-02, -1.0298534143049084e-03,
          2.7827761458172982e-03, 5.2609035686326301e-04,
          5.5092242919376616e-04, 9.0154845047329991e-03,
          2.6472315561542881e-02, 2.4047555033994855e-03,
          1.0975716967002273e-03, -2.5238144491292322e-04,
          1.9824642514539254e-04, 6.2395266558200855e-04,
          -1.0952895656408017e-04, 3.9633633110168183e-04,
          -5.2478022740945172e-03, 2.4047555033994850e-03,
          6.2399630022010648e-02, 2.6474438215681436e-03,
          -2.4702542207819919e-03, -1.6945316698944828e-03,
          -5.0864787225977917e-03, -8.5883273823599189e-04,
          -2.1188622634911941e-03, 4.8634325571690211e-04,
          1.0975716967002271e-03, 2.6474438215681423e-03,
          1.1672812867448257e-01 ]
   - !!opencv-matrix
      rows: 9
      cols: 9
      dt: d
      data: [ 4.4794871358458321e-01, 1.9668215403697087e-01,
          1.6317196280497940e-02, 2.0910415662728911e-03,
          1.4309558132091077e-03, 2.1548563173014797e-02,
          -1.4685492670402487e-02, 6.4988822549637403e-03,
          2.3778577602027329e-02, 1.9668215403697084e-01,
          4.1877417743573286e-01, 3.1884874002457875e-02,
          7.7589541925757163e-02, 3.2354923039320846e-02,
          6.0862424419383228e-02, -1.0405193790269210e-02,
          2.2663862295561867e-02, 6.1567109162944077e-02,
          1.6317196280497940e-02, 3.1884874002457868e-02,
          6.4022250227980790e-02, 1.2796977128631450e-02,
          6.2744814672300283e-03, 1.2660778788562047e-02,
          7.1326370555731145e-03, 5.3466512141831747e-03,
          7.8633484821756545e-03, 2.0910415662728967e-03,
          7.7589541925757163e-02, 1.2796977128631450e-02,
          1.5146344702268025e-01, 3.2865706041999260e-02,
          1.4061790183524370e-02, 1.2880550391199399e-03,
          2.5032754048972924e-02, 1.8787923194018272e-02,
          1.4309558132091069e-03, 3.2354923039320846e-02,
          6.2744814672300274e-03, 3.2865706041999260e-02,
          2.4926925317813351e-02, 1.2098352405716219e-02,
          -1.4879125481311907e-04, 1.1348493634622214e-02,
          8.0041548706050319e-03, 2.1548563173014800e-02,
          6.0862424419383228e-02, 1.2660778788562045e-02,
          1.4061790183524370e-02, 1.2098352405716219e-02,
          9.0098882138047967e-02, 1.0761676747385152e-02,
          -7.8143855528724770e-03, 1.9971517567924316e-02,
          -1.4685492670402492e-02, -1.0405193790269210e-02,
          7.1326370555731163e-03, 1.2880550391199403e-03,
          -1.4879125481311855e-04, 1.0761676747385153e-02,
          2.5615856193616299e-02, 2.4573257405262564e-03,
          3.8902012209452142e-03, 6.4988822549637438e-03,
          2.2663862295561870e-02, 5.3466512141831764e-03,
          2.5032754048972927e-02, 1.1348493634622214e-02,
          -7.8143855528724770e-03, 2.4573257405262551e-03,
          1.2070861592372457e-01, 9.3255672110886343e-03,
          2.3778577602027322e-02, 6.1567109162944077e-02,
          7.8633484821756545e-03, 1.8787923194018272e-02,
          8.0041548706050319e-03, 1.9971517567924313e-02,
          3.8902012209452142e-03, 9.3255672110886360e-03,
          3.9514024059628367e-02 ]
   - !!opencv-matrix
      rows: 9
      cols: 9
      dt: d
      data: [ 8.6903906066168202e-01, 4.5695357544713300e-01,
          4.2117459864188737e-02, 1.7384045757405311e-01,
          2.4047602053913356e-01, -6.8857754475080718e-02,
          1.6603411712536359e-01, -3.6387996704095045e-02,
          1.8412708921510501e-01, 4.5695357544713300e-01,
          1.2323737862334585e+00, 6.0222292121935604e-02,
          5.0311571482839978e-01, 8.3106777182108321e-02,
          7.2272394698281433e-03, 1.1093212634239806e-01,
          4.6340316526874252e-02, 6.8886069718689089e-02,
          4.2117459864188737e-02, 6.0222292121935590e-02,
          3.9070796301260041e-01, 7.6117308275574974e-02,
          6.3756849762110865e-02, 5.8800408801059960e-02,
          2.6610089644439380e-02, 1.1782220865980261e-01,
          2.0833579156980055e-02, 1.7384045757405314e-01,
          5.0311571482839978e-01, 7.6117308275574974e-02,
          4.2088762890229925e-01, 5.1193472380735405e-02,
          -3.0892557915528234e-02, 4.3367816550624487e-02,
          3.9289181026758477e-02, 4.0123734035586063e-02,
          2.4047602053913350e-01, 8.3106777182108293e-02,
          6.3756849762110865e-02, 5.1193472380735398e-02,
          3.8731283380302944e-01, -1.5389238340881177e-02,
          1.1328018373869374e-01, -2.0647440249134699e-02,
