%YAML:1.0
---
groups:
   - intact
   - CD19
intactGmmnames:
   - "intact.Bln062.0"
   - "intact.Bln062.1"
   - "intact.Bln062.2"
   - "intact.Bln062.3"
   - "intact.Bln062.4"
intactLabels:
   - FSC-A
   - SSC-A
   - CD20
   - CD10
   - CD45
   - CD34
   - SYTO41
   - CD19
   - CD38
intactMu: !!opencv-matrix
   rows: 5
   cols: 9
   dt: d
   data: [ 2.1982573737474462e+00, 2.0068318552305913e+00,
       8.9279895539189280e-01, 1.7585109612616363e+00,
       2.0806383928132712e+00, 1.1980806231594110e+00,
       2.5173895314282961e+00, 7.7197280245123157e-01,
       2.7499156020850046e+00, 1.0698688885469776e+00,
       3.3008405293529586e-01, 7.1865378899177912e-01,
       9.1127040992952890e-01, 2.4247798822250513e+00,
       6.7808051110217871e-01, 2.3506455258392136e+00,
       6.3238270708422095e-01, 1.9431065339457230e+00,
       2.9192532819585377e+00, 3.1427696540793968e+00,
       1.0081324527540987e+00, 2.1593426755411378e+00,
       2.1122587887301969e+00, 9.7860921998531558e-01,
       2.5229754521152246e+00, 8.7013413472900314e-01,
       2.3131242174504143e+00, 1.3808805150309171e+00,
       4.8631006513473335e-01, 7.6549539094190222e-01,
       9.4938770734400102e-01, 1.7480204124925307e+00,
       8.5124459468747482e-01, 2.5603978119813098e+00,
       6.6246436023581001e-01, 1.3294931187831263e+00,
       2.9430613927325244e+00, 3.3218486087582062e+00,
       9.9016188173126596e-01, 2.3977652357064958e+00,
       2.1385240170414543e+00, 1.2887332427404210e+00,
       2.5423934742399306e+00, 8.3024655707142447e-01,
       2.3559370434285083e+00 ]
intactSigma:
   - !!opencv-matrix
      rows: 9
      cols: 9
      dt: d
      data: [ 7.2223060202920664e-01, 5.0918644177856309e-01,
          3.2660300638560139e-02, 1.1047101618241580e-01,
          -4.6206992002169184e-02, 6.2677120612871021e-02,
          7.7990453137845431e-02, 4.4412385317439726e-02,
          -1.4643365806153136e-01, 5.0918644177856309e-01,
          1.0786482083699604e+00, 8.5047587949966211e-02,
          1.9597542217501457e-01, -2.4481704228490797e-01,
          5.1002495151625631e-02, 2.3401145077493100e-02,
          3.7145782192704375e-02, -2.9652881799105935e-01,
          3.2660300638560152e-02, 8.5047587949966197e-02,
          2.0129186505582886e-01, 2.0145786248253309e-02,
          -3.6379794066772907e-02, 2.4104683318152791e-02,
          1.7378033045376298e-02, 2.9081288725381769e-02,
          -6.6464824119627536e-02, 1.1047101618241580e-01,
          1.9597542217501457e-01, 2.0145786248253313e-02,
          1.9290983877930412e-01, -4.6924131691397503e-02,
          1.2793208083324705e-02, 3.3563770653007113e-02,
          1.3901107727058772e-02, -1.1253656158911542e-01,
          -4.6206992002169184e-02, -2.4481704228490803e-01,
          -3.6379794066772914e-02, -4.6924131691397496e-02,
          2.1205192259087011e-01, -1.8115396505978522e-02,
          -1.4860488536949526e-02, 2.2499674368939566e-03,
          2.0362913749250131e-01, 6.2677120612871007e-02,
          5.1002495151625631e-02, 2.4104683318152791e-02,
          1.2793208083324705e-02, -1.8115396505978515e-02,
          1.4585590012096197e-01, 2.2059721421026905e-02,
          1.4330157730992308e-02, -4.2141464759354125e-02,
          7.7990453137845431e-02, 2.3401145077493100e-02,
          1.7378033045376298e-02, 3.3563770653007113e-02,
          -1.4860488536949533e-02, 2.2059721421026905e-02,
          9.0367334197391028e-02, 9.9780343216068126e-03,
          -1.4840603860899229e-02, 4.4412385317439726e-02,
          3.7145782192704369e-02, 2.9081288725381769e-02,
          1.3901107727058767e-02, 2.2499674368939566e-03,
          1.4330157730992311e-02, 9.9780343216068143e-03,
          1.3603544909274903e-01, -3.0387141910649420e-02,
          -1.4643365806153136e-01, -2.9652881799105940e-01,
          -6.6464824119627508e-02, -1.1253656158911542e-01,
          2.0362913749250131e-01, -4.2141464759354125e-02,
          -1.4840603860899224e-02, -3.0387141910649427e-02,
          5.3269889018082672e-01 ]
   - !!opencv-matrix
      rows: 9
      cols: 9
      dt: d
      data: [ 4.1931801705369101e-02, 6.1217184923127279e-03,
          4.4167978708943003e-03, -5.6684713763006781e-04,
          5.0169666699560597e-03, -3.1964929077109121e-04,
          -1.1085224002047931e-02, 5.5853437117429710e-04,
          -4.0121177169157057e-02, 6.1217184923127279e-03,
          6.8863902742043320e-03, 2.6622105382827369e-03,
          -3.5628349515140771e-04, 3.0877612128404840e-03,
          1.6762811621487208e-03, -2.0583928293887977e-03,
          5.8314586945246031e-04, -2.7595398767842699e-02,
          4.4167978708943003e-03, 2.6622105382827373e-03,
          6.8666948548021967e-02, -1.9116010099549294e-03,
          2.9654469959088012e-03, -6.7637734623581609e-04,
          -5.6301911704802188e-04, -5.1049950881293122e-03,
          -4.3671205437936025e-02, -5.6684713763006770e-04,
          -3.5628349515140777e-04, -1.9116010099549294e-03,
          8.6210958320649036e-03, 4.9341563915635456e-04,
          -1.0767217523808424e-03, 7.2528119480235929e-04,
          4.4893158759565660e-05, 3.2298111415343431e-02,
          5.0169666699560597e-03, 3.0877612128404840e-03,
          2.9654469959088004e-03, 4.9341563915635456e-04,
          1.3864561596079676e-02, 6.5936236553234466e-04,
          -9.5719107191532583e-04, 3.3419724759837371e-04,
          1.1332093777177267e-02, -3.1964929077109088e-04,
          1.6762811621487208e-03, -6.7637734623581588e-04,
          -1.0767217523808420e-03, 6.5936236553234488e-04,
          2.1884099329836256e-02, 1.5258173051094402e-03,
          -4.5267938552139043e-03, -9.4551328306258960e-03,
          -1.1085224002047929e-02, -2.0583928293887981e-03,
          -5.6301911704802155e-04, 7.2528119480235929e-04,
          -9.5719107191532561e-04, 1.5258173051094410e-03,
          1.3760224743375800e-02, 5.4017164933423555e-05,
          1.5623238296466169e-02, 5.5853437117429710e-04,
          5.8314586945246009e-04, -5.1049950881293122e-03,
          4.4893158759565565e-05, 3.3419724759837371e-04,
          -4.5267938552139035e-03, 5.4017164933423501e-05,
          4.6541104184428209e-02, 3.8997699883311582e-04,
          -4.0121177169157057e-02, -2.7595398767842696e-02,
          -4.3671205437936032e-02, 3.2298111415343424e-02,
          1.1332093777177267e-02, -9.4551328306258960e-03,
          1.5623238296466169e-02, 3.8997699883311582e-04,
          7.1630379443932590e-01 ]
   - !!opencv-matrix
      rows: 9
      cols: 9
      dt: d
      data: [ 3.4078270692455764e-01, 1.4929811427795592e-01,
          -8.5892530073547089e-04, -6.4127091856075336e-03,
          -5.1827833415326251e-04, 9.2140915111017119e-03,
          -1.3646852857129677e-02, -3.8622096290817352e-03,
          1.3900903363821084e-02, 1.4929811427795592e-01,
          3.3014761211760990e-01, 9.1565219234642260e-03,
          1.6921654809822551e-02, 9.8123957081974952e-03,
          2.8011436490869464e-02, -3.5989785157072652e-03,
          1.7413428849577001e-02, 3.7906532006711083e-02,
          -8.5892530073547262e-04, 9.1565219234642260e-03,
          5.4879317655296141e-02, 8.5135854092933082e-03,
          1.5543030735608962e-03, 1.3016636359666958e-03,
          4.8574282206320998e-03, -2.1098092580540710e-03,
          -8.8232107555756111e-04, -6.4127091856075310e-03,
          1.6921654809822551e-02, 8.5135854092933082e-03,
          1.3307153839555572e-01, 1.2719173719449880e-02,
          -4.0447879302076099e-02, -3.1428902706971277e-03,
          2.4083132643875429e-02, -3.1543461676533232e-03,
          -5.1827833415326186e-04, 9.8123957081974952e-03,
          1.5543030735608960e-03, 1.2719173719449882e-02,
          1.2320196816291451e-02, 3.2091200380677588e-04,
