%YAML:1.0
---
groups:
   - intact
   - CD19
   - blast
intactGmmnames:
   - "intact.Bln008.0"
   - "intact.Bln008.1"
   - "intact.Bln008.2"
   - "intact.Bln008.3"
   - "intact.Bln008.4"
intactLabels:
   - FSC-A
   - SSC-A
   - CD20
   - CD10
   - CD45
   - CD34
   - SYTO41
   - CD19
   - CD38
intactMu: !!opencv-matrix
   rows: 5
   cols: 9
   dt: d
   data: [ 9.6913453142958017e-01, 2.7782957252398305e-01,
       5.1193423734665500e-01, 6.0513537188245525e-01,
       2.1316169674323380e+00, 6.1326637210854273e-01,
       2.1485678426820964e+00, 5.3851445853388402e-01,
       2.0473599087270964e+00, 9.2195409692949992e-01,
       4.6440503434889713e-01, 5.4476103330300085e-01,
       6.5330102681907920e-01, 7.5425082008258082e-01,
       6.4625949539100058e-01, 2.4308512633187518e+00,
       5.2446731585289097e-01, 9.0817762195706320e-01,
       2.3614708095147652e+00, 2.4694385881732992e+00,
       6.8294328250442393e-01, 1.3474640491362440e+00,
       1.7764885002566360e+00, 8.6055153414247065e-01,
       2.2937981379492336e+00, 7.4733076038177459e-01,
       2.0022367177901654e+00, 1.1572069772936735e+00,
       6.6841476061225102e-01, 4.1157232944287825e-01,
       6.3008026304597675e-01, 2.2515523157848154e+00,
       6.1904629213128759e-01, 2.2336053527713879e+00,
       5.2537200575218501e-01, 2.6052005435171552e+00,
       1.2005294840086174e+00, 4.8034948699518221e-01,
       5.4146048536819114e-01, 6.3391636638667970e-01,
       2.1471174105337507e+00, 6.0454673906133383e-01,
       2.2066651868423586e+00, 5.3377000872331759e-01,
       1.1511323659180968e+00 ]
intactSigma:
   - !!opencv-matrix
      rows: 9
      cols: 9
      dt: d
      data: [ 2.4559590907656793e-02, 1.9456407362722554e-03,
          -1.4816749494830747e-03, 2.6816279424722117e-04,
          3.2066837892904387e-03, -1.5597496949853024e-03,
          -1.6278769829121361e-03, 1.9449633154097596e-04,
          5.8332225768160410e-03, 1.9456407362722554e-03,
          2.9840913366814786e-03, 4.2039266616884097e-04,
          5.6853458359494861e-04, 2.3725020528104286e-03,
          2.6866842493304265e-04, 8.7458049406531418e-04,
          2.3229400199830115e-04, -3.1845991911901624e-03,
          -1.4816749494830752e-03, 4.2039266616884102e-04,
          8.2987736629765857e-03, 4.3133274126364637e-04,
          3.0827272874679870e-04, 2.4471723921482957e-04,
          1.1134445777139326e-03, -1.5029871407547235e-04,
          -1.2996962053078985e-02, 2.6816279424722123e-04,
          5.6853458359494861e-04, 4.3133274126364637e-04,
          6.1679583541322178e-03, 5.9383903733948511e-04,
          3.2973262328966202e-04, 9.4732016696565807e-04,
          7.9618787224766815e-05, -1.5307923371671850e-03,
          3.2066837892904387e-03, 2.3725020528104282e-03,
          3.0827272874679870e-04, 5.9383903733948521e-04,
          1.0216280913288859e-02, -5.4267424882567882e-06,
          9.4952247634657423e-04, 5.1068642479754429e-05,
          -2.3147057576788236e-03, -1.5597496949853031e-03,
          2.6866842493304254e-04, 2.4471723921482957e-04,
          3.2973262328966197e-04, -5.4267424882567679e-06,
          3.6729032658086970e-03, 9.9223808429768504e-04,
          -4.2925839624947005e-04, -2.1945610065745517e-04,
          -1.6278769829121361e-03, 8.7458049406531418e-04,
          1.1134445777139326e-03, 9.4732016696565807e-04,
          9.4952247634657423e-04, 9.9223808429768504e-04,
          6.2780560751024240e-03, 2.0089163844900474e-04,
          -6.8456263915598762e-03, 1.9449633154097604e-04,
          2.3229400199830107e-04, -1.5029871407547233e-04,
          7.9618787224766896e-05, 5.1068642479754361e-05,
          -4.2925839624947021e-04, 2.0089163844900476e-04,
          6.0341060689000862e-03, -6.7656347928843948e-04,
          5.8332225768160419e-03, -3.1845991911901607e-03,
          -1.2996962053078985e-02, -1.5307923371671850e-03,
          -2.3147057576788240e-03, -2.1945610065745547e-04,
          -6.8456263915598736e-03, -6.7656347928843948e-04,
          1.3963239533654093e-01 ]
   - !!opencv-matrix
      rows: 9
      cols: 9
      dt: d
      data: [ 6.8229925371912761e-02, 2.7911858579127043e-02,
          8.8555827305145931e-04, 6.8772383320906266e-03,
          7.1075036103128179e-03, 5.0259403854524829e-03,
          1.3009015208178015e-02, 1.0002762771064548e-03,
          2.6293352149530366e-02, 2.7911858579127046e-02,
          3.0219899825830034e-02, 7.5022206294094666e-04,
          6.8326956716386680e-03, 5.1656075532133094e-03,
          4.4921238884762663e-03, 1.6889501149039709e-02,
          4.4167774045876474e-04, 2.3464901188969434e-02,
          8.8555827305145942e-04, 7.5022206294094633e-04,
          3.3228895724154274e-03, 3.1727362864174849e-04,
          3.4168268931988898e-04, 2.7540237817440016e-04,
          5.1824705126834244e-04, -1.4246697611591924e-04,
          -3.0258797582828221e-04, 6.8772383320906266e-03,
          6.8326956716386672e-03, 3.1727362864174849e-04,
          1.9648720956032470e-02, 9.2022739885560959e-04,
          1.8350408311108887e-03, 6.1630551885777651e-03,
          3.2729203397698217e-04, 6.5804104499510513e-03,
          7.1075036103128179e-03, 5.1656075532133094e-03,
          3.4168268931988887e-04, 9.2022739885560959e-04,
          7.1781936613380271e-03, 8.6199747960825251e-04,
          -7.7055228242151833e-03, 2.3696525415882680e-04,
          6.6688430903755914e-03, 5.0259403854524846e-03,
          4.4921238884762672e-03, 2.7540237817440016e-04,
          1.8350408311108891e-03, 8.6199747960825272e-04,
          5.1874765013927605e-03, 3.9426266509628403e-03,
          -7.7649045846257272e-04, 5.4198276574526135e-03,
          1.3009015208178014e-02, 1.6889501149039709e-02,
          5.1824705126834244e-04, 6.1630551885777643e-03,
          -7.7055228242151833e-03, 3.9426266509628403e-03,
          5.5334046627534834e-02, 6.2888425861585737e-04,
          8.6814764084513513e-03, 1.0002762771064546e-03,
          4.4167774045876458e-04, -1.4246697611591924e-04,
          3.2729203397698211e-04, 2.3696525415882675e-04,
          -7.7649045846257315e-04, 6.2888425861585705e-04,
          5.1805581281926015e-03, 9.8242363771624771e-04,
          2.6293352149530366e-02, 2.3464901188969434e-02,
          -3.0258797582828216e-04, 6.5804104499510513e-03,
          6.6688430903755940e-03, 5.4198276574526135e-03,
          8.6814764084513513e-03, 9.8242363771624728e-04,
          6.2592271297738269e-02 ]
   - !!opencv-matrix
      rows: 9
      cols: 9
      dt: d
      data: [ 6.5340518973494821e-01, 5.4122376764521174e-01,
          2.3625544601879975e-02, -1.0181408462356342e-02,
          -3.1992151824944248e-02, 8.9519055936274766e-03,
          1.0982946892253789e-02, -7.1383857217184252e-03,
          1.5395974677062654e-01, 5.4122376764521174e-01,
          1.7184369194595925e+00, 2.2246559137034199e-02,
          4.0630850279302505e-01, -1.3015184573008369e-02,
          -8.7083516065498360e-04, -6.2526662010361445e-02,
          -5.1095757762167342e-02, 8.1900770887997063e-02,
          2.3625544601879975e-02, 2.2246559137034199e-02,
          1.1659225606085093e-01, 2.6590009904830288e-02,
          1.6118910645781592e-02, 1.5610641681925266e-02,
          2.1649652068649476e-04, 8.4712225282211798e-02,
          7.4872763680348224e-03, -1.0181408462356347e-02,
          4.0630850279302505e-01, 2.6590009904830288e-02,
          3.3534632664602243e-01, 5.1072927759680815e-02,
          2.9632295459027985e-02, -1.6669915481131000e-02,
          6.5219759703093252e-02, -6.0281869014851386e-02,
          -3.1992151824944255e-02, -1.3015184573008369e-02,
          1.6118910645781592e-02, 5.1072927759680815e-02,
          1.7962733105371143e-01, 5.1949643158929410e-03,
