%YAML:1.0
---
groups:
   - intact
   - CD19
intactGmmnames:
   - "intact.Bln076.0"
   - "intact.Bln076.1"
   - "intact.Bln076.2"
   - "intact.Bln076.3"
   - "intact.Bln076.4"
intactLabels:
   - FSC-A
   - SSC-A
   - CD20
   - CD10
   - CD45
   - CD34
   - SYTO41
   - CD19
   - CD38
intactMu: !!opencv-matrix
   rows: 5
   cols: 9
   dt: d
   data: [ 9.5905081532576675e-01, 2.0370051894423782e-01,
       8.2097815563932963e-01, 8.9289254912983806e-01,
       2.3784539972046241e+00, 9.3548726066636023e-01,
       2.2946966776576483e+00, 6.9252007324916998e-01,
       2.2895628652922206e+00, 2.7291408662751837e+00,
       1.9645998372406812e+00, 1.1394454509935208e+00,
       2.0916254412540187e+00, 2.0402491132875604e+00,
       1.2737054717434548e+00, 2.3114994743557635e+00,
       8.8537033504052010e-01, 2.4529366009311513e+00,
       1.0772294964913209e+00, 3.0966143817217673e-01,
       8.0149810694530521e-01, 1.0393042107341164e+00,
       9.3242787523737436e-01, 9.2457567083062331e-01,
       2.1444723179225278e+00, 6.5159942514908042e-01,
       1.4869192937129061e+00, 1.2337966435041510e+00,
       4.1025099437161716e-01, 8.2511484662183832e-01,
       1.6184986706727980e+00, 1.0164632227717572e+00,
       1.0337894968680004e+00, 2.2916541459084909e+00,
       6.9924025638626253e-01, 2.0898783206726579e+00,
       1.3501863257895641e+00, 3.3082711456612734e-01,
       8.1600152485595456e-01, 9.0667103223776147e-01,
       2.4562903775274227e+00, 8.3283843386389922e-01,
       2.1814543812625122e+00, 6.9535225180835658e-01,
       2.2869134803918536e+00 ]
intactSigma:
   - !!opencv-matrix
      rows: 9
      cols: 9
      dt: d
      data: [ 4.9722765605431554e-02, -6.9596822846533296e-04,
          -8.4559825490835086e-03, -9.5378836939381199e-04,
          2.4051064616888566e-03, -1.6869939558909284e-02,
          -9.6811722565220866e-03, -8.1315188135804646e-04,
          2.0313604093703443e-03, -6.9596822846533317e-04,
          1.5445958830797048e-03, 1.4340685617598124e-03,
          5.6020655645364981e-04, 1.7253089073421958e-03,
          2.4830366787572866e-03, 8.1324417884277725e-04,
          8.0330715822727694e-04, -2.6598107126823947e-03,
          -8.4559825490835103e-03, 1.4340685617598126e-03,
          7.4264102810988927e-02, 2.0111688856715632e-03,
          2.5371612105150637e-03, 3.7835129663922845e-03,
          4.9881275264626324e-03, -6.9385219449989558e-04,
          -2.0607110902069941e-02, -9.5378836939381231e-04,
          5.6020655645364981e-04, 2.0111688856715624e-03,
          6.5051659247650218e-03, 9.0011850449389825e-04,
          1.2303762508710755e-03, 1.1172347805664133e-03,
          3.8918839136137056e-04, -2.0458533974354919e-03,
          2.4051064616888562e-03, 1.7253089073421958e-03,
          2.5371612105150637e-03, 9.0011850449389825e-04,
          7.5909870040095882e-03, 3.2931189884769303e-03,
          2.2553948900799719e-03, 1.1972436789975775e-03,
          -4.1650572835031504e-03, -1.6869939558909284e-02,
          2.4830366787572862e-03, 3.7835129663922849e-03,
          1.2303762508710753e-03, 3.2931189884769303e-03,
          4.1571387145944182e-02, 9.1192209193126910e-03,
          -7.1222984647134604e-03, -2.8506931575031959e-03,
          -9.6811722565220866e-03, 8.1324417884277693e-04,
          4.9881275264626324e-03, 1.1172347805664131e-03,
          2.2553948900799724e-03, 9.1192209193126910e-03,
          9.9882733973212165e-03, 1.4966851130364452e-03,
          -7.8388730581006102e-04, -8.1315188135804668e-04,
          8.0330715822727705e-04, -6.9385219449989504e-04,
          3.8918839136137088e-04, 1.1972436789975777e-03,
          -7.1222984647134587e-03, 1.4966851130364461e-03,
          7.1601620277572303e-02, -2.9351267412514028e-03,
          2.0313604093703439e-03, -2.6598107126823947e-03,
          -2.0607110902069941e-02, -2.0458533974354915e-03,
          -4.1650572835031504e-03, -2.8506931575031967e-03,
          -7.8388730581006069e-04, -2.9351267412514033e-03,
          1.2981840423444718e-01 ]
   - !!opencv-matrix
      rows: 9
      cols: 9
      dt: d
      data: [ 9.2095461142776780e-01, 6.7927739485923966e-01,
          1.2977064220330113e-02, 3.5244504740147775e-01,
          2.0291077264309856e-01, 5.9740071224537290e-02,
          -5.8677538919893968e-02, 5.0402582370324273e-02,
          1.8560687422127145e-01, 6.7927739485923966e-01,
          9.9916019557816949e-01, 5.7808803203626205e-02,
          4.6336177774484338e-01, 1.4097129354186896e-01,
          4.8464732460099809e-02, -9.1126254480110899e-02,
          5.3674241003944669e-02, 1.5256640642177233e-01,
          1.2977064220330117e-02, 5.7808803203626191e-02,
          1.8999299135894090e-01, 7.8395101701864665e-03,
          3.3123732849304689e-03, 5.3258629557826231e-02,
          2.5441044417169857e-02, 5.6590260206670157e-02,
          2.0128947755174813e-02, 3.5244504740147775e-01,
          4.6336177774484338e-01, 7.8395101701864683e-03,
          4.5879431369866108e-01, 1.5035947518595685e-01,
          4.1858746411258729e-03, -8.1683367992148787e-02,
          2.0280648390436015e-02, 9.8003151918131887e-02,
          2.0291077264309856e-01, 1.4097129354186894e-01,
          3.3123732849304668e-03, 1.5035947518595691e-01,
          2.6539524427917977e-01, 3.4228069188442130e-02,
          -3.2432960993303360e-02, 3.4136867287670222e-02,
          1.3199053308950451e-01, 5.9740071224537290e-02,
          4.8464732460099809e-02, 5.3258629557826224e-02,
          4.1858746411258720e-03, 3.4228069188442130e-02,
          1.3770772876556023e-01, 2.8358478336733637e-02,
          1.8007292409140160e-02, 5.4619046432324375e-02,
          -5.8677538919893968e-02, -9.1126254480110899e-02,
          2.5441044417169857e-02, -8.1683367992148787e-02,
          -3.2432960993303360e-02, 2.8358478336733640e-02,
          7.3099354182332557e-02, 1.1787829424079712e-02,
          -1.0312229632209437e-02, 5.0402582370324273e-02,
          5.3674241003944669e-02, 5.6590260206670157e-02,
          2.0280648390436026e-02, 3.4136867287670222e-02,
          1.8007292409140160e-02, 1.1787829424079712e-02,
          1.7321011133962783e-01, 2.7355379877374783e-02,
          1.8560687422127145e-01, 1.5256640642177235e-01,
          2.0128947755174813e-02, 9.8003151918131887e-02,
          1.3199053308950451e-01, 5.4619046432324375e-02,
          -1.0312229632209444e-02, 2.7355379877374783e-02,
          2.4769668774311965e-01 ]
   - !!opencv-matrix
      rows: 9
      cols: 9
      dt: d
      data: [ 1.0085444003139506e-01, 1.0720549212866255e-02,
          5.9956831296798646e-04, -5.9137727938602868e-03,
          3.7810983446462014e-03, 2.2241832051485893e-03,
          6.5358635400242953e-04, 4.8749025974211537e-03,
          -1.0998510704086958e-03, 1.0720549212866253e-02,
          7.5164156705796702e-03, 1.0954801323509863e-03,
          3.5096101066458387e-03, 1.7229929478650521e-03,
          4.5316902302340633e-03, 7.0675171636144720e-04,
          5.5211587937230224e-04, 1.2812200409933628e-02,
          5.9956831296798538e-04, 1.0954801323509859e-03,
          3.8968103478561611e-02, 1.7590316956814752e-03,
          -1.7170678847496331e-04, 9.7622062160797828e-04,
          3.2272332078013195e-03, -2.9495504591736249e-03,
          -7.7067315979063656e-03, -5.9137727938602886e-03,
          3.5096101066458387e-03, 1.7590316956814748e-03,
          3.7679880258476996e-02, 2.6681294620920265e-03,
          6.7815543048081383e-03, -1.3511385747025258e-03,
          -2.4118186155999335e-03, 3.2141062009977919e-02,
          3.7810983446462014e-03, 1.7229929478650521e-03,
          -1.7170678847496328e-04, 2.6681294620920270e-03,
          3.2808003030737804e-03, 1.3418735331748189e-03,
          -4.7370226134965526e-03, -1.5536915210136117e-04,
