%YAML:1.0
---
groups:
   - intact
   - CD19
intactGmmnames:
   - "intact.Bln039.0"
   - "intact.Bln039.1"
   - "intact.Bln039.2"
   - "intact.Bln039.3"
   - "intact.Bln039.4"
intactLabels:
   - FSC-A
   - SSC-A
   - CD20
   - CD10
   - CD45
   - CD34
   - SYTO41
   - CD19
   - CD38
intactMu: !!opencv-matrix
   rows: 5
   cols: 9
   dt: d
   data: [ 1.0165251028347384e+00, 2.4216726770789399e-01,
       7.4182564868622625e-01, 7.5103415798139805e-01,
       2.4143903169768004e+00, 7.8026087802742095e-01,
       2.8555067532479281e+00, 7.0196612122449409e-01,
       2.2013852149431465e+00, 7.7682478477790562e-01,
       3.7941146396892877e-01, 8.1859376469044987e-01,
       8.5490490840253497e-01, 4.7540285808401306e-01,
       9.9763183485168250e-01, 2.9951064291920879e+00,
       6.8355007833556813e-01, 1.4101867706401339e+00,
       1.8481214471345799e+00, 9.7687020791333723e-01,
       9.9005375291677833e-01, 1.2553312544604254e+00,
       1.6415407801564383e+00, 1.3505438971846047e+00,
       3.0889679053053838e+00, 8.5378591060168241e-01,
       2.8083869805733208e+00, 2.8445341423893447e+00,
       3.0733718975722875e+00, 9.7289195601705569e-01,
       1.9724426622679954e+00, 1.9791643377175556e+00,
       1.1979378592190502e+00, 2.9691521847286215e+00,
       9.0012230137765692e-01, 3.0106925694502324e+00,
       1.1696274860565941e+00, 3.7575630667951260e-01,
       8.1651646179104953e-01, 7.8857910166323830e-01,
       2.4584966842706719e+00, 7.6116236203724719e-01,
       2.7411612601677682e+00, 7.0150499884126627e-01,
       2.0149046750116550e+00 ]
intactSigma:
   - !!opencv-matrix
      rows: 9
      cols: 9
      dt: d
      data: [ 4.0794763146124582e-02, 3.3717028425186385e-03,
          -8.9114807821242972e-04, 8.4482517726414466e-04,
          6.5658425511767871e-03, -9.9072371719119059e-03,
          -1.4013207037857106e-02, -3.1246128540953542e-05,
          -1.4212398717662817e-03, 3.3717028425186385e-03,
          2.2801108247172503e-03, 6.9595857038999174e-04,
          9.1993830953191315e-04, 2.6740234695137692e-03,
          2.7586575290016860e-05, -1.2885331801058720e-03,
          5.3465736278344306e-04, -4.8662259937468791e-03,
          -8.9114807821243016e-04, 6.9595857038999131e-04,
          6.3541635597308674e-02, 1.7853041891692824e-03,
          1.0992939632584262e-03, -1.1991318249846979e-03,
          1.6286116177125494e-03, -6.7392034356622233e-03,
          -1.7611388799645342e-02, 8.4482517726414466e-04,
          9.1993830953191315e-04, 1.7853041891692828e-03,
          2.5580451878081296e-02, 1.3821341949475478e-03,
          -1.1165834950017421e-03, 5.0899819155769330e-04,
          -1.7387396342871239e-04, -4.9151335019502976e-03,
          6.5658425511767871e-03, 2.6740234695137692e-03,
          1.0992939632584258e-03, 1.3821341949475478e-03,
          1.0425498736337713e-02, -6.5100262562193753e-04,
          -2.4313091109894056e-03, 8.6478403086784371e-04,
          -7.9013701852636061e-03, -9.9072371719119059e-03,
          2.7586575290016745e-05, -1.1991318249846973e-03,
          -1.1165834950017421e-03, -6.5100262562193764e-04,
          2.9562374993349381e-02, 7.4873659324686164e-03,
          -5.8775159522531468e-03, 3.0242975626188873e-03,
          -1.4013207037857106e-02, -1.2885331801058720e-03,
          1.6286116177125494e-03, 5.0899819155769297e-04,
          -2.4313091109894056e-03, 7.4873659324686164e-03,
          1.4530827290393379e-02, 4.5982914355827641e-04,
          5.7656793466102495e-04, -3.1246128540953061e-05,
          5.3465736278344284e-04, -6.7392034356622233e-03,
          -1.7387396342871209e-04, 8.6478403086784371e-04,
          -5.8775159522531486e-03, 4.5982914355827641e-04,
          5.9500294336837109e-02, 2.8627036380379827e-04,
          -1.4212398717662817e-03, -4.8662259937468791e-03,
          -1.7611388799645342e-02, -4.9151335019502985e-03,
          -7.9013701852636044e-03, 3.0242975626188873e-03,
          5.7656793466102473e-04, 2.8627036380379870e-04,
          1.9829972670157761e-01 ]
   - !!opencv-matrix
      rows: 9
      cols: 9
      dt: d
      data: [ 5.5396649042290275e-02, 1.5891695000567602e-02,
          3.7409391529380487e-04, 1.1560012462467859e-02,
          1.6833263861417134e-03, 7.9086708219660799e-03,
          6.1170700458831459e-03, 1.3511410679947326e-03,
          3.8064429514135599e-02, 1.5891695000567599e-02,
          1.2952802076215594e-02, 1.9904095290065819e-03,
          1.0165984381197547e-02, -5.1699153578243177e-03,
          9.4499463594366583e-03, 1.1066449141354401e-02,
          2.1287028186105484e-03, 3.1736504125587595e-02,
          3.7409391529380390e-04, 1.9904095290065814e-03,
          4.0591983547967420e-02, 4.6142259553616184e-03,
          -7.9256520749227434e-03, 4.7129952165192343e-04,
          7.6231408705921613e-03, -8.4117494774433536e-03,
          -2.1715497595902397e-03, 1.1560012462467861e-02,
          1.0165984381197547e-02, 4.6142259553616175e-03,
          1.1017018164568827e-01, -7.6364099924116019e-03,
          9.9134855658735248e-03, 1.1866599075105589e-02,
          4.1216727054757939e-03, 5.9860697674571500e-02,
          1.6833263861417134e-03, -5.1699153578243168e-03,
          -7.9256520749227434e-03, -7.6364099924115993e-03,
          7.6068188881634441e-02, -2.1919414189583025e-02,
          -4.9922262518768627e-02, -4.0366450319655155e-03,
          -4.0823153449240169e-03, 7.9086708219660781e-03,
          9.4499463594366583e-03, 4.7129952165192370e-04,
          9.9134855658735248e-03, -2.1919414189583021e-02,
          5.0277362844094710e-02, 2.5313206761871519e-02,
          -5.0051566808195294e-03, 3.4916259960754092e-02,
          6.1170700458831459e-03, 1.1066449141354398e-02,
          7.6231408705921613e-03, 1.1866599075105589e-02,
          -4.9922262518768627e-02, 2.5313206761871519e-02,
          5.7767924683096716e-02, 3.9084697960907935e-03,
          3.7756399583328784e-02, 1.3511410679947322e-03,
          2.1287028186105488e-03, -8.4117494774433536e-03,
          4.1216727054757939e-03, -4.0366450319655163e-03,
          -5.0051566808195311e-03, 3.9084697960907935e-03,
          6.9396177506817869e-02, 9.7299295767279987e-03,
          3.8064429514135599e-02, 3.1736504125587595e-02,
          -2.1715497595902397e-03, 5.9860697674571507e-02,
          -4.0823153449240177e-03, 3.4916259960754092e-02,
          3.7756399583328777e-02, 9.7299295767279918e-03,
          3.4983989096710150e-01 ]
   - !!opencv-matrix
      rows: 9
      cols: 9
      dt: d
      data: [ 5.2535007857938143e-01, 2.1003931556549335e-01,
          2.5445507361100465e-02, 5.5325361857730730e-02,
          4.7533345658779286e-02, 3.6555964144526401e-02,
          3.9760032758186140e-02, 4.4223042857423227e-02,
          1.3965771209988745e-01, 2.1003931556549335e-01,
          2.2203156236737892e-01, 2.8847621054061013e-02,
          4.0674582793277431e-02, 2.0348170552425722e-02,
          5.5612428446578127e-02, 2.3325667396781258e-02,
          4.5045922542282416e-02, 1.4950788491809258e-01,
          2.5445507361100458e-02, 2.8847621054061010e-02,
          2.6724592227662874e-01, 3.7961133850301275e-02,
          1.1038762254573941e-02, 3.3391172401249364e-02,
          1.1157048653013920e-02, 6.2962159054476455e-02,
          1.1478306904575198e-03, 5.5325361857730737e-02,
          4.0674582793277431e-02, 3.7961133850301275e-02,
          2.9300551203807362e-01, -1.0694479858580401e-02,
          3.6438637949808519e-02, 3.1567413879390808e-03,
          2.9335316799990862e-02, 4.5403983814622940e-02,
          4.7533345658779286e-02, 2.0348170552425725e-02,
          1.1038762254573937e-02, -1.0694479858580399e-02,
          9.5198254158988205e-01, -7.7923543463527631e-02,
