%YAML:1.0
---
groups:
   - intact
   - CD19
   - blast
intactGmmnames:
   - "intact.Bln064.0"
   - "intact.Bln064.1"
   - "intact.Bln064.2"
   - "intact.Bln064.3"
   - "intact.Bln064.4"
intactLabels:
   - FSC-A
   - SSC-A
   - CD20
   - CD10
   - CD45
   - CD34
   - SYTO41
   - CD19
   - CD38
intactMu: !!opencv-matrix
   rows: 5
   cols: 9
   dt: d
   data: [ 3.1485651405098278e+00, 2.5852400701227940e+00,
       1.1972699397770079e+00, 1.9836244594064423e+00,
       1.9031968533168104e+00, 1.2065014048477383e+00,
       2.5767312208531168e+00, 9.2054270936566074e-01,
       2.6425192905524191e+00, 1.3066571257014623e+00,
       3.6989824519134396e-01, 7.3271958332063136e-01,
       8.9187468698035455e-01, 2.6159688113290755e+00,
       7.1122777907953194e-01, 2.4301428289158347e+00,
       6.4161241257110302e-01, 2.2681670036931836e+00,
       3.0255986295885204e+00, 3.0195074637451969e+00,
       1.0774908100529543e+00, 2.7373084680603257e+00,
       2.1733751975471765e+00, 1.0894913879538961e+00,
       2.4743545059206302e+00, 8.9247210380391573e-01,
       2.5896951231396343e+00, 1.1099182104016576e+00,
       2.5097668409613477e-01, 7.2389266415821529e-01,
       8.8553740916945356e-01, 2.5619669551276836e+00,
       7.7251365657460502e-01, 2.5602404233959630e+00,
       6.5476926825179993e-01, 2.7936042096557281e+00,
       1.7476460314035012e+00, 4.3860317369536295e-01,
       8.7478279946196991e-01, 1.1028004562417792e+00,
       1.6622814547428391e+00, 1.0096804144397629e+00,
       2.6075705031653298e+00, 7.0012633262150958e-01,
       2.2894239219397696e+00 ]
intactSigma:
   - !!opencv-matrix
      rows: 9
      cols: 9
      dt: d
      data: [ 4.7621441167720557e-01, 2.4734980291401948e-01,
          -7.3752452653218789e-03, -1.2442203028100147e-01,
          1.2524955148524364e-02, -2.8949408553145531e-03,
          -1.7562306863794733e-02, -8.0437635130602529e-03,
          4.1257161146325605e-02, 2.4734980291401948e-01,
          4.7355715328095016e-01, -1.5766748198455888e-02,
          1.9001344628389469e-02, 4.7806415299588255e-02,
          2.8565376496632121e-02, -5.9499102185263516e-03,
          -9.2516235474147408e-03, 4.1598115505156623e-02,
          -7.3752452653218841e-03, -1.5766748198455888e-02,
          2.6151048910107672e-01, 6.7522730179870830e-02,
          4.1270078496619539e-02, 5.4278754492842397e-02,
          6.6213553825961877e-02, 1.3587320041726492e-01,
          3.2921590488818542e-02, -1.2442203028100146e-01,
          1.9001344628389472e-02, 6.7522730179870830e-02,
          3.9062919095197529e-01, 5.8574936396134064e-02,
          3.1563330227183752e-02, 4.0115747924748618e-02,
          6.3228517359464664e-02, -3.5436299745127540e-02,
          1.2524955148524367e-02, 4.7806415299588255e-02,
          4.1270078496619553e-02, 5.8574936396134064e-02,
          1.1512166326429063e-01, 1.1297997969341021e-02,
          7.6632706008485461e-03, 4.7531871796617456e-02,
          1.5838002585826377e-02, -2.8949408553145535e-03,
          2.8565376496632121e-02, 5.4278754492842397e-02,
          3.1563330227183752e-02, 1.1297997969341020e-02,
          1.0706224807678211e-01, 5.2180932043814229e-02,
          1.8038564532927980e-02, 5.5192228643220452e-02,
          -1.7562306863794726e-02, -5.9499102185263551e-03,
          6.6213553825961877e-02, 4.0115747924748625e-02,
          7.6632706008485435e-03, 5.2180932043814229e-02,
          1.0360976827178341e-01, 3.8266076008050966e-02,
          5.9510856574003311e-02, -8.0437635130602529e-03,
          -9.2516235474147494e-03, 1.3587320041726494e-01,
          6.3228517359464650e-02, 4.7531871796617463e-02,
          1.8038564532927980e-02, 3.8266076008050966e-02,
          1.9945376001737844e-01, 1.9361625482944015e-02,
          4.1257161146325605e-02, 4.1598115505156609e-02,
          3.2921590488818542e-02, -3.5436299745127540e-02,
          1.5838002585826381e-02, 5.5192228643220438e-02,
          5.9510856574003311e-02, 1.9361625482944015e-02,
          1.1956888037954923e-01 ]
   - !!opencv-matrix
      rows: 9
      cols: 9
      dt: d
      data: [ 6.2251366841914117e-02, 8.3246212450244356e-03,
          -6.6345629923226580e-04, 7.3316726899501491e-04,
          5.5865161729167787e-03, -3.6867172362817602e-03,
          9.7208039896740980e-03, 4.9828390799384057e-04,
          2.5542740276954558e-03, 8.3246212450244356e-03,
          1.3274730708846142e-02, 6.0791696820290154e-04,
          1.6574400336920336e-03, 9.8963209793416496e-03,
          1.2483418914765914e-03, 1.1194720442593431e-02,
          1.2598050443306508e-03, 3.2635419748270546e-03,
          -6.6345629923226471e-04, 6.0791696820290187e-04,
          9.5726477492349388e-02, 1.3236093580815513e-03,
          1.2362831024232926e-03, -2.6363424625948758e-04,
          1.4785745672020055e-03, -2.2099614818911497e-03,
          -1.6976572211768074e-02, 7.3316726899501534e-04,
          1.6574400336920336e-03, 1.3236093580815515e-03,
          7.6519038668236188e-03, 2.3643999196850340e-03,
          3.2659139150696329e-04, 2.2983976455097912e-03,
          1.0445877908153648e-03, -5.6004240233686019e-04,
          5.5865161729167787e-03, 9.8963209793416513e-03,
          1.2362831024232929e-03, 2.3643999196850344e-03,
          2.0372634539865091e-02, 3.0528927720509282e-03,
          1.1325439483829667e-02, 1.4528705563742433e-03,
          6.6209674137464054e-03, -3.6867172362817593e-03,
          1.2483418914765911e-03, -2.6363424625948758e-04,
          3.2659139150696312e-04, 3.0528927720509282e-03,
          2.9817683715037731e-02, 2.8776633818110857e-03,
          -3.8537212232727671e-03, 2.0608221890717721e-02,
          9.7208039896740980e-03, 1.1194720442593431e-02,
          1.4785745672020051e-03, 2.2983976455097912e-03,
          1.1325439483829667e-02, 2.8776633818110853e-03,
          4.0092776130960406e-02, 2.6764838681216973e-03,
          -1.9433945003303914e-02, 4.9828390799384057e-04,
          1.2598050443306510e-03, -2.2099614818911497e-03,
          1.0445877908153648e-03, 1.4528705563742435e-03,
          -3.8537212232727671e-03, 2.6764838681216964e-03,
          4.6417994013922687e-02, 2.5038784917743311e-03,
          2.5542740276954558e-03, 3.2635419748270576e-03,
          -1.6976572211768078e-02, -5.6004240233685954e-04,
          6.6209674137464045e-03, 2.0608221890717718e-02,
          -1.9433945003303914e-02, 2.5038784917743332e-03,
          6.1543662824567447e-01 ]
   - !!opencv-matrix
      rows: 9
      cols: 9
      dt: d
      data: [ 3.2702098595591012e-01, 1.4689197072790411e-01,
          1.2016667631603384e-02, -1.0750325694430001e-02,
          -3.7829988128469626e-03, 1.7728290336192498e-02,
          -3.1125053449781808e-03, -4.5575660448008218e-03,
          1.9854437127055681e-02, 1.4689197072790411e-01,
          3.6378507184126047e-01, 2.2897247219605489e-02,
          1.6951219775437378e-02, 1.0095820066797510e-02,
          5.1010143875191358e-02, 4.7698241012291741e-03,
          1.1478232951103180e-02, 5.0005710331963341e-02,
          1.2016667631603384e-02, 2.2897247219605486e-02,
          7.0667508451980263e-02, 3.9109211110704050e-03,
          2.1846522056641927e-03, 8.7260883351195206e-03,
          8.4874792536175515e-03, 5.2415234237494345e-03,
          5.2698605816006855e-03, -1.0750325694430001e-02,
          1.6951219775437378e-02, 3.9109211110704032e-03,
          6.5567190670600531e-02, 1.6697286276567212e-02,
          4.5327409688847983e-03, 1.7373793454730677e-03,
          1.5555352764181660e-02, 6.4963819267531819e-03,
          -3.7829988128469604e-03, 1.0095820066797510e-02,
          2.1846522056641919e-03, 1.6697286276567212e-02,
          1.6406061957816711e-02, 5.4043206879709196e-03,
          -2.5105899806941083e-04, 6.2108711460630434e-03,
