%YAML:1.0
---
groups:
   - intact
   - CD19
   - blast
intactGmmnames:
   - "intact.Bln061.0"
   - "intact.Bln061.1"
   - "intact.Bln061.2"
   - "intact.Bln061.3"
   - "intact.Bln061.4"
intactLabels:
   - FSC-A
   - SSC-A
   - CD20
   - CD10
   - CD45
   - CD34
   - SYTO41
   - CD19
   - CD38
intactMu: !!opencv-matrix
   rows: 5
   cols: 9
   dt: d
   data: [ 1.0890686991653387e+00, 4.4011644777784920e-01,
       8.6742779728138297e-01, 1.0516481983601995e+00,
       1.5438454768515051e+00, 1.0559870246825147e+00,
       2.6859196117730550e+00, 7.4199643018503270e-01,
       2.4508362552948930e+00, 2.2987556725043570e+00,
       2.0549051748368199e+00, 1.0560242651085359e+00,
       2.0757179391992486e+00, 2.0050367199894077e+00,
       1.3373439994154108e+00, 2.6799816761510789e+00,
       9.4354770849414171e-01, 2.4460657195723456e+00,
       6.7392083284842186e-01, 2.5204234793064506e-01,
       7.3819653420520759e-01, 8.9404339906523034e-01,
       2.4122679192232916e+00, 8.8419974602733320e-01,
       2.6331262658489161e+00, 6.9647340809981928e-01,
       2.2694448663082039e+00, 2.5579966042867803e+00,
       2.6688953134270523e+00, 1.0609976919953366e+00,
       2.6485641168624796e+00, 2.3042640854729295e+00,
       1.2765325509883862e+00, 2.4945347660396062e+00,
       9.9765425048367573e-01, 2.3926357084062566e+00,
       1.0112971617886484e+00, 3.1279002745321621e-01,
       7.4275921719837734e-01, 8.8990037698568070e-01,
       2.3956357589957316e+00, 7.6987606842279122e-01,
       2.4328557515693769e+00, 6.8100841052697891e-01,
       1.9600374062384296e+00 ]
intactSigma:
   - !!opencv-matrix
      rows: 9
      cols: 9
      dt: d
      data: [ 2.0767631996182195e-01, 5.3999258222615254e-02,
          1.3626488083325472e-02, 1.1926647745769741e-02,
          9.6567475449106627e-02, 3.0404484639458811e-02,
          2.6722741553104779e-02, 1.8928566900457987e-02,
          7.7255760792115963e-02, 5.3999258222615268e-02,
          3.3661007843931758e-02, 1.8022059819903570e-03,
          1.0669906397294376e-02, 2.5982569964338315e-02,
          2.7049126824402022e-02, 1.6016509976099502e-02,
          6.5455165887704919e-03, 4.7016808491715877e-02,
          1.3626488083325472e-02, 1.8022059819903574e-03,
          2.5907262669889791e-01, 1.9806503214178459e-02,
          5.6929349229889396e-02, -2.8124772779168838e-03,
          -2.6019536180919827e-03, 6.8385118963734809e-02,
          -1.1658578632885522e-04, 1.1926647745769745e-02,
          1.0669906397294376e-02, 1.9806503214178463e-02,
          5.4244937180349839e-02, 7.3578983974867005e-03,
          9.3499053985261031e-03, 4.9626938146151503e-03,
          4.8691921830685651e-03, 2.6089186364943177e-02,
          9.6567475449106571e-02, 2.5982569964338315e-02,
          5.6929349229889396e-02, 7.3578983974866979e-03,
          5.3683842392644432e-01, -1.4732082045843089e-02,
          -1.9217771074835785e-02, 5.8476530426535112e-02,
          1.2576378376995287e-01, 3.0404484639458815e-02,
          2.7049126824402019e-02, -2.8124772779168847e-03,
          9.3499053985261031e-03, -1.4732082045843092e-02,
          1.0474948155129699e-01, 2.5913435336733473e-02,
          -1.2055538357421940e-02, 5.0716466476808789e-02,
          2.6722741553104779e-02, 1.6016509976099495e-02,
          -2.6019536180919840e-03, 4.9626938146151477e-03,
          -1.9217771074835792e-02, 2.5913435336733473e-02,
          4.5389350804290012e-02, 2.0340173492498993e-03,
          -5.3198270254073031e-04, 1.8928566900457980e-02,
          6.5455165887704945e-03, 6.8385118963734809e-02,
          4.8691921830685660e-03, 5.8476530426535112e-02,
          -1.2055538357421939e-02, 2.0340173492499002e-03,
          1.2759881026808442e-01, 1.4364891158803529e-02,
          7.7255760792115949e-02, 4.7016808491715870e-02,
          -1.1658578632885088e-04, 2.6089186364943177e-02,
          1.2576378376995287e-01, 5.0716466476808782e-02,
          -5.3198270254073009e-04, 1.4364891158803534e-02,
          4.2556458686688475e-01 ]
   - !!opencv-matrix
      rows: 9
      cols: 9
      dt: d
      data: [ 6.7937730604019730e-01, 3.2311055699766794e-01,
          5.6288837745256372e-02, -2.6760841545253770e-02,
          1.1086466766004600e-01, 9.9010323381663823e-02,
          2.0744741223111526e-02, 5.9029179551840352e-02,
          9.0367601418703897e-02, 3.2311055699766805e-01,
          5.2350671434551244e-01, 5.5635216200867255e-02,
          7.8582525877825007e-02, 4.3528405068643250e-02,
          4.1727495608617916e-02, 1.6513529982207519e-02,
          5.6694617147990546e-02, 5.5770436196274621e-02,
          5.6288837745256379e-02, 5.5635216200867268e-02,
          1.2202216232809623e-01, 1.3281289956075488e-02,
          6.5455729241912708e-03, 2.1231251415779365e-02,
          9.8778138273706122e-03, 4.6886463964674503e-02,
          1.8468638041253250e-02, -2.6760841545253766e-02,
          7.8582525877825007e-02, 1.3281289956075486e-02,
          2.6577564613943155e-01, 2.6337370300218058e-02,
          5.0491934399232597e-03, 3.0616319481333594e-02,
          1.9414050461177567e-02, -6.6029923294182058e-02,
          1.1086466766004599e-01, 4.3528405068643250e-02,
          6.5455729241912682e-03, 2.6337370300218061e-02,
          1.7443802338683481e-01, 5.4648809373650041e-02,
          2.9133630926713189e-03, 1.7806719004611123e-02,
          7.0009592075704327e-02, 9.9010323381663837e-02,
          4.1727495608617916e-02, 2.1231251415779365e-02,
          5.0491934399232554e-03, 5.4648809373650041e-02,
          1.0323589873330452e-01, 1.5554184967213652e-02,
          1.0508886520909703e-02, 5.4505810553927267e-02,
          2.0744741223111526e-02, 1.6513529982207512e-02,
          9.8778138273706122e-03, 3.0616319481333587e-02,
          2.9133630926713185e-03, 1.5554184967213655e-02,
          5.1195355059260539e-02, 1.1338099203203448e-02,
          3.7015949686484413e-03, 5.9029179551840352e-02,
          5.6694617147990546e-02, 4.6886463964674503e-02,
          1.9414050461177570e-02, 1.7806719004611123e-02,
          1.0508886520909703e-02, 1.1338099203203448e-02,
          1.7698515608518814e-01, 1.6366898872235879e-02,
          9.0367601418703897e-02, 5.5770436196274614e-02,
          1.8468638041253257e-02, -6.6029923294182058e-02,
          7.0009592075704313e-02, 5.4505810553927267e-02,
          3.7015949686484443e-03, 1.6366898872235879e-02,
          1.7209287157574971e-01 ]
   - !!opencv-matrix
      rows: 9
      cols: 9
      dt: d
      data: [ 1.8699998357009608e-02, -1.7229574523644874e-04,
          -2.6253678291300003e-03, -5.3027412360052539e-04,
          6.8443622384323796e-04, -7.3184133938984262e-03,
          -7.9807288521067613e-03, -1.1291115300427908e-03,
          5.2535185907206976e-03, -1.7229574523644874e-04,
          2.4895603533169998e-03, 8.8614823732592780e-04,
          7.8761813665767868e-04, 2.1240124078607770e-03,
          2.3663512649501023e-03, 2.5896663228221678e-04,
          1.0115224281954471e-03, -5.3700434749078801e-03,
          -2.6253678291300003e-03, 8.8614823732592780e-04,
          6.3390780355823045e-02, 5.9431828385159483e-04,
          1.0305582274179144e-03, 5.9803772137201263e-04,
          2.5220626088352368e-03, -6.6608040635828519e-03,
          -1.6495758693847732e-02, -5.3027412360052539e-04,
          7.8761813665767868e-04, 5.9431828385159461e-04,
          6.9471083509978007e-03, 7.8244036853048436e-04,
          8.0311036193566579e-04, 7.6970777764181532e-04,
          2.3487808509660521e-04, -2.2898060869361446e-03,
          6.8443622384323796e-04, 2.1240124078607766e-03,
          1.0305582274179141e-03, 7.8244036853048415e-04,
          6.4866299688274157e-03, 2.6651914194000185e-03,
          2.4260894632934952e-04, 9.5908278064867113e-04,
