%YAML:1.0
---
groups:
   - intact
   - CD19
intactGmmnames:
   - "intact.Bue017.0"
   - "intact.Bue017.1"
   - "intact.Bue017.2"
   - "intact.Bue017.3"
   - "intact.Bue017.4"
intactLabels:
   - FSC-A
   - SSC-A
   - CD20
   - CD10
   - CD45
   - CD34
   - SYTO41
   - CD19
   - CD38
intactMu: !!opencv-matrix
   rows: 5
   cols: 9
   dt: d
   data: [ 1.1960697502493820e+00, 3.2074799963060607e-01,
       1.0294483879235721e+00, 9.5704099192465508e-01,
       1.4907353521083595e+00, 1.2263632607288526e+00,
       2.8668561129595336e+00, 9.8066276958314658e-01,
       1.2514350538564556e+00, 2.7018734789395076e+00,
       2.0968871521222452e+00, 1.2398082012250964e+00,
       1.1745886095746190e+00, 2.3484669422689408e+00,
       1.8392902155806983e+00, 2.8562188484705402e+00,
       1.0623568161879784e+00, 2.2224775396232181e+00,
       1.2876690418814305e+00, 2.8901554716103894e-01,
       1.0358599664839840e+00, 9.7002627954522347e-01,
       3.2290062747299038e+00, 1.0918660842428478e+00,
       2.5992241204661903e+00, 9.8329847571091777e-01,
       1.8791155490264526e+00, 2.1003817470258346e+00,
       1.1310777631940268e+00, 1.2707842385409076e+00,
       1.2238687863241591e+00, 2.7611930951381702e+00,
       1.7438478688606271e+00, 2.8428336517354991e+00,
       1.1245229769077212e+00, 2.4955193615450995e+00,
       2.6068249124176659e+00, 2.3853708029722327e+00,
       1.2281404838498680e+00, 2.4694991252811889e+00,
       2.8049388449580759e+00, 1.8431885018116534e+00,
       2.7441024096510063e+00, 1.1223934681767995e+00,
       1.8889050769796081e+00 ]
intactSigma:
   - !!opencv-matrix
      rows: 9
      cols: 9
      dt: d
      data: [ 1.4364755973036444e-01, 3.3031926815786275e-02,
          1.0359949800418057e-03, 7.3812073660201403e-03,
          2.4111831513718766e-02, 5.2946312466121623e-03,
          3.9172559040114893e-02, 5.0288827148448024e-03,
          1.3151277018363876e-02, 3.3031926815786275e-02,
          1.4665454899525377e-02, 9.9152842198303899e-04,
          2.6806816511994761e-03, 1.0617205378175192e-02,
          6.5938009742615104e-03, 1.4768219779725297e-02,
          1.5723303255000122e-03, 6.4695206074169096e-03,
          1.0359949800418055e-03, 9.9152842198303899e-04,
          1.9610684427211329e-02, 6.0790688186403629e-04,
          1.4699151869857039e-03, -9.3832993783873019e-04,
          3.3559756313651270e-03, -8.7582901737796496e-05,
          -7.4008394541959048e-04, 7.3812073660201420e-03,
          2.6806816511994766e-03, 6.0790688186403651e-04,
          2.6900081401231485e-02, 3.5991707630537630e-03,
          -4.4868535010483008e-03, 2.8123484904124070e-03,
          5.8758105057682886e-04, 1.1009134774181643e-03,
          2.4111831513718766e-02, 1.0617205378175192e-02,
          1.4699151869857041e-03, 3.5991707630537630e-03,
          2.8379803050785926e-02, 7.7897081703380442e-03,
          1.3374722646312513e-02, 1.9926695884794417e-03,
          5.8555455630750364e-03, 5.2946312466121614e-03,
          6.5938009742615095e-03, -9.3832993783873062e-04,
          -4.4868535010483008e-03, 7.7897081703380425e-03,
          9.6820371754275228e-02, 1.6165279883881323e-02,
          -1.3663784450335725e-02, 3.6180742459759616e-03,
          3.9172559040114900e-02, 1.4768219779725297e-02,
          3.3559756313651279e-03, 2.8123484904124078e-03,
          1.3374722646312513e-02, 1.6165279883881323e-02,
          4.2383631017371554e-02, 2.2524352598372347e-03,
          5.4205138684421204e-03, 5.0288827148448024e-03,
          1.5723303255000122e-03, -8.7582901737796062e-05,
          5.8758105057682842e-04, 1.9926695884794426e-03,
          -1.3663784450335724e-02, 2.2524352598372360e-03,
          2.0468517117892483e-02, 1.1893716290457389e-03,
          1.3151277018363874e-02, 6.4695206074169096e-03,
          -7.4008394541959081e-04, 1.1009134774181645e-03,
          5.8555455630750364e-03, 3.6180742459759616e-03,
          5.4205138684421204e-03, 1.1893716290457389e-03,
          1.0131065006407444e-02 ]
   - !!opencv-matrix
      rows: 9
      cols: 9
      dt: d
      data: [ 1.4719751927496172e-01, 1.8810432979384864e-01,
          2.1526543277614104e-02, 1.6891387339671399e-02,
          2.3387075174990283e-02, 5.5515112754308177e-02,
          2.2517120703792987e-02, 1.2483747527774786e-02,
          5.6459173874009311e-02, 1.8810432979384864e-01,
          4.0124085506652790e-01, 2.2485098973288521e-02,
          3.6675184263409828e-02, 5.4844873575508164e-02,
          6.3522910870678295e-02, 2.5105922308631842e-02,
          1.3918382611946693e-02, 7.9471459327047869e-02,
          2.1526543277614097e-02, 2.2485098973288525e-02,
          4.3731602293148299e-02, 2.0244255366734724e-03,
          1.7685549953543422e-03, 1.5313838526332843e-02,
          3.0546891912299617e-03, 5.4538155992161878e-04,
          3.3566550687620968e-03, 1.6891387339671399e-02,
          3.6675184263409828e-02, 2.0244255366734711e-03,
          3.6113342105214129e-02, 1.2190679850247223e-02,
          5.4460296154367274e-03, 4.7982946208851137e-04,
          2.4039502521898625e-03, 1.4274506751557413e-04,
          2.3387075174990283e-02, 5.4844873575508164e-02,
          1.7685549953543429e-03, 1.2190679850247223e-02,
          2.7551565656301090e-02, 1.3361497821538764e-02,
          -4.6396016764325320e-04, 3.9768240594276966e-03,
          -1.6431343773166342e-03, 5.5515112754308177e-02,
          6.3522910870678295e-02, 1.5313838526332840e-02,
          5.4460296154367283e-03, 1.3361497821538759e-02,
          1.0038724024895621e-01, 7.5016127160993746e-03,
          -1.0404870548725109e-02, 1.2290213313971744e-02,
          2.2517120703792987e-02, 2.5105922308631842e-02,
          3.0546891912299622e-03, 4.7982946208851169e-04,
          -4.6396016764325320e-04, 7.5016127160993738e-03,
          8.2548897180829729e-03, 1.6448541168908959e-03,
          1.5352006152689640e-02, 1.2483747527774786e-02,
          1.3918382611946693e-02, 5.4538155992161933e-04,
          2.4039502521898629e-03, 3.9768240594276966e-03,
          -1.0404870548725109e-02, 1.6448541168908959e-03,
          5.7574622300804429e-02, 3.5592894481500000e-03,
          5.6459173874009311e-02, 7.9471459327047883e-02,
          3.3566550687620955e-03, 1.4274506751557365e-04,
          -1.6431343773166348e-03, 1.2290213313971742e-02,
          1.5352006152689640e-02, 3.5592894481500004e-03,
          7.8276764065019266e-02 ]
   - !!opencv-matrix
      rows: 9
      cols: 9
      dt: d
      data: [ 4.8357511672066429e-02, 1.1271840333535666e-02,
          5.5442845179303195e-04, 2.2021490737620117e-03,
          1.3652235938161538e-02, -1.6216466988158526e-03,
          3.6906560791229426e-03, -5.4603786262009092e-05,
          -3.2034045460166975e-03, 1.1271840333535666e-02,
          5.6576032222197875e-03, 5.5979475829817866e-04,
          5.4393135367149345e-04, 5.3587750355012578e-03,
          1.2662222115332434e-03, 5.2165773775611208e-04,
          3.3903777168636996e-04, 1.9893393262341479e-03,
          5.5442845179303195e-04, 5.5979475829817887e-04,
          2.8735228606264006e-02, 4.6012007413269283e-04,
          4.0491620220325475e-04, -1.2350776622394033e-03,
          6.6366711584008549e-05, -5.1336547247457552e-04,
          -1.5600653224641858e-03, 2.2021490737620113e-03,
          5.4393135367149334e-04, 4.6012007413269299e-04,
          1.4012975456079036e-02, 9.0851530877115549e-04,
          -2.9565377125853410e-03, 4.0963076406575583e-04,
          2.7302416451252179e-04, 1.5237629814549025e-04,
          1.3652235938161538e-02, 5.3587750355012578e-03,
          4.0491620220325502e-04, 9.0851530877115582e-04,
          1.4725654041755800e-02, -1.0665625479794412e-03,
          -1.1574053271360778e-03, 3.5062566578947159e-04,
