%YAML:1.0
---
groups:
   - intact
   - CD19
   - blast
intactGmmnames:
   - "intact.Bue009.0"
   - "intact.Bue009.1"
   - "intact.Bue009.2"
   - "intact.Bue009.3"
   - "intact.Bue009.4"
intactLabels:
   - FSC-A
   - SSC-A
   - CD20
   - CD10
   - CD45
   - CD34
   - SYTO41
   - CD19
   - CD38
intactMu: !!opencv-matrix
   rows: 5
   cols: 9
   dt: d
   data: [ 1.4822427309807624e+00, 3.0167123551745262e-01,
       9.9145683258350570e-01, 9.4000690060072567e-01,
       1.8328456352969558e+00, 1.8762565962487707e+00,
       3.5566009084540244e+00, 1.1676293327987202e+00,
       1.2450318648160805e+00, 1.3971757100788433e+00,
       2.8437443531240897e-01, 9.2350777510297255e-01,
       9.3706346441426502e-01, 3.3707642228963404e+00,
       1.1780874038571167e+00, 3.3527626002515474e+00,
       1.1491354027752485e+00, 2.0789835212121348e+00,
       9.4512005097707008e-01, 1.9445985779745961e-01,
       9.1700520660636353e-01, 9.1901138663631632e-01,
       1.5745655637670763e+00, 1.5790716483640825e+00,
       3.3153767425608458e+00, 1.1334542001887855e+00,
       1.1786482895182786e+00, 1.2182072217463762e+00,
       1.5004075544135895e-01, 9.5232463916979559e-01,
       9.2468921645904578e-01, 3.1278250665381013e+00,
       1.6824804794484722e+00, 3.3687375056327951e+00,
       1.1569909562210561e+00, 1.8198945901523180e+00,
       2.1629306884807793e+00, 1.4704856123267698e+00,
       1.3084992203311054e+00, 1.3806713224430971e+00,
       2.9039663957531348e+00, 2.1856346801489108e+00,
       3.4146337218568719e+00, 1.2456082697870234e+00,
       2.0131565783827923e+00 ]
intactSigma:
   - !!opencv-matrix
      rows: 9
      cols: 9
      dt: d
      data: [ 1.1701333287351005e-01, 1.5924409349170728e-02,
          4.2301991797131216e-03, 6.0025164597087436e-03,
          3.3657388369702897e-02, 1.2962469916378248e-02,
          2.5736684341207357e-02, -5.6073070342957890e-03,
          2.6245390002459612e-03, 1.5924409349170721e-02,
          8.0692431930024944e-03, 2.5224783885581296e-03,
          1.5825011018556730e-03, 9.2703623819663274e-03,
          8.4987075867479882e-03, 6.1304623951787471e-03,
          -5.6110342581142819e-04, 2.9716152948697601e-03,
          4.2301991797131216e-03, 2.5224783885581291e-03,
          7.0340156214709196e-02, 2.1410662304492570e-03,
          6.3547983896846492e-03, 3.5582443233843498e-02,
          4.1834711513529738e-03, -1.8551705467588169e-04,
          1.7830466746659908e-03, 6.0025164597087427e-03,
          1.5825011018556730e-03, 2.1410662304492570e-03,
          3.0952928382970805e-02, 4.5557143459099272e-03,
          -8.0844927595884761e-04, 2.2017549864828206e-03,
          -2.6827494775392437e-04, 6.6752090311255740e-04,
          3.3657388369702897e-02, 9.2703623819663256e-03,
          6.3547983896846474e-03, 4.5557143459099289e-03,
          7.8518264597059725e-02, 2.1528891561794605e-02,
          1.9384275167894711e-02, -2.3675469321245641e-03,
          3.2386154611494682e-03, 1.2962469916378248e-02,
          8.4987075867479847e-03, 3.5582443233843498e-02,
          -8.0844927595884685e-04, 2.1528891561794609e-02,
          2.4611024379935564e-01, 1.1943995304250105e-02,
          -6.0674081893938815e-03, 1.5396699542698726e-02,
          2.5736684341207364e-02, 6.1304623951787471e-03,
          4.1834711513529738e-03, 2.2017549864828206e-03,
          1.9384275167894708e-02, 1.1943995304250105e-02,
          2.4869562595606336e-02, -1.9688006705524423e-03,
          1.6510466945953907e-03, -5.6073070342957908e-03,
          -5.6110342581142797e-04, -1.8551705467588191e-04,
          -2.6827494775392443e-04, -2.3675469321245632e-03,
          -6.0674081893938824e-03, -1.9688006705524423e-03,
          1.7904492543343253e-02, 3.2257168908824503e-04,
          2.6245390002459612e-03, 2.9716152948697596e-03,
          1.7830466746659903e-03, 6.6752090311255772e-04,
          3.2386154611494682e-03, 1.5396699542698730e-02,
          1.6510466945953905e-03, 3.2257168908824503e-04,
          9.4503852717681709e-03 ]
   - !!opencv-matrix
      rows: 9
      cols: 9
      dt: d
      data: [ 1.8948439005537384e-02, 2.7645069402982047e-03,
          -2.0050519206125292e-03, 1.6557597378849967e-03,
          1.3824008720767012e-03, 4.7466169691130159e-04,
          2.5412658509487047e-03, 5.9437227650306190e-04,
          -5.0887504281205802e-03, 2.7645069402982047e-03,
          4.2049847056157344e-03, 1.5605690483610837e-04,
          3.3919032412388925e-04, 1.6511347968293263e-03,
          7.4316178374941118e-04, 8.2831301008961318e-04,
          6.2701524331421261e-04, 3.1685407031345259e-03,
          -2.0050519206125292e-03, 1.5605690483610850e-04,
          1.0689570799796613e-01, -1.1633513391607306e-04,
          -1.2954556486603887e-03, 4.3635904037698566e-03,
          1.9940505676003849e-03, -1.5144744881083001e-03,
          -2.5208273604374748e-02, 1.6557597378849967e-03,
          3.3919032412388925e-04, -1.1633513391607333e-04,
          1.6564378935378678e-02, -1.0596762743843869e-04,
          -3.4342832758125219e-03, -1.7808589813200253e-04,
          -4.4068833805771361e-04, -1.8484849429373569e-03,
          1.3824008720767012e-03, 1.6511347968293265e-03,
          -1.2954556486603887e-03, -1.0596762743843869e-04,
          1.6370483961993285e-02, -1.0043088647613855e-02,
          -9.5678519386737759e-04, 5.1472103839219534e-04,
          -4.6172592406555938e-03, 4.7466169691130110e-04,
          7.4316178374941064e-04, 4.3635904037698557e-03,
          -3.4342832758125228e-03, -1.0043088647613855e-02,
          1.5272681029205448e-01, 6.0705108868259194e-03,
          -7.1972943154289112e-03, -1.8756183732611887e-02,
          2.5412658509487047e-03, 8.2831301008961329e-04,
          1.9940505676003853e-03, -1.7808589813200253e-04,
          -9.5678519386737737e-04, 6.0705108868259194e-03,
          2.1920165471812001e-02, 7.9137549362796856e-05,
          -4.4894618482706370e-03, 5.9437227650306200e-04,
          6.2701524331421283e-04, -1.5144744881083006e-03,
          -4.4068833805771350e-04, 5.1472103839219534e-04,
          -7.1972943154289112e-03, 7.9137549362797005e-05,
          5.1466615714487948e-03, 2.6444245625829683e-03,
          -5.0887504281205802e-03, 3.1685407031345259e-03,
          -2.5208273604374748e-02, -1.8484849429373561e-03,
          -4.6172592406555956e-03, -1.8756183732611890e-02,
          -4.4894618482706388e-03, 2.6444245625829683e-03,
          4.4441094712729584e-01 ]
   - !!opencv-matrix
      rows: 9
      cols: 9
      dt: d
      data: [ 9.7965073114787311e-03, 2.1044564545278197e-03,
          1.3372873997160068e-03, 8.6373535237270114e-04,
          3.7067603456263270e-03, 5.7398346198524897e-03,
          1.1179410082510523e-03, -9.5809056178589318e-04,
          5.5949879562564020e-04, 2.1044564545278201e-03,
          1.9787992813952069e-03, -4.6115676903549002e-05,
          1.1591230805669476e-04, 2.4768946382543199e-03,
          2.1618016304540293e-03, 1.2222467091628480e-03,
          -3.2489149727620318e-04, 5.6881965563602499e-04,
          1.3372873997160070e-03, -4.6115676903548948e-05,
          4.9347230498121473e-02, 1.6518667017101556e-05,
          4.3145166144492250e-03, 7.5069087511234062e-03,
          1.3661690426870727e-04, -1.9257084688027305e-03,
          -2.2923801314481606e-03, 8.6373535237270168e-04,
          1.1591230805669475e-04, 1.6518667017101668e-05,
          2.2689383219615961e-02, 1.4768816311264467e-03,
          -5.5100158230778204e-03, 1.8022295919441290e-04,
          -3.3199076887437253e-04, 1.3023939789329962e-05,
          3.7067603456263278e-03, 2.4768946382543195e-03,
          4.3145166144492250e-03, 1.4768816311264464e-03,
          6.3904492073380198e-02, 5.2619588054942353e-03,
