%YAML:1.0
---
groups:
   - intact
   - CD19
   - blast
intactGmmnames:
   - "intact.Bue022.0"
   - "intact.Bue022.1"
   - "intact.Bue022.2"
   - "intact.Bue022.3"
   - "intact.Bue022.4"
intactLabels:
   - FSC-A
   - SSC-A
   - CD20
   - CD10
   - CD45
   - CD34
   - SYTO41
   - CD19
   - CD38
intactMu: !!opencv-matrix
   rows: 5
   cols: 9
   dt: d
   data: [ 1.5622880491547970e+00, 4.6024478014138892e-01,
       1.0507651892859129e+00, 9.9653486681318604e-01,
       1.6891203552821230e+00, 1.3642330658971709e+00,
       2.8885208143474781e+00, 1.1462426157475727e+00,
       1.2838563453120275e+00, 1.6685866561159175e+00,
       3.7921073152781926e-01, 1.0548646955178842e+00,
       9.8941293492494942e-01, 3.4461089090535340e+00,
       1.0752575565101936e+00, 2.4802362380283407e+00,
       1.1362139448010666e+00, 2.2740005301491979e+00,
       9.7632373106721115e-01, 2.6931272381807342e-01,
       1.0350882717738057e+00, 9.5727011214242064e-01,
       1.4617465132343681e+00, 1.2381028218343768e+00,
       2.6131105025813541e+00, 1.1272305351210907e+00,
       1.2157077726539312e+00, 2.1724543644412182e+00,
       1.6984756125690290e+00, 1.2801019533992946e+00,
       1.6212079416204397e+00, 2.9183277235548957e+00,
       1.7312810798098734e+00, 2.7549100281027759e+00,
       1.2590031818923952e+00, 1.9169449077003555e+00,
       1.5571526077053353e+00, 3.1459848741287555e-01,
       1.0579955924599724e+00, 9.8840443282834123e-01,
       3.3160761654610917e+00, 1.1211678409294135e+00,
       2.5680881049364919e+00, 1.1395732024211236e+00,
       1.2556538469991383e+00 ]
intactSigma:
   - !!opencv-matrix
      rows: 9
      cols: 9
      dt: d
      data: [ 2.9355586518415788e-01, 5.3083446607571756e-02,
          -1.4156574261386560e-04, 5.3462700473378083e-03,
          3.4653743961186374e-02, -9.1270032506367178e-03,
          1.4793084165646654e-02, -5.4452245698306465e-03,
          5.3870839984008524e-03, 5.3083446607571770e-02,
          2.9738031600168760e-02, 2.1233010680627969e-03,
          2.5186094658002952e-03, 1.9733423169020325e-02,
          1.3436629440746891e-02, 1.1062303005536072e-02,
          -5.5707891863319352e-04, 6.1907771205006500e-03,
          -1.4156574261386544e-04, 2.1233010680627960e-03,
          1.8641455564121369e-02, 1.2860483344965393e-03,
          3.1999311717147696e-03, 1.5809147989309714e-03,
          1.7882360861663344e-03, 5.7713595758043985e-04,
          -2.3167399503355965e-04, 5.3462700473378101e-03,
          2.5186094658002952e-03, 1.2860483344965393e-03,
          3.3056835376185673e-02, 5.2038240188398005e-03,
          -5.3950193844771246e-03, 2.2510704655606547e-03,
          9.4159072961401912e-04, 7.1106337767941742e-04,
          3.4653743961186374e-02, 1.9733423169020325e-02,
          3.1999311717147679e-03, 5.2038240188398014e-03,
          5.2503305318704320e-02, 1.4917222056309291e-02,
          1.9021846403388533e-02, -4.0486341469582189e-04,
          7.4045421910345285e-03, -9.1270032506367161e-03,
          1.3436629440746891e-02, 1.5809147989309714e-03,
          -5.3950193844771246e-03, 1.4917222056309290e-02,
          1.5520442774157547e-01, 1.9295028846646523e-02,
          -1.1972103449284592e-02, 6.5159049803873185e-03,
          1.4793084165646654e-02, 1.1062303005536072e-02,
          1.7882360861663335e-03, 2.2510704655606555e-03,
          1.9021846403388536e-02, 1.9295028846646519e-02,
          3.7319773371085378e-02, -7.7500497670581988e-04,
          4.6501701739881090e-03, -5.4452245698306465e-03,
          -5.5707891863319352e-04, 5.7713595758043963e-04,
          9.4159072961401945e-04, -4.0486341469582200e-04,
          -1.1972103449284588e-02, -7.7500497670582010e-04,
          1.1230124041161358e-02, 1.4542718714162707e-04,
          5.3870839984008507e-03, 6.1907771205006491e-03,
          -2.3167399503355967e-04, 7.1106337767941656e-04,
          7.4045421910345285e-03, 6.5159049803873185e-03,
          4.6501701739881081e-03, 1.4542718714162712e-04,
          8.7669897929188046e-03 ]
   - !!opencv-matrix
      rows: 9
      cols: 9
      dt: d
      data: [ 5.6387791869054446e-02, 1.8151050625721508e-02,
          -1.7161623693254075e-03, 2.8347742146133913e-03,
          2.6516827298637247e-02, 1.2591331743560857e-03,
          -8.8174559570170896e-04, 3.0038958657967868e-04,
          4.7985840309001764e-02, 1.8151050625721508e-02,
          1.3867966966625685e-02, -1.0981013118966207e-03,
          1.8344045563191819e-03, 1.3621758253235527e-02,
          1.3237915230131494e-03, -3.0084503199852507e-03,
          6.0928847613269234e-04, 2.8632889899657479e-02,
          -1.7161623693254075e-03, -1.0981013118966211e-03,
          4.5003083614979039e-02, 5.2129882920618311e-04,
          -1.5520571223855545e-03, -1.8367953962305551e-03,
          9.2817015117845666e-04, -9.2257529262259827e-04,
          -2.6251528473826686e-02, 2.8347742146133904e-03,
          1.8344045563191819e-03, 5.2129882920618289e-04,
          1.9134811618593661e-02, 2.4190531921319657e-03,
          -5.1804011697138119e-03, -2.2911165071355077e-04,
          3.1040463788401283e-04, 1.3997620044471891e-03,
          2.6516827298637247e-02, 1.3621758253235527e-02,
          -1.5520571223855545e-03, 2.4190531921319644e-03,
          2.6257454428483974e-02, -1.1746668006603414e-04,
          -7.4166089469087206e-03, 5.6586234980368156e-04,
          3.0707705750448015e-02, 1.2591331743560866e-03,
          1.3237915230131494e-03, -1.8367953962305538e-03,
          -5.1804011697138127e-03, -1.1746668006603368e-04,
          1.1309620577951358e-01, 1.5459440063953218e-03,
          -8.7712592309280250e-03, -4.2491351511440897e-03,
          -8.8174559570170939e-04, -3.0084503199852499e-03,
          9.2817015117845666e-04, -2.2911165071355077e-04,
          -7.4166089469087197e-03, 1.5459440063953229e-03,
          1.2640494875453132e-02, -1.2758086606222470e-04,
          -1.7335964039042574e-02, 3.0038958657967885e-04,
          6.0928847613269256e-04, -9.2257529262259827e-04,
          3.1040463788401283e-04, 5.6586234980368156e-04,
          -8.7712592309280232e-03, -1.2758086606222475e-04,
          6.6693660015137712e-03, 3.4654182672538077e-03,
          4.7985840309001764e-02, 2.8632889899657479e-02,
          -2.6251528473826693e-02, 1.3997620044471873e-03,
          3.0707705750448008e-02, -4.2491351511440905e-03,
          -1.7335964039042574e-02, 3.4654182672538086e-03,
          3.0857461164151900e-01 ]
   - !!opencv-matrix
      rows: 9
      cols: 9
      dt: d
      data: [ 1.9637047441661157e-02, 5.3253892475916120e-03,
          -5.4170356576907291e-04, 7.8973510231450351e-04,
          4.1179221613317869e-03, 4.0244375711251962e-03,
          7.8313984312600214e-04, 1.2460692314763226e-04,
          9.6020888484677543e-04, 5.3253892475916120e-03,
          6.0306071070990938e-03, -3.3697831454113710e-04,
          9.3667711871720373e-04, 4.1129006020273100e-03,
          4.1243145155509886e-03, 2.3988145919926571e-03,
          -4.8557057209477664e-05, 9.9937605714874944e-04,
          -5.4170356576907313e-04, -3.3697831454113710e-04,
          1.5829369062989963e-02, 9.2491189758346789e-04,
          -3.8426812268860716e-04, -2.4721767215464411e-03,
          1.2248386689269280e-04, -4.1942006593979745e-04,
          -1.1926354810733435e-03, 7.8973510231450340e-04,
          9.3667711871720373e-04, 9.2491189758346767e-04,
          2.4937763952448233e-02, 1.3944970270556309e-03,
          -6.8216492265345376e-03, 3.9342636986580091e-04,
          1.5327252955991783e-05, -1.9554160697812109e-05,
          4.1179221613317869e-03, 4.1129006020273100e-03,
          -3.8426812268860727e-04, 1.3944970270556311e-03,
          2.6490894728668356e-02, 2.9940199025378068e-03,
