%YAML:1.0
---
groups:
   - intact
   - CD19
   - blast
intactGmmnames:
   - "intact.Bue029.0"
   - "intact.Bue029.1"
   - "intact.Bue029.2"
   - "intact.Bue029.3"
   - "intact.Bue029.4"
intactLabels:
   - FSC-A
   - SSC-A
   - CD20
   - CD10
   - CD45
   - CD34
   - SYTO41
   - CD19
   - CD38
intactMu: !!opencv-matrix
   rows: 5
   cols: 9
   dt: d
   data: [ 9.1173909951134935e-01, 2.6389283499500327e-01,
       1.1025066623587232e+00, 8.9321642468573648e-01,
       1.4084694487943659e+00, 1.3315736491544408e+00,
       2.4144594527900214e+00, 1.1923195998727163e+00,
       1.1554162581922351e+00, 1.8497273379714718e+00,
       1.0988082645237467e+00, 1.4822135994360464e+00,
       1.6740416925067412e+00, 2.4006796903558336e+00,
       2.1329699076114723e+00, 2.5821600811708936e+00,
       1.4206141099056899e+00, 2.2701259902007256e+00,
       1.2989550686916702e+00, 4.2154749081296211e-01,
       1.1203634812622958e+00, 9.9229430219183601e-01,
       1.5856359597025593e+00, 1.4031217394861790e+00,
       2.6560799586398138e+00, 1.2216659476348779e+00,
       1.4424643911320791e+00, 2.7774228804876939e+00,
       1.8553933263281290e+00, 1.3929955238324669e+00,
       1.5110603538212000e+00, 2.7168745655753295e+00,
       2.0215242339082207e+00, 2.5566168189362410e+00,
       1.2784182278695746e+00, 2.4417402417378251e+00,
       1.1912503457806700e+00, 2.8526624106701942e-01,
       1.1393938375617991e+00, 1.0316088862892654e+00,
       3.4079488346974647e+00, 1.1242779746705445e+00,
       2.0622815619091623e+00, 1.2272232611478608e+00,
       1.8320235756780268e+00 ]
intactSigma:
   - !!opencv-matrix
      rows: 9
      cols: 9
      dt: d
      data: [ 1.4458167588340861e-02, 3.4393872595814830e-03,
          3.1696078751523555e-05, 1.7025806042743989e-04,
          1.8490315903192864e-03, 6.2271379136404313e-03,
          -3.1430729818943668e-03, 3.7256646963868990e-05,
          3.0486592514988066e-03, 3.4393872595814830e-03,
          3.9084180229163549e-03, 1.3703376433803294e-04,
          4.3658698872193878e-04, 2.2898128644990149e-03,
          4.6829361004397533e-03, -6.1574372781929884e-04,
          -9.2622811944428381e-05, 3.6540136276615727e-03,
          3.1696078751523670e-05, 1.3703376433803302e-04,
          1.2768796726081392e-02, 9.1234417723104597e-04,
          -1.9024905580555728e-04, -5.2637307635079829e-03,
          -7.1623269990631389e-05, -4.3283505870410420e-04,
          -2.9433897723767769e-03, 1.7025806042743946e-04,
          4.3658698872193862e-04, 9.1234417723104672e-04,
          4.3481220355511233e-02, 9.7775872288868317e-04,
          -7.0293891654086109e-03, -1.8202452710970758e-05,
          6.0091826558349886e-04, -3.1644147655274072e-04,
          1.8490315903192864e-03, 2.2898128644990149e-03,
          -1.9024905580555720e-04, 9.7775872288868295e-04,
          1.7429598775368645e-02, 3.2472401078652044e-03,
          -9.9199720977542283e-04, 8.6991445898418470e-05,
          4.1821892024474531e-03, 6.2271379136404348e-03,
          4.6829361004397533e-03, -5.2637307635079837e-03,
          -7.0293891654086109e-03, 3.2472401078652057e-03,
          1.3741785625928418e-01, -2.9305111393062556e-03,
          -9.8283207524185231e-03, 4.2360090695466078e-03,
          -3.1430729818943668e-03, -6.1574372781929884e-04,
          -7.1623269990631525e-05, -1.8202452710970683e-05,
          -9.9199720977542283e-04, -2.9305111393062556e-03,
          7.2016321594073783e-03, -1.8784790512575228e-04,
          -6.8812480907826505e-05, 3.7256646963868949e-05,
          -9.2622811944428340e-05, -4.3283505870410420e-04,
          6.0091826558349886e-04, 8.6991445898418498e-05,
          -9.8283207524185231e-03, -1.8784790512575247e-04,
          7.3954356006167002e-03, 1.9151804761873169e-04,
          3.0486592514988062e-03, 3.6540136276615727e-03,
          -2.9433897723767769e-03, -3.1644147655274024e-04,
          4.1821892024474531e-03, 4.2360090695466087e-03,
          -6.8812480907826532e-05, 1.9151804761873180e-04,
          3.4801204662287623e-02 ]
   - !!opencv-matrix
      rows: 9
      cols: 9
      dt: d
      data: [ 5.7082431619421448e-01, 3.7339899338856369e-01,
          1.0413362934669651e-02, 6.0689673649879726e-02,
          2.4226114814236302e-01, 3.6364537401052451e-02,
          1.7604162831202887e-02, 2.4703471273352786e-02,
          2.3704761941644367e-01, 3.7339899338856369e-01,
          5.9135478632247518e-01, 1.0639887598596824e-01,
          1.5847359438370473e-01, 2.4485038337204662e-01,
          1.2688477640888385e-01, 1.2089415720399082e-02,
          5.0219912440619401e-02, 1.6142286691242683e-01,
          1.0413362934669644e-02, 1.0639887598596824e-01,
          2.4866510087251723e-01, 5.7074097206286076e-02,
          3.9296658363793882e-02, 1.7881507981442918e-01,
          3.5360079998364304e-02, 5.7872266343846714e-02,
          -3.0359264164503404e-02, 6.0689673649879712e-02,
          1.5847359438370473e-01, 5.7074097206286083e-02,
          5.5295348754103946e-01, 4.2717561025391711e-02,
          1.9613178084119196e-03, -2.4089295928082999e-02,
          1.0268556166835167e-01, -1.3996202052593376e-01,
          2.4226114814236308e-01, 2.4485038337204662e-01,
          3.9296658363793882e-02, 4.2717561025391711e-02,
          3.8682290568109412e-01, 6.6707557570766823e-02,
          -4.2717467123882392e-02, 1.8935598117938150e-02,
          2.4995339683991588e-01, 3.6364537401052444e-02,
          1.2688477640888385e-01, 1.7881507981442918e-01,
          1.9613178084119274e-03, 6.6707557570766809e-02,
          4.8396546722004741e-01, 3.3933202260153228e-02,
          6.0899346074596683e-02, 1.2117659859206095e-01,
          1.7604162831202887e-02, 1.2089415720399089e-02,
          3.5360079998364304e-02, -2.4089295928082999e-02,
          -4.2717467123882392e-02, 3.3933202260153228e-02,
          1.0463578187653165e-01, 1.2292211423941182e-03,
          -2.7336805226311139e-02, 2.4703471273352786e-02,
          5.0219912440619401e-02, 5.7872266343846714e-02,
          1.0268556166835167e-01, 1.8935598117938150e-02,
          6.0899346074596683e-02, 1.2292211423941166e-03,
          1.0541073988346208e-01, -6.0706968178382194e-03,
          2.3704761941644367e-01, 1.6142286691242683e-01,
          -3.0359264164503404e-02, -1.3996202052593379e-01,
          2.4995339683991588e-01, 1.2117659859206095e-01,
          -2.7336805226311139e-02, -6.0706968178382186e-03,
          5.5215779405317911e-01 ]
   - !!opencv-matrix
      rows: 9
      cols: 9
      dt: d
      data: [ 1.4028231733748808e-01, 3.1991367862566754e-02,
          -6.2194382754389964e-04, -5.9690613906386259e-03,
          2.9619673912915156e-02, 1.1695331469174990e-02,
          3.1038123332236690e-02, -2.7685675051289400e-03,
          2.6864039753091033e-02, 3.1991367862566754e-02,
          2.2749220775237090e-02, 8.5083683796504587e-04,
          2.6355077042872021e-04, 1.4498728036720605e-02,
          1.0790456419425078e-02, 4.7857861778169315e-03,
          -1.7511700741279482e-04, 2.3253398888990577e-02,
          -6.2194382754389942e-04, 8.5083683796504544e-04,
          1.4953796327215036e-02, 2.0105830249592658e-03,
          5.4829341058398504e-04, -2.2753620589562621e-03,
          -9.2806483826301481e-04, 1.6070443534619509e-04,
          -1.5682879726062423e-03, -5.9690613906386233e-03,
          2.6355077042872010e-04, 2.0105830249592667e-03,
          7.9264295181729227e-02, 2.2842531421688630e-03,
          6.9486620500695644e-04, -6.6138356638660344e-03,
          2.1809552750007137e-03, 2.0647497234076635e-03,
          2.9619673912915156e-02, 1.4498728036720610e-02,
          5.4829341058398504e-04, 2.2842531421688643e-03,
          4.0730476196037937e-02, 8.0296604694129955e-03,
