%YAML:1.0
---
groups:
   - intact
   - CD19
   - blast
intactGmmnames:
   - "intact.Bue011.0"
   - "intact.Bue011.1"
   - "intact.Bue011.2"
   - "intact.Bue011.3"
   - "intact.Bue011.4"
intactLabels:
   - FSC-A
   - SSC-A
   - CD20
   - CD10
   - CD45
   - CD34
   - SYTO41
   - CD19
   - CD38
intactMu: !!opencv-matrix
   rows: 5
   cols: 9
   dt: d
   data: [ 1.6378382897145929e+00, 4.1679077133822556e-01,
       1.1290259205262307e+00, 9.7007813970814161e-01,
       3.5231752251216286e+00, 1.1614776628449379e+00,
       2.7273959253454891e+00, 1.1877797196575151e+00,
       3.1508627311483455e+00, 8.9192681250386174e-01,
       3.0384706562998826e-01, 1.1076270875006200e+00,
       9.3834237728331948e-01, 1.4833405588808874e+00,
       1.2674083891752079e+00, 2.8224553820511500e+00,
       1.1662663802888349e+00, 1.1820792957302355e+00,
       1.2767090762882602e+00, 2.6718677331250729e-01,
       1.1157333419844291e+00, 9.5791311409630919e-01,
       3.3784779890872296e+00, 1.1622083803585781e+00,
       2.7460567383186691e+00, 1.1711897258185036e+00,
       1.6544625095828842e+00, 1.3632437269767246e+00,
       5.1556121875663075e-01, 1.1233656085768378e+00,
       9.8060757354775474e-01, 1.7926836445240035e+00,
       1.3764146410380580e+00, 3.0980983565316680e+00,
       1.1796290936522418e+00, 1.3039069212267294e+00,
       2.0708495909144524e+00, 1.0166574830764239e+00,
       1.2796931358501864e+00, 1.2333510457457355e+00,
       3.0866278707766464e+00, 1.7576977001093026e+00,
       3.0387951561436988e+00, 1.2474892111709721e+00,
       2.5142184659584883e+00 ]
intactSigma:
   - !!opencv-matrix
      rows: 9
      cols: 9
      dt: d
      data: [ 4.4778639480064934e-02, 1.0193843167848807e-02,
          -1.3441110113625550e-03, 8.9502148965068260e-04,
          5.5411738205928488e-03, -7.5603178322182236e-04,
          1.7194135999848932e-02, 3.8914484194498862e-04,
          2.2330520165684552e-02, 1.0193843167848807e-02,
          7.9424411297077512e-03, -5.7550081964977476e-04,
          1.6922232771844408e-04, 2.8155409671490176e-03,
          2.5365136729403067e-04, 4.1946165716393261e-03,
          3.0943642172131933e-04, 1.3035046764320331e-02,
          -1.3441110113625555e-03, -5.7550081964977454e-04,
          5.8256897498939024e-02, 4.8811577836318051e-04,
          5.1026276815810596e-04, -1.9737874986826484e-03,
          -1.5895683139190940e-03, -6.3029678050733533e-04,
          -5.0569150438488746e-03, 8.9502148965068206e-04,
          1.6922232771844433e-04, 4.8811577836318089e-04,
          1.8624566209561547e-02, 1.0432811790536975e-03,
          -2.1360096408154991e-03, -1.8982233970561539e-04,
          -2.9886225409344281e-05, -9.4114108897631085e-04,
          5.5411738205928497e-03, 2.8155409671490185e-03,
          5.1026276815810628e-04, 1.0432811790536975e-03,
          1.0371772938074328e-02, 1.0391436992002157e-03,
          2.1765945438509465e-03, -3.6125805222537928e-04,
          -5.1122618841389980e-03, -7.5603178322182214e-04,
          2.5365136729403050e-04, -1.9737874986826467e-03,
          -2.1360096408154991e-03, 1.0391436992002151e-03,
          6.8340647821782632e-02, 1.0030536251644175e-03,
          -8.3821899528827085e-03, -4.8326766102664009e-03,
          1.7194135999848936e-02, 4.1946165716393261e-03,
          -1.5895683139190934e-03, -1.8982233970561525e-04,
          2.1765945438509456e-03, 1.0030536251644175e-03,
          2.0943418471116429e-02, 3.1046673524573817e-04,
          -4.3293505052572796e-03, 3.8914484194498889e-04,
          3.0943642172131917e-04, -6.3029678050733565e-04,
          -2.9886225409344318e-05, -3.6125805222537934e-04,
          -8.3821899528827085e-03, 3.1046673524573806e-04,
          6.8587753076356072e-03, 2.0255712896695647e-03,
          2.2330520165684549e-02, 1.3035046764320331e-02,
          -5.0569150438488789e-03, -9.4114108897631031e-04,
          -5.1122618841389980e-03, -4.8326766102664018e-03,
          -4.3293505052572805e-03, 2.0255712896695643e-03,
          1.4440214995281031e-01 ]
   - !!opencv-matrix
      rows: 9
      cols: 9
      dt: d
      data: [ 1.7934942652509136e-02, 4.9583082225177480e-03,
          -3.0300701370957367e-06, 1.6125733751904787e-03,
          6.3734964063315866e-03, 2.4817830352158025e-03,
          1.7888512356124730e-03, -2.2736493399293668e-04,
          8.7877400892061471e-04, 4.9583082225177471e-03,
          4.2208355515920351e-03, -1.1475954110857219e-04,
          6.7915804554583611e-04, 4.8746541731359795e-03,
          1.8080550393765103e-03, 1.6206977306292274e-03,
          3.0700743171504168e-05, 9.2863264687087033e-04,
          -3.0300701370955258e-06, -1.1475954110857219e-04,
          1.0274012970486189e-02, 1.4755070861817611e-04,
          -2.0483462514295149e-04, -1.7066389831689838e-03,
          -1.0166673481351117e-04, -2.8249148497324592e-04,
          -9.1913536386728967e-04, 1.6125733751904798e-03,
          6.7915804554583611e-04, 1.4755070861817608e-04,
          2.3112547298896769e-02, 3.0327580988320554e-03,
          -3.9267574712382293e-03, 3.1662699675439108e-04,
          1.3333976956707324e-04, 2.2151142486551443e-04,
          6.3734964063315866e-03, 4.8746541731359795e-03,
          -2.0483462514295120e-04, 3.0327580988320554e-03,
          5.9884012374661753e-02, 2.5632982052690057e-03,
          1.4109425810928139e-03, 8.1514644142956469e-05,
          1.5340085326465906e-03, 2.4817830352158025e-03,
          1.8080550393765103e-03, -1.7066389831689841e-03,
          -3.9267574712382311e-03, 2.5632982052690057e-03,
          4.4008393931194087e-02, 5.0105478140569895e-04,
          -4.4087414382798411e-03, -6.1447007356802585e-06,
          1.7888512356124733e-03, 1.6206977306292274e-03,
          -1.0166673481351118e-04, 3.1662699675439124e-04,
          1.4109425810928139e-03, 5.0105478140569895e-04,
          4.6179019077137486e-03, -3.0164185201875643e-05,
          4.5044837737323265e-04, -2.2736493399293668e-04,
          3.0700743171504161e-05, -2.8249148497324592e-04,
          1.3333976956707324e-04, 8.1514644142956374e-05,
          -4.4087414382798411e-03, -3.0164185201875677e-05,
          4.4186532772336942e-03, 1.3146816912282250e-04,
          8.7877400892061471e-04, 9.2863264687087033e-04,
          -9.1913536386728967e-04, 2.2151142486551433e-04,
          1.5340085326465906e-03, -6.1447007356803017e-06,
          4.5044837737323254e-04, 1.3146816912282239e-04,
          3.6435129498680772e-03 ]
   - !!opencv-matrix
      rows: 9
      cols: 9
      dt: d
      data: [ 5.2937203440880133e-02, 1.0066854711259487e-02,
          4.6948105350369247e-04, 2.7732284965762718e-03,
          1.2747163652801041e-02, -1.7207224060791445e-03,
          1.1846408320428837e-02, -1.9903470410524495e-04,
          -3.0542467744280214e-02, 1.0066854711259487e-02,
          4.7953641236163644e-03, 2.0817724240722408e-04,
          1.0608050599022209e-03, 4.4028553813374926e-03,
          -3.4895737233008030e-05, 1.6267653978638602e-03,
          8.9368805602746569e-05, -7.6704777481256701e-03,
          4.6948105350369269e-04, 2.0817724240722391e-04,
          1.4305871422549320e-02, 2.5017096121421150e-04,
          5.7918643886485980e-04, -1.0887904387217075e-03,
          -2.7561123347694816e-04, -3.7086114378230431e-04,
          -3.4437726398736878e-03, 2.7732284965762718e-03,
          1.0608050599022209e-03, 2.5017096121421139e-04,
          1.5405630236879369e-02, 1.0475395517170537e-03,
          -2.1435847222962350e-03, 5.0684169346565497e-04,
          -7.5362400718128873e-05, -2.1650400449650235e-03,
          1.2747163652801041e-02, 4.4028553813374926e-03,
          5.7918643886485958e-04, 1.0475395517170537e-03,
          1.1199336981872112e-02, -2.7630100504448226e-04,
