%YAML:1.0
---
groups:
   - intact
   - CD19
intactGmmnames:
   - "intact.Bue083.0"
   - "intact.Bue083.1"
   - "intact.Bue083.2"
   - "intact.Bue083.3"
   - "intact.Bue083.4"
intactLabels:
   - FSC-A
   - SSC-A
   - CD20
   - CD10
   - CD45
   - CD34
   - SYTO41
   - CD19
   - CD38
intactMu: !!opencv-matrix
   rows: 5
   cols: 9
   dt: d
   data: [ 1.9435687643730559e+00, 1.3118767181716253e+00,
       1.6329213480247968e+00, 1.1277606651362835e+00,
       2.4057606473661073e+00, 2.3168126848922617e+00,
       2.3950444742189463e+00, 1.3516007861904971e+00,
       2.1434334801375954e+00, 1.3642629469317371e+00,
       6.4166563154119249e-01, 2.1110125001737425e+00,
       9.2924203133811401e-01, 1.7687448296513091e+00,
       3.1149120965409649e+00, 2.6615250029631694e+00,
       1.4848697328830605e+00, 1.7337005703726669e+00,
       1.4065997299095985e+00, 2.9219860310868467e-01,
       1.2693852925689171e+00, 8.1094464679671396e-01,
       3.0670008915145690e+00, 2.2364954690674983e+00,
       2.3374858263433644e+00, 1.0797017099468205e+00,
       2.1135124881704863e+00, 1.0107761016017425e+00,
       3.6900775999346863e-01, 1.1367793375691106e+00,
       8.0155448968895293e-01, 1.4344045346252212e+00,
       2.0766341322188784e+00, 2.4140391545960229e+00,
       1.0567644771117148e+00, 1.2380480916445042e+00,
       2.2632501910562737e+00, 3.0286621467734198e+00,
       1.9492454688176040e+00, 2.3453030203432315e+00,
       2.9437366509020131e+00, 2.6563364915604724e+00,
       2.3567105645950757e+00, 1.5074705899428062e+00,
       2.4913251762458430e+00 ]
intactSigma:
   - !!opencv-matrix
      rows: 9
      cols: 9
      dt: d
      data: [ 3.0364550978391075e-01, 1.5662651684033743e-01,
          -2.7300566437275256e-02, 2.9739783735317632e-02,
          2.2885687377373166e-02, -1.5577612474072325e-03,
          4.0826246099243443e-02, -3.5919998885729958e-03,
          4.5947494114906166e-02, 1.5662651684033740e-01,
          8.9324180241128381e-01, 1.6744281820592036e-01,
          2.5793102380483146e-01, 1.5201350330338198e-01,
          1.4886307034760524e-01, 1.4910188811160898e-02,
          7.9827629109556500e-02, 2.4318953320187670e-01,
          -2.7300566437275263e-02, 1.6744281820592036e-01,
          5.1801519176218891e-01, 8.4706976901520570e-02,
          1.2735910618051272e-01, 3.3834396245045484e-01,
          3.8345656390193217e-02, 2.3953735743491897e-01,
          1.1495988233424825e-01, 2.9739783735317625e-02,
          2.5793102380483146e-01, 8.4706976901520570e-02,
          2.6208689970095145e-01, 1.0132403951193435e-01,
          7.6636295800513121e-02, 1.2491425207385998e-02,
          3.2471119845856725e-02, 8.2990519376265601e-02,
          2.2885687377373166e-02, 1.5201350330338201e-01,
          1.2735910618051274e-01, 1.0132403951193435e-01,
          4.9820569729060826e-01, 6.1192220596523204e-02,
          4.2894777083810280e-02, 7.7469471274428825e-02,
          3.1879808376382301e-01, -1.5577612474072327e-03,
          1.4886307034760524e-01, 3.3834396245045489e-01,
          7.6636295800513121e-02, 6.1192220596523177e-02,
          4.8607830449577466e-01, 6.5413493078300827e-02,
          1.4466533150931030e-01, 1.6717188081832296e-01,
          4.0826246099243443e-02, 1.4910188811160898e-02,
          3.8345656390193224e-02, 1.2491425207385996e-02,
          4.2894777083810273e-02, 6.5413493078300827e-02,
          8.4520907917128643e-02, 1.8557951469727215e-02,
          5.5644238830075764e-02, -3.5919998885729958e-03,
          7.9827629109556500e-02, 2.3953735743491897e-01,
          3.2471119845856725e-02, 7.7469471274428825e-02,
          1.4466533150931030e-01, 1.8557951469727212e-02,
          2.7199164795176550e-01, 5.6899766783568402e-02,
          4.5947494114906166e-02, 2.4318953320187675e-01,
          1.1495988233424828e-01, 8.2990519376265615e-02,
          3.1879808376382301e-01, 1.6717188081832293e-01,
          5.5644238830075764e-02, 5.6899766783568402e-02,
          6.6841536909843602e-01 ]
   - !!opencv-matrix
      rows: 9
      cols: 9
      dt: d
      data: [ 1.8980164180592440e-01, 6.6417034340965936e-02,
          9.4543869337026139e-03, 1.5542074337375655e-02,
          3.5456262605192974e-02, 3.8455072510886007e-02,
          2.8759865022129467e-02, 1.1162975482939281e-02,
          6.0971307461357378e-02, 6.6417034340965936e-02,
          6.7966223374875304e-02, 1.9053181574549244e-02,
          1.2005592148793902e-02, 2.6535282717585627e-02,
          2.6418793320198745e-02, 2.1251148727103496e-02,
          1.6788385546869098e-02, 7.2925746946288977e-02,
          9.4543869337026139e-03, 1.9053181574549244e-02,
          1.4287893749792888e-01, 1.6388778058550810e-02,
          3.4265313221883323e-02, 5.1377963523103407e-02,
          3.0025521880600085e-02, 6.2905452901979866e-02,
          -4.0561556671167544e-02, 1.5542074337375655e-02,
          1.2005592148793896e-02, 1.6388778058550813e-02,
          5.2849302319979058e-02, 1.4530346642232893e-02,
          1.1130155445431767e-02, 7.4563949666961943e-03,
          6.8659670135533179e-03, 5.4077977837099101e-03,
          3.5456262605192967e-02, 2.6535282717585634e-02,
          3.4265313221883323e-02, 1.4530346642232893e-02,
          1.0207906532974635e-01, 1.9985580552009743e-02,
          1.2002155714097610e-02, 1.7155219381158125e-02,
          2.1159137577366992e-02, 3.8455072510886007e-02,
          2.6418793320198745e-02, 5.1377963523103407e-02,
          1.1130155445431765e-02, 1.9985580552009739e-02,
          4.6230499862673954e-02, 1.9771344833994738e-02,
          3.1239705316536758e-02, 1.1644258116569571e-02,
          2.8759865022129467e-02, 2.1251148727103496e-02,
          3.0025521880600082e-02, 7.4563949666961908e-03,
          1.2002155714097610e-02, 1.9771344833994734e-02,
          2.1113144845290380e-02, 2.0988313801929288e-02,
          7.8147246205054945e-03, 1.1162975482939284e-02,
          1.6788385546869091e-02, 6.2905452901979866e-02,
          6.8659670135533179e-03, 1.7155219381158125e-02,
          3.1239705316536758e-02, 2.0988313801929288e-02,
          2.7324828291691622e-01, -7.8226239108816382e-03,
          6.0971307461357378e-02, 7.2925746946288977e-02,
          -4.0561556671167551e-02, 5.4077977837099101e-03,
          2.1159137577366999e-02, 1.1644258116569568e-02,
          7.8147246205054928e-03, -7.8226239108816382e-03,
          1.9747962137050623e-01 ]
   - !!opencv-matrix
      rows: 9
      cols: 9
      dt: d
      data: [ 4.1071680100432294e-02, 1.2645577695830933e-02,
          -4.3253918116123447e-03, 3.6044597763170319e-03,
          3.7936574422451890e-03, -2.7225369117501751e-02,
          9.0656741504363588e-03, -4.2691916585166172e-04,
          9.2500416112089121e-03, 1.2645577695830931e-02,
          1.6985779695819860e-02, -1.4622459897708899e-03,
          2.5458913370510635e-03, 3.0306235695132535e-03,
          -2.0020073623242353e-02, 3.0293661119281628e-03,
          8.9247771229229451e-04, 1.2111379697258501e-02,
          -4.3253918116123447e-03, -1.4622459897708899e-03,
          1.5236076540739288e-01, 1.5977333177319821e-03,
          -6.9040635361361201e-03, 8.2337991994021961e-02,
          2.6096861339149021e-03, 6.7630013257346383e-03,
          -6.8401743696564002e-03, 3.6044597763170319e-03,
          2.5458913370510626e-03, 1.5977333177319825e-03,
          3.2162271371476508e-02, 7.7637580084461181e-04,
          1.0772639447180165e-04, 1.0759513437050838e-03,
          -1.5722559315578372e-03, -6.9735880168049632e-04,
          3.7936574422451899e-03, 3.0306235695132535e-03,
          -6.9040635361361244e-03, 7.7637580084461127e-04,
          2.4143044742151960e-02, -2.5235425955337839e-02,
          -1.7572205635327652e-03, -2.5645608736845171e-03,
