%YAML:1.0
---
groups:
   - intact
   - CD19
   - blast
intactGmmnames:
   - "intact.Bue089.0"
   - "intact.Bue089.1"
   - "intact.Bue089.2"
   - "intact.Bue089.3"
   - "intact.Bue089.4"
intactLabels:
   - FSC-A
   - SSC-A
   - CD20
   - CD10
   - CD45
   - CD34
   - SYTO41
   - CD19
   - CD38
intactMu: !!opencv-matrix
   rows: 5
   cols: 9
   dt: d
   data: [ 7.5219723716474973e-01, 1.9671756723975395e-01,
       9.8399737744323945e-01, 8.6556665010659939e-01,
       1.3737107603850431e+00, 1.1758213181521744e+00,
       2.1985931579076521e+00, 1.0339609907251581e+00,
       1.3279786930901909e+00, 1.3766666636893901e+00,
       2.8378174518379023e-01, 1.1250850634645269e+00,
       8.8586790497021917e-01, 3.2609505739620235e+00,
       1.1471988355488960e+00, 2.1154852456995368e+00,
       1.1013936117502989e+00, 2.0324363631873208e+00,
       1.1793947300192380e+00, 3.0920999737433119e-01,
       9.9313843067356955e-01, 8.8922883479824788e-01,
       1.4360487155089028e+00, 1.1962157286008539e+00,
       2.4247309192375970e+00, 1.0668423622318717e+00,
       1.4061916754568720e+00, 1.8455476865705198e+00,
       1.1075015809059932e+00, 1.1519098258338243e+00,
       1.0954947810137650e+00, 2.1975580555172614e+00,
       1.5420849103927703e+00, 2.4451258791146020e+00,
       1.1557412833428893e+00, 2.3951185749007924e+00,
       1.0609209709015481e+00, 2.0380633919270080e-01,
       9.9873999607198083e-01, 8.8448351557784566e-01,
       3.1685534816033640e+00, 1.1126749573340713e+00,
       2.0275415660037575e+00, 1.0323883468495387e+00,
       1.6339010416816793e+00 ]
intactSigma:
   - !!opencv-matrix
      rows: 9
      cols: 9
      dt: d
      data: [ 1.5239864851534434e-02, 3.7230951573702146e-03,
          -1.2408983901870087e-04, 8.4743726022084567e-04,
          1.3241562799049470e-03, 1.4261738344893964e-03,
          6.7695020118095656e-03, -3.0648546420927324e-04,
          6.6464651295056133e-04, 3.7230951573702146e-03,
          1.9261095694360364e-03, -1.2610076249250309e-04,
          2.7494250940043061e-04, 5.6192285057630683e-04,
          4.5872816446667047e-04, 2.4592794899863761e-03,
          -2.2961940136610348e-05, 3.5439901446219357e-04,
          -1.2408983901870081e-04, -1.2610076249250303e-04,
          1.5960906045126098e-02, 1.0255548951393225e-05,
          -9.2953913335020952e-05, -1.4925947753061039e-03,
          -3.7413595174730168e-04, -4.8459254982165359e-04,
          -8.9684471006233276e-04, 8.4743726022084545e-04,
          2.7494250940043055e-04, 1.0255548951393375e-05,
          1.8604251908179895e-02, 2.4821754452322557e-04,
          -2.7104138431372463e-03, 1.3540777992030904e-04,
          2.4916297789267752e-04, 2.5014502122926835e-04,
          1.3241562799049470e-03, 5.6192285057630683e-04,
          -9.2953913335020992e-05, 2.4821754452322562e-04,
          8.3568918848100516e-03, 1.2540312186489557e-04,
          -1.9266821958291520e-04, 1.9075829968656546e-04,
          1.2057882177452175e-04, 1.4261738344893968e-03,
          4.5872816446667052e-04, -1.4925947753061039e-03,
          -2.7104138431372463e-03, 1.2540312186489557e-04,
          1.9596021865253641e-02, 9.2636019392002738e-04,
          -4.2758253709198257e-03, -1.9413251569818450e-04,
          6.7695020118095656e-03, 2.4592794899863761e-03,
          -3.7413595174730184e-04, 1.3540777992030909e-04,
          -1.9266821958291517e-04, 9.2636019392002781e-04,
          1.1132056161239008e-02, -1.2835352975612365e-04,
          2.6741127706948547e-04, -3.0648546420927302e-04,
          -2.2961940136610372e-05, -4.8459254982165381e-04,
          2.4916297789267752e-04, 1.9075829968656546e-04,
          -4.2758253709198274e-03, -1.2835352975612351e-04,
          8.3002792054848781e-03, -2.3058445130619327e-05,
          6.6464651295056133e-04, 3.5439901446219357e-04,
          -8.9684471006233309e-04, 2.5014502122926819e-04,
          1.2057882177452169e-04, -1.9413251569818442e-04,
          2.6741127706948558e-04, -2.3058445130619364e-05,
          1.7136510469000093e-03 ]
   - !!opencv-matrix
      rows: 9
      cols: 9
      dt: d
      data: [ 1.7125090048654296e-01, 1.7441858570267799e-02,
          -3.8819957618537924e-03, -2.4119631256790418e-04,
          3.6064732530169188e-02, 6.1734699817646540e-03,
          4.2332793572834829e-02, -5.8874432216283745e-03,
          -8.5724024426365158e-03, 1.7441858570267799e-02,
          8.2363300050279087e-03, -2.7314416575038177e-03,
          1.0455936235684926e-05, 6.5338514079484314e-03,
          2.9702928813848573e-03, 6.8270501358730076e-03,
          -1.3434459038359024e-03, 4.4814324516452850e-03,
          -3.8819957618537911e-03, -2.7314416575038177e-03,
          1.0640358250376526e-01, 1.2781983128129374e-03,
          9.4307882147815561e-03, -1.3399717093056057e-03,
          -5.4170565323134840e-03, -9.4970001824110275e-03,
          -5.7574292808488053e-02, -2.4119631256790423e-04,
          1.0455936235685011e-05, 1.2781983128129365e-03,
          1.7009825008642104e-02, -5.8613664469605708e-04,
          -2.1355633461085611e-03, -5.6734739690456168e-04,
          3.8112733393155568e-04, -3.0509355529280192e-03,
          3.6064732530169188e-02, 6.5338514079484314e-03,
          9.4307882147815561e-03, -5.8613664469605697e-04,
          3.2575687497488647e-02, -3.1879038741737001e-06,
          -1.4116828808441036e-03, -7.5118537185270523e-04,
          1.2174496337181425e-02, 6.1734699817646540e-03,
          2.9702928813848577e-03, -1.3399717093056072e-03,
          -2.1355633461085611e-03, -3.1879038741728255e-06,
          2.5035196481340026e-02, 7.4711633236646986e-03,
          -5.5353653312243106e-03, -1.2190419049634359e-03,
          4.2332793572834829e-02, 6.8270501358730076e-03,
          -5.4170565323134814e-03, -5.6734739690456179e-04,
          -1.4116828808441039e-03, 7.4711633236646986e-03,
          4.4014953126505073e-02, -1.7308240120037640e-03,
          -3.2517221618206249e-02, -5.8874432216283745e-03,
          -1.3434459038359021e-03, -9.4970001824110275e-03,
          3.8112733393155568e-04, -7.5118537185270458e-04,
          -5.5353653312243106e-03, -1.7308240120037640e-03,
          2.3915638222300882e-02, -7.6699144342332187e-03,
          -8.5724024426365071e-03, 4.4814324516452867e-03,
          -5.7574292808488067e-02, -3.0509355529280201e-03,
          1.2174496337181427e-02, -1.2190419049634368e-03,
          -3.2517221618206249e-02, -7.6699144342332205e-03,
          5.0187025686213349e-01 ]
   - !!opencv-matrix
      rows: 9
      cols: 9
      dt: d
      data: [ 1.0345654457116664e-01, 2.3048151116765305e-02,
          -2.6007804079183970e-04, 3.5935605274447350e-03,
          1.0162904950052795e-02, 3.6477579630100005e-03,
          3.2454151936757193e-02, -4.0153365793246243e-03,
          5.9974455335813654e-03, 2.3048151116765305e-02,
          1.0031277782583599e-02, 2.1861695390434758e-04,
          1.4492665033700356e-03, 4.7996308471786649e-03,
          2.3988024521096668e-03, 8.0269881562613898e-03,
          -9.9416452951994988e-04, 3.5440817150638008e-03,
          -2.6007804079183981e-04, 2.1861695390434783e-04,
          1.6905758448608869e-02, 6.2290451087950078e-04,
          7.2464376858793588e-04, -5.5388321563384565e-04,
          5.3767535314524443e-04, -7.1225616425914554e-04,
          -7.7082036857201782e-04, 3.5935605274447372e-03,
          1.4492665033700358e-03, 6.2290451087950078e-04,
          2.4357883164514028e-02, 1.0824266632121367e-03,
          -1.8216126136075396e-03, 1.5412966041548051e-03,
          -3.7619433906808123e-04, 4.7158293512668432e-04,
          1.0162904950052794e-02, 4.7996308471786649e-03,
          7.2464376858793545e-04, 1.0824266632121363e-03,
          1.6643600738527092e-02, 9.0183481085733062e-04,
          1.0741805001762076e-03, -4.0643245342526194e-04,
          3.5222526095497995e-03, 3.6477579630100000e-03,
          2.3988024521096668e-03, -5.5388321563384533e-04,
          -1.8216126136075396e-03, 9.0183481085733073e-04,
          2.7115760888141407e-02, 4.3659182788794741e-03,
          -5.6823668121621356e-03, 3.7913591426308658e-04,
          3.2454151936757200e-02, 8.0269881562613898e-03,
          5.3767535314524443e-04, 1.5412966041548056e-03,
          1.0741805001762074e-03, 4.3659182788794758e-03,
          2.8906821634132777e-02, -2.1909331058482945e-03,
          -1.6238280172897507e-03, -4.0153365793246234e-03,
          -9.9416452951994966e-04, -7.1225616425914478e-04,
          -3.7619433906808144e-04, -4.0643245342526188e-04,
          -5.6823668121621356e-03, -2.1909331058482953e-03,
          1.5383290636542148e-02, -2.8433881934112248e-04,
          5.9974455335813654e-03, 3.5440817150638008e-03,
          -7.7082036857201760e-04, 4.7158293512668416e-04,
          3.5222526095497995e-03, 3.7913591426308647e-04,
          -1.6238280172897507e-03, -2.8433881934112243e-04,
          1.1283941622548479e-02 ]
   - !!opencv-matrix
      rows: 9
      cols: 9
      dt: d
      data: [ 3.8826956987407374e-01, 3.2415709089836769e-01,
          1.0612601744887548e-02, 3.2806991625603861e-02,
          1.9044462579677732e-01, 7.9142521136747759e-02,
          4.4041945004465087e-02, 1.2904030316042536e-02,
          1.3303752573994190e-01, 3.2415709089836775e-01,
          6.9545244956339436e-01, 3.4180965250649453e-02,
          7.2449170865367729e-02, 2.5521420686827212e-01,
          8.7918906911029479e-02, 5.5665806936658381e-03,
          1.9351359910247923e-03, 1.3774708818529460e-01,
          1.0612601744887548e-02, 3.4180965250649453e-02,
          1.1114824538075610e-01, 3.4730943652174905e-02,
          2.8720738219034724e-02, 6.3979767212280506e-02,
          8.0977283252099113e-03, 2.5657720399129218e-02,
          -4.1007869707779317e-02, 3.2806991625603875e-02,
          7.2449170865367729e-02, 3.4730943652174905e-02,
          1.1742845051069634e-01, 7.3335411287512656e-02,
          5.4375922744978850e-02, -8.3068513600718912e-03,
          1.4506998241700533e-02, -3.7829105184199234e-02,
          1.9044462579677732e-01, 2.5521420686827212e-01,
          2.8720738219034717e-02, 7.3335411287512656e-02,
          3.1594471298476939e-01, 1.0524377962784942e-01,
          -2.8455431759053872e-02, 3.9768998693826649e-02,
          1.7879404557125972e-01, 7.9142521136747759e-02,
          8.7918906911029493e-02, 6.3979767212280506e-02,
          5.4375922744978850e-02, 1.0524377962784942e-01,
          2.3746746192577398e-01, 5.8838218681389704e-03,
          4.0586004824848809e-02, 3.9040115128480289e-02,
          4.4041945004465080e-02, 5.5665806936658355e-03,
          8.0977283252099113e-03, -8.3068513600718912e-03,
          -2.8455431759053872e-02, 5.8838218681389739e-03,
          5.0423259392454227e-02, -3.3740304317861499e-03,
          -2.3536153765477595e-02, 1.2904030316042535e-02,
          1.9351359910247915e-03, 2.5657720399129218e-02,
          1.4506998241700533e-02, 3.9768998693826656e-02,
          4.0586004824848809e-02, -3.3740304317861503e-03,
          6.1677760715632940e-02, -4.1488951051951581e-04,
          1.3303752573994190e-01, 1.3774708818529460e-01,
          -4.1007869707779317e-02, -3.7829105184199234e-02,
          1.7879404557125972e-01, 3.9040115128480282e-02,
          -2.3536153765477602e-02, -4.1488951051951570e-04,
          4.7091560073261635e-01 ]
   - !!opencv-matrix
      rows: 9
      cols: 9
      dt: d
      data: [ 5.1665976742448050e-02, 1.0457623424059035e-02,
          4.6810872235437977e-04, 2.0221636747082064e-03,
          2.3845035378816447e-02, -9.6215978036089114e-05,
          1.2255042918838032e-02, 3.8634549578604277e-04,
          -1.5019526597038702e-02, 1.0457623424059034e-02,
          3.3141523173611932e-03, 2.5607879574430554e-04,
          5.0339113921201524e-04, 6.3292697161498679e-03,
          8.3150410015869091e-05, 2.3084794730136491e-03,
          2.1178838927956943e-04, -4.0468432388776820e-03,
          4.6810872235437977e-04, 2.5607879574430549e-04,
          1.9764193383839713e-02, 3.5069384548257920e-04,
          1.2224703113405966e-03, -6.6401033942596003e-04,
          -1.2103694983803266e-04, -1.3427630777006091e-04,
          -4.7624313714333798e-03, 2.0221636747082064e-03,
          5.0339113921201524e-04, 3.5069384548257930e-04,
          1.3791158824157580e-02, 1.5626722098219382e-03,
          -1.5337711172585095e-03, 3.2228239339036544e-04,
          8.8353408806232639e-05, -2.4735279014183624e-03,
          2.3845035378816444e-02, 6.3292697161498679e-03,
          1.2224703113405963e-03, 1.5626722098219378e-03,
          2.2164787186512745e-02, 1.9839920084216653e-04,
          4.1429492090480514e-03, 3.4372800211975951e-04,
          -4.4245933673741876e-03, -9.6215978036088830e-05,
          8.3150410015869200e-05, -6.6401033942596003e-04,
          -1.5337711172585095e-03, 1.9839920084216653e-04,
          1.1489310821152739e-02, 1.1939964762602178e-04,
          -2.6593832307615956e-03, -1.6966791846532759e-03,
          1.2255042918838032e-02, 2.3084794730136486e-03,
          -1.2103694983803284e-04, 3.2228239339036527e-04,
          4.1429492090480522e-03, 1.1939964762602190e-04,
          1.1934361494373982e-02, 2.0212221219358567e-04,
          -4.8745727836064989e-03, 3.8634549578604282e-04,
          2.1178838927956954e-04, -1.3427630777006102e-04,
          8.8353408806232666e-05, 3.4372800211975930e-04,
          -2.6593832307615951e-03, 2.0212221219358567e-04,
          6.9403134040534635e-03, -1.7218483338530524e-04,
          -1.5019526597038698e-02, -4.0468432388776811e-03,
          -4.7624313714333781e-03, -2.4735279014183606e-03,
          -4.4245933673741876e-03, -1.6966791846532759e-03,
          -4.8745727836064980e-03, -1.7218483338530524e-04,
          1.4568260414329520e-01 ]
intactC: !!opencv-matrix
   rows: 1
   cols: 5
   dt: d
   data: [ 4.2142938426134879e-01, 3.8201811096346280e-02,
       2.3368124307882576e-01, 5.1867946887881732e-02,
       1.8058092823475977e-01 ]
intactNumEvents: 735896.
intactMaxVals: !!opencv-matrix
   rows: 1
   cols: 9
   dt: d
   data: [ 4.5000000000000000e+00, 4.5000000000000000e+00,
       4.5000000000000000e+00, 4.5000000000000000e+00,
       4.5000000000000000e+00, 4.5000000000000000e+00,
       4.5000000000000000e+00, 4.5000000000000000e+00,
       4.5000000000000000e+00 ]
intactScales: !!opencv-matrix
   rows: 1
   cols: 9
   dt: d
   data: [ 1., 1., 1., 1., 1., 1., 1., 1., 1. ]
CD19Gmmnames:
   - "CD19.Bue089.0"
   - "CD19.Bue089.1"
CD19Labels:
   - FSC-A
   - SSC-A
   - CD20
   - CD10
   - CD45
   - CD34
   - SYTO41
   - CD19
   - CD38
CD19Mu: !!opencv-matrix
   rows: 2
   cols: 9
   dt: d
   data: [ 1.3282546257849970e+00, 2.8796238252695933e-01,
       3.3182297461669541e+00, 1.2012136922194654e+00,
       3.1249919681050398e+00, 1.1458335979795577e+00,
       2.0371585151346703e+00, 3.1282085102000847e+00,
       1.5029925928847456e+00, 1.0445613377234613e+00,
       1.9428256190087587e-01, 3.2587924679409639e+00,
       9.0346335977806524e-01, 3.1175913177268266e+00,
       1.0778871528934559e+00, 1.9157748805393429e+00,
       3.1060833485223514e+00, 1.2999355244881472e+00 ]
CD19Sigma:
   - !!opencv-matrix
      rows: 9
      cols: 9
      dt: d
      data: [ 1.7327068936151566e-01, 3.0216322017986331e-02,
          2.1520306045763157e-02, -3.9999253493538715e-02,
          4.0775631996482334e-02, 1.0347229627047984e-02,
          4.6498696704931168e-02, 3.0514743034837147e-02,
          3.4404957363937450e-02, 3.0216322017986331e-02,
          1.5557454571561864e-02, -7.4820837846714824e-04,
          -1.3950915408090878e-02, 1.0390727305251011e-02,
          9.0969175696279502e-03, 1.4170004118862180e-02,
          7.4961215438323747e-03, 1.9855983570057183e-02,
          2.1520306045763157e-02, -7.4820837846714824e-04,
          2.2105849860085280e-01, 9.8160233432043487e-03,
          3.7536531137158956e-02, -1.0680860008118572e-02,
          -2.3452879532820114e-02, 6.8381606520111590e-02,
          -1.3555293659596518e-01, -3.9999253493538729e-02,
          -1.3950915408090878e-02, 9.8160233432043453e-03,
          1.8496481910551030e-01, -5.2398506960935377e-03,
          -1.0256619450570654e-02, -2.0382004969413593e-02,
          -1.2098465995788588e-02, 3.2013070067001388e-04,
          4.0775631996482334e-02, 1.0390727305251011e-02,
          3.7536531137158949e-02, -5.2398506960935386e-03,
          6.0633749019096066e-02, -3.3980049094479354e-03,
          -7.1426514642681160e-04, 2.9727316656791476e-02,
          -1.3374360490897946e-02, 1.0347229627047989e-02,
          9.0969175696279537e-03, -1.0680860008118569e-02,
          -1.0256619450570654e-02, -3.3980049094479337e-03,
          1.6634575542108679e-01, 2.1406791278859527e-02,
          -1.3164037983486015e-02, 3.1403691523266275e-02,
          4.6498696704931168e-02, 1.4170004118862180e-02,
          -2.3452879532820114e-02, -2.0382004969413597e-02,
          -7.1426514642681149e-04, 2.1406791278859527e-02,
          7.0616809529552682e-02, -7.3505114029741398e-03,
          3.1209694782950336e-02, 3.0514743034837141e-02,
          7.4961215438323747e-03, 6.8381606520111590e-02,
          -1.2098465995788590e-02, 2.9727316656791476e-02,
          -1.3164037983486011e-02, -7.3505114029741398e-03,
          6.4361731011672918e-02, -2.9380647842009906e-02,
          3.4404957363937450e-02, 1.9855983570057176e-02,
          -1.3555293659596518e-01, 3.2013070067001047e-04,
          -1.3374360490897946e-02, 3.1403691523266275e-02,
          3.1209694782950336e-02, -2.9380647842009906e-02,
          3.2900636724353505e-01 ]
   - !!opencv-matrix
      rows: 9
      cols: 9
      dt: d
      data: [ 3.3617153893176571e-02, 6.4890188302461774e-03,
          1.4764520922567553e-02, 1.7862576232580087e-03,
          1.5657158507113494e-02, -5.2667680838325404e-05,
          6.9861436960879245e-03, 1.2405898875369102e-02,
          -3.9425066058045690e-03, 6.4890188302461783e-03,
          2.3089397521393875e-03, 4.5619299051436780e-03,
          5.4960214146888094e-04, 3.8423946603170366e-03,
          2.6995344416804780e-04, 6.5250229013398423e-04,
          3.2582869862265149e-03, -1.1510531834392837e-03,
          1.4764520922567553e-02, 4.5619299051436780e-03,
          3.6071945545030328e-02, 2.3679638514807282e-03,
          1.1463314860254882e-02, -5.5815904636792200e-04,
          -1.9673240617422536e-03, 1.8228022139643005e-02,
          -7.9355687636522617e-03, 1.7862576232580091e-03,
          5.4960214146888094e-04, 2.3679638514807273e-03,
          1.9688907701919493e-02, 9.5990962652839622e-04,
          -1.5514651778376514e-03, 1.9677156026935775e-05,
          1.5085743249569828e-04, 5.7631056126568000e-04,
          1.5657158507113494e-02, 3.8423946603170366e-03,
          1.1463314860254880e-02, 9.5990962652839666e-04,
          1.9273257922467826e-02, -1.4250175467738518e-04,
          8.5105837213646126e-05, 1.2009487105423310e-02,
          -1.5967836989403117e-03, -5.2667680838325349e-05,
          2.6995344416804780e-04, -5.5815904636792276e-04,
          -1.5514651778376516e-03, -1.4250175467738510e-04,
          5.5356504484991007e-02, 5.1127895184866423e-04,
          -5.6392965031538522e-03, -3.5091902551798789e-04,
          6.9861436960879245e-03, 6.5250229013398423e-04,
          -1.9673240617422544e-03, 1.9677156026935717e-05,
          8.5105837213646126e-05, 5.1127895184866379e-04,
          1.4750731083482417e-02, -4.2068605505850708e-06,
          7.1586025744422343e-05, 1.2405898875369102e-02,
          3.2582869862265149e-03, 1.8228022139643005e-02,
          1.5085743249569823e-04, 1.2009487105423310e-02,
          -5.6392965031538522e-03, -4.2068605505850894e-06,
          3.2486099752996857e-02, -2.2762055751990471e-03,
          -3.9425066058045690e-03, -1.1510531834392837e-03,
          -7.9355687636522634e-03, 5.7631056126567989e-04,
          -1.5967836989403122e-03, -3.5091902551798794e-04,
          7.1586025744422397e-05, -2.2762055751990467e-03,
          3.7895991864977580e-02 ]
CD19C: !!opencv-matrix
   rows: 1
   cols: 2
   dt: d
   data: [ 9.3472750361455591e-03, 6.4813415055424595e-02 ]
CD19NumEvents: 58951.
CD19MaxVals: !!opencv-matrix
   rows: 1
   cols: 9
   dt: d
   data: [ 4.5000000000000000e+00, 4.5000000000000000e+00,
       4.5000000000000000e+00, 4.5000000000000000e+00,
       4.5000000000000000e+00, 4.5000000000000000e+00,
       4.5000000000000000e+00, 4.5000000000000000e+00,
       4.5000000000000000e+00 ]
CD19Scales: !!opencv-matrix
   rows: 1
   cols: 9
   dt: d
   data: [ 1., 1., 1., 1., 1., 1., 1., 1., 1. ]
blastGmmnames:
   - "blast.Bue089.0"
blastLabels:
   - FSC-A
   - SSC-A
   - CD20
   - CD10
   - CD45
   - CD34
   - SYTO41
   - CD19
   - CD38
blastMu: !!opencv-matrix
   rows: 1
   cols: 9
   dt: d
   data: [ 1.3061835833134190e+00, 3.2900195797124215e-01,
       3.0456478057369107e+00, 2.9132511884935441e+00,
       1.7300190983280059e+00, 1.2838492263709345e+00,
       2.1669169779746764e+00, 3.1849090476189890e+00,
       1.9612016889356798e+00 ]
blastSigma:
   - !!opencv-matrix
      rows: 9
      cols: 9
      dt: d
      data: [ 6.6976078909766493e-02, 1.9364672786337498e-02,
          2.0590320267235295e-02, 6.1061088134824028e-03,
          2.3770908771386295e-02, -1.2433478981562884e-02,
          2.1487702993266470e-02, -3.2911384803461902e-03,
          1.4310780947938015e-02, 1.9364672786337498e-02,
          8.8363679644768798e-03, 5.3252671490718146e-03,
          2.6657727693870175e-03, 9.7664566432886686e-03,
          1.5806081114972271e-03, 7.0204430845156483e-03,
          -1.5013013453676492e-03, 5.2346374332588857e-03,
          2.0590320267235295e-02, 5.3252671490718146e-03,
          8.6600128839727689e-02, 1.1840864506840361e-02,
          4.9060242350093966e-03, -8.0289326319861049e-03,
          -7.9837407874450827e-03, -1.1629219388074083e-02,
          2.6874152797620038e-02, 6.1061088134824028e-03,
          2.6657727693870175e-03, 1.1840864506840361e-02,
          8.8916330151562459e-02, -3.4521696840372491e-02,
          -1.1837313434118785e-02, -5.7886024302670636e-03,
          1.7647004967893419e-02, 1.3812485956688169e-02,
          2.3770908771386295e-02, 9.7664566432886686e-03,
          4.9060242350093966e-03, -3.4521696840372491e-02,
          1.2007001678570149e-01, 2.4420453550159228e-03,
          4.8819496087732419e-03, -6.4958733500682870e-03,
          3.6308146555082042e-02, -1.2433478981562884e-02,
          1.5806081114972271e-03, -8.0289326319861049e-03,
          -1.1837313434118785e-02, 2.4420453550159228e-03,
          1.7305014334264579e-01, 5.0449488512713638e-03,
          5.8982420163925181e-04, -1.3546263246760785e-02,
          2.1487702993266470e-02, 7.0204430845156483e-03,
          -7.9837407874450827e-03, -5.7886024302670636e-03,
          4.8819496087732419e-03, 5.0449488512713638e-03,
          2.0071085651583314e-02, -3.6820700404801964e-03,
          -5.9258593651178347e-03, -3.2911384803461902e-03,
          -1.5013013453676492e-03, -1.1629219388074083e-02,
          1.7647004967893419e-02, -6.4958733500682870e-03,
          5.8982420163925181e-04, -3.6820700404801964e-03,
          8.3992996219272836e-02, -2.4404161308395744e-02,
          1.4310780947938015e-02, 5.2346374332588857e-03,
          2.6874152797620038e-02, 1.3812485956688169e-02,
          3.6308146555082042e-02, -1.3546263246760785e-02,
          -5.9258593651178347e-03, -2.4404161308395744e-02,
          1.4432472026065044e-01 ]
blastC: !!opencv-matrix
   rows: 1
   cols: 1
   dt: d
   data: [ 7.7996349267652225e-05 ]
blastNumEvents: 62.
blastMaxVals: !!opencv-matrix
   rows: 1
   cols: 9
   dt: d
   data: [ 4.5000000000000000e+00, 4.5000000000000000e+00,
       4.5000000000000000e+00, 4.5000000000000000e+00,
       4.5000000000000000e+00, 4.5000000000000000e+00,
       4.5000000000000000e+00, 4.5000000000000000e+00,
       4.5000000000000000e+00 ]
blastScales: !!opencv-matrix
   rows: 1
   cols: 9
   dt: d
   data: [ 1., 1., 1., 1., 1., 1., 1., 1., 1. ]
