%YAML:1.0
---
groups:
   - intact
   - CD19
   - blast
intactGmmnames:
   - "intact.Bue077.0"
   - "intact.Bue077.1"
   - "intact.Bue077.2"
   - "intact.Bue077.3"
   - "intact.Bue077.4"
intactLabels:
   - FSC-A
   - SSC-A
   - CD20
   - CD10
   - CD45
   - CD34
   - SYTO41
   - CD19
   - CD38
intactMu: !!opencv-matrix
   rows: 5
   cols: 9
   dt: d
   data: [ 8.1474520672524919e-01, 2.9301081901257064e-01,
       1.0041450603587094e+00, 7.5449909526692971e-01,
       1.4957004178843945e+00, 1.4494792491468931e+00,
       2.7795020647302064e+00, 8.7006911980861090e-01,
       1.1814603148928118e+00, 2.0582534295938708e+00,
       2.2184096558386810e+00, 1.3328696251516916e+00,
       1.1236817530785506e+00, 3.0027411020504728e+00,
       1.7833155550396751e+00, 2.8824356334745400e+00,
       1.1047661073358737e+00, 2.9329171602853683e+00,
       1.1270399986269422e+00, 2.7619209526629113e-01,
       1.0701727261785863e+00, 8.0865243559634248e-01,
       3.5528633431359209e+00, 1.2129763629872810e+00,
       2.6501414436060546e+00, 9.0714114043626048e-01,
       2.3704968193388303e+00, 1.7120163307555609e+00,
       6.6111508685924358e-01, 1.2452494024991871e+00,
       9.3081002214960851e-01, 3.4412963121402864e+00,
       1.4717288509351880e+00, 2.6409146543073962e+00,
       1.1074310542774168e+00, 2.9249975390146954e+00,
       1.3893622917925974e+00, 7.6860582874024885e-01,
       1.1250714342166361e+00, 8.6291620276741643e-01,
       1.9436054535073917e+00, 1.6776098829748634e+00,
       2.7382093035934081e+00, 9.5314979142287304e-01,
       1.8052501650684645e+00 ]
intactSigma:
   - !!opencv-matrix
      rows: 9
      cols: 9
      dt: d
      data: [ 7.0723161028274112e-02, 2.0704541262633120e-02,
          5.1713332353650375e-03, 3.5002207472594055e-03,
          3.3593883405295497e-02, 1.1271261996502640e-02,
          2.7775196825009413e-02, 1.5694383462386454e-03,
          1.2913944626632487e-02, 2.0704541262633120e-02,
          1.1379967420278324e-02, 2.5849738227992974e-03,
          2.3569719137567940e-03, 1.5509827551815349e-02,
          1.0421079713899389e-02, 1.0015009053425002e-02,
          3.8918994865577337e-04, 7.8478847264201821e-03,
          5.1713332353650375e-03, 2.5849738227992970e-03,
          5.1201892800323029e-02, -8.7429862271740197e-04,
          4.5934643905406920e-03, 5.5473629069856586e-03,
          2.9752697678497781e-03, -1.8114541248355689e-03,
          -8.0038977774183099e-04, 3.5002207472594046e-03,
          2.3569719137567940e-03, -8.7429862271740176e-04,
          4.2517387167436700e-02, 5.0327348651603198e-03,
          -3.3795839196333680e-03, 1.7130061110044101e-03,
          6.6366933741299607e-04, 1.9417619065921041e-03,
          3.3593883405295497e-02, 1.5509827551815349e-02,
          4.5934643905406920e-03, 5.0327348651603163e-03,
          8.4800836591372622e-02, 1.4488682174001146e-02,
          1.2607512775813647e-02, 2.0998153014156916e-03,
          1.1614584836493908e-02, 1.1271261996502639e-02,
          1.0421079713899389e-02, 5.5473629069856586e-03,
          -3.3795839196333688e-03, 1.4488682174001148e-02,
          8.8993919277753006e-02, 1.0775196436169488e-02,
          -1.7484398663382347e-02, 1.5758079386549970e-02,
          2.7775196825009417e-02, 1.0015009053425004e-02,
          2.9752697678497773e-03, 1.7130061110044096e-03,
          1.2607512775813647e-02, 1.0775196436169488e-02,
          2.1614069243387459e-02, -5.5992693305611900e-04,
          5.6119520930781961e-03, 1.5694383462386443e-03,
          3.8918994865577320e-04, -1.8114541248355689e-03,
          6.6366933741299672e-04, 2.0998153014156907e-03,
          -1.7484398663382347e-02, -5.5992693305611922e-04,
          5.1562476505008885e-02, 6.2974226965124261e-04,
          1.2913944626632487e-02, 7.8478847264201821e-03,
          -8.0038977774183121e-04, 1.9417619065921045e-03,
          1.1614584836493908e-02, 1.5758079386549970e-02,
          5.6119520930781961e-03, 6.2974226965124239e-04,
          3.6117069127479563e-02 ]
   - !!opencv-matrix
      rows: 9
      cols: 9
      dt: d
      data: [ 1.4424759723823105e-01, 1.6117586697182595e-01,
          1.0143589589207202e-02, 1.7598121534643966e-02,
          1.6445460211042956e-02, 1.7851603835553290e-02,
          3.2976885361097628e-02, 1.0838029782850494e-02,
          3.5772989306767151e-02, 1.6117586697182595e-01,
          3.3616778328434083e-01, 4.6108144089949217e-03,
          3.4271027953618159e-02, 3.2596689856367191e-02,
          6.9693009530276077e-03, 4.3119815636548341e-02,
          1.3051148769650901e-02, 5.7164073905487438e-02,
          1.0143589589207202e-02, 4.6108144089949217e-03,
          1.7352733872862197e-01, 4.8540937322513876e-02,
          2.6250432188195547e-02, 6.8797112611253680e-02,
          -1.0760681954219985e-02, 3.9893962019686161e-02,
          -2.5160991609108202e-02, 1.7598121534643966e-02,
          3.4271027953618166e-02, 4.8540937322513876e-02,
          1.2678255808935018e-01, 3.3321522041842536e-02,
          4.3328542485561373e-02, -7.3301757845477388e-03,
          5.0700558273346623e-02, -8.2967629411437819e-03,
          1.6445460211042959e-02, 3.2596689856367191e-02,
          2.6250432188195547e-02, 3.3321522041842536e-02,
          3.3565212271872945e-02, 2.7490466300765744e-02,
          -7.3321073261498086e-03, 2.5251959913549549e-02,
          -1.4045686475377605e-02, 1.7851603835553290e-02,
          6.9693009530276111e-03, 6.8797112611253694e-02,
          4.3328542485561373e-02, 2.7490466300765744e-02,
          1.3042764931893550e-01, -1.0664978303332628e-02,
          2.5258390045087890e-02, -3.2677755843294860e-02,
          3.2976885361097628e-02, 4.3119815636548348e-02,
          -1.0760681954219985e-02, -7.3301757845477405e-03,
          -7.3321073261498086e-03, -1.0664978303332627e-02,
          2.0223504722003748e-02, -6.2943525975187077e-03,
          2.5851405578659111e-02, 1.0838029782850497e-02,
          1.3051148769650901e-02, 3.9893962019686167e-02,
          5.0700558273346616e-02, 2.5251959913549553e-02,
          2.5258390045087897e-02, -6.2943525975187060e-03,
          1.5751769236770177e-01, -7.3601648382111426e-03,
          3.5772989306767151e-02, 5.7164073905487424e-02,
          -2.5160991609108202e-02, -8.2967629411437819e-03,
          -1.4045686475377605e-02, -3.2677755843294853e-02,
          2.5851405578659118e-02, -7.3601648382111426e-03,
          8.8656172644423423e-02 ]
   - !!opencv-matrix
      rows: 9
      cols: 9
      dt: d
      data: [ 7.3220362235185882e-02, 1.3868412622042614e-02,
          -5.6730735934047679e-03, 3.6863456626983443e-03,
          2.7911094554797643e-02, -6.1928010356914066e-02,
          9.1992069971949184e-03, 1.3397742780829995e-03,
          4.7900677591178303e-02, 1.3868412622042614e-02,
          7.1094341367988071e-03, -2.0217895271627713e-03,
          1.7564181569306460e-03, 1.0183355025782503e-02,
          -1.5140530664855420e-02, 1.9989788287114018e-03,
          1.0839135766881811e-03, 1.5586777966907162e-02,
          -5.6730735934047670e-03, -2.0217895271627713e-03,
          1.2169777108411133e-01, -1.3933256855399655e-03,
          -4.3370418303154959e-03, 1.2449556590978525e-02,
          5.3294836511581746e-04, 1.3849905944287606e-03,
          -1.5168088124726156e-02, 3.6863456626983443e-03,
          1.7564181569306460e-03, -1.3933256855399661e-03,
          3.0862931131870650e-02, 4.8074335504669531e-03,
          -7.9259000565274039e-03, 6.8066358757254651e-06,
          4.3006461475492109e-04, -1.1700358756897504e-02,
          2.7911094554797643e-02, 1.0183355025782503e-02,
          -4.3370418303154950e-03, 4.8074335504669531e-03,
          2.9198518995142961e-02, -2.6445415908264266e-02,
