%YAML:1.0
---
groups:
   - intact
   - CD19
   - blast
intactGmmnames:
   - "intact.Bue071.0"
   - "intact.Bue071.1"
   - "intact.Bue071.2"
   - "intact.Bue071.3"
   - "intact.Bue071.4"
intactLabels:
   - FSC-A
   - SSC-A
   - CD20
   - CD10
   - CD45
   - CD34
   - SYTO41
   - CD19
   - CD38
intactMu: !!opencv-matrix
   rows: 5
   cols: 9
   dt: d
   data: [ 1.4051183396026763e+00, 3.1478396730263636e-01,
       9.7191041129131250e-01, 8.1490063853096217e-01,
       1.5885460344405387e+00, 1.3226362565349574e+00,
       2.7837746447671887e+00, 1.1145769699273398e+00,
       1.4881466480472989e+00, 1.9564788357298315e+00,
       5.4394698212811998e-01, 9.6279070645869402e-01,
       8.3782958408599306e-01, 2.8392219188342542e+00,
       1.2621615514151652e+00, 2.7739774409043458e+00,
       1.1473298242886807e+00, 3.1669375060879101e+00,
       2.4667298221065241e+00, 2.0435286638693824e+00,
       1.4814606734963007e+00, 1.8455956460257175e+00,
       2.6638028675525525e+00, 1.8617956545820558e+00,
       2.5813842159804081e+00, 1.1911687101111952e+00,
       2.0511087892263817e+00, 1.4215756339639614e+00,
       2.6145346509541773e-01, 9.6150003806606132e-01,
       8.0611067853356455e-01, 3.1001549298121831e+00,
       1.1609781918008735e+00, 2.5962072964827589e+00,
       1.1084258772312194e+00, 2.5483786621659927e+00,
       2.2217616014938968e+00, 1.0654756119960833e+00,
       1.3013817060289767e+00, 1.1049327341596991e+00,
       2.2731369657113709e+00, 1.9291550051581998e+00,
       2.9029943914651062e+00, 1.1817373486678899e+00,
       2.4534067230308385e+00 ]
intactSigma:
   - !!opencv-matrix
      rows: 9
      cols: 9
      dt: d
      data: [ 1.2156339647820867e-01, 2.3713993251622351e-02,
          6.2054452061880844e-03, 2.2785540507249502e-03,
          2.2536190863866230e-02, 2.0814437583115269e-02,
          4.2289040779569242e-02, -5.9217151838260079e-04,
          2.5272285099059381e-02, 2.3713993251622354e-02,
          1.1112023394088618e-02, 1.8317690067067376e-03,
          9.8090828526871485e-04, 7.5783960765229983e-03,
          8.0572158910107231e-03, 9.9172538592353730e-03,
          -9.0427391490834874e-05, 1.0207101431692156e-02,
          6.2054452061880844e-03, 1.8317690067067376e-03,
          5.8617125736103261e-02, 1.1757217845054164e-03,
          1.0395817393353476e-03, 3.5380011389530772e-03,
          2.6914878978362856e-03, -7.0828955134830552e-04,
          -6.3743544923223816e-05, 2.2785540507249502e-03,
          9.8090828526871485e-04, 1.1757217845054170e-03,
          2.7763532370659892e-02, 9.8091181063748021e-04,
          -2.3625821210562985e-03, 5.3495377116612414e-04,
          5.8648648607027257e-04, 8.6630251338403732e-04,
          2.2536190863866230e-02, 7.5783960765229974e-03,
          1.0395817393353483e-03, 9.8091181063748021e-04,
          2.9216766534114681e-02, 5.3220997993829672e-03,
          7.9001547865888023e-03, -1.2930550861310467e-04,
          7.6314910755749584e-03, 2.0814437583115269e-02,
          8.0572158910107231e-03, 3.5380011389530772e-03,
          -2.3625821210562985e-03, 5.3220997993829689e-03,
          5.4504781077238572e-02, 9.7223198198152505e-03,
          -4.9209743567412778e-03, 1.2074794896569660e-02,
          4.2289040779569242e-02, 9.9172538592353730e-03,
          2.6914878978362856e-03, 5.3495377116612446e-04,
          7.9001547865888040e-03, 9.7223198198152505e-03,
          2.9145197695941389e-02, 5.6454820845550178e-04,
          9.0410380712748657e-03, -5.9217151838260047e-04,
          -9.0427391490834874e-05, -7.0828955134830584e-04,
          5.8648648607027246e-04, -1.2930550861310459e-04,
          -4.9209743567412761e-03, 5.6454820845550167e-04,
          7.9906028588188453e-03, -1.1117151553787752e-05,
          2.5272285099059370e-02, 1.0207101431692156e-02,
          -6.3743544923223165e-05, 8.6630251338403732e-04,
          7.6314910755749593e-03, 1.2074794896569660e-02,
          9.0410380712748657e-03, -1.1117151553787402e-05,
          2.6465433777835435e-02 ]
   - !!opencv-matrix
      rows: 9
      cols: 9
      dt: d
      data: [ 2.5837946049360749e-01, 9.0869399361926145e-02,
          2.2774516841995697e-02, 4.6121259524248611e-03,
          -2.6816793692718891e-02, 3.0023690467332959e-02,
          7.9066828474139664e-02, -1.1607647439828308e-02,
          5.6738056711486878e-02, 9.0869399361926145e-02,
          6.0188287520778212e-02, 1.1062667120246781e-02,
          2.0553457009172796e-03, -2.1064031259503402e-02,
          1.4813739335255963e-02, 2.7171636498365320e-02,
          -5.6678125402495972e-03, 2.0639073326310296e-02,
          2.2774516841995697e-02, 1.1062667120246786e-02,
          2.0695039635655924e-01, 8.6091966641403824e-04,
          -2.6340311289705962e-02, 8.4184218100683168e-03,
          1.0061757298318770e-02, -2.4440045864002383e-03,
          1.0609699454537298e-03, 4.6121259524248594e-03,
          2.0553457009172787e-03, 8.6091966641403770e-04,
          2.2642030060674005e-02, -2.7807400194428062e-03,
          -1.2044229900862915e-03, 1.3991360936146653e-03,
          -3.7381406467772399e-04, -1.6766848200073605e-03,
          -2.6816793692718891e-02, -2.1064031259503402e-02,
          -2.6340311289705962e-02, -2.7807400194428062e-03,
          1.6892419339118439e-01, -3.2397017138065164e-02,
          -1.2889382746422958e-02, 8.7102746033420712e-03,
          -2.7073322396650591e-02, 3.0023690467332949e-02,
          1.4813739335255963e-02, 8.4184218100683168e-03,
          -1.2044229900862904e-03, -3.2397017138065164e-02,
          6.9466098066814017e-02, 1.2270008684279658e-02,
          -9.6831222385236216e-03, -1.7290757259190912e-02,
          7.9066828474139664e-02, 2.7171636498365317e-02,
          1.0061757298318775e-02, 1.3991360936146658e-03,
          -1.2889382746422958e-02, 1.2270008684279656e-02,
          4.0963440106457104e-02, -4.3718118775935245e-03,
          1.0742579199716820e-02, -1.1607647439828306e-02,
          -5.6678125402495972e-03, -2.4440045864002383e-03,
          -3.7381406467772404e-04, 8.7102746033420712e-03,
          -9.6831222385236199e-03, -4.3718118775935254e-03,
          1.2862156831031330e-02, -2.5839185432683749e-03,
          5.6738056711486878e-02, 2.0639073326310296e-02,
          1.0609699454537293e-03, -1.6766848200073605e-03,
          -2.7073322396650588e-02, -1.7290757259190919e-02,
          1.0742579199716818e-02, -2.5839185432683749e-03,
          1.6928151367801314e-01 ]
   - !!opencv-matrix
      rows: 9
      cols: 9
      dt: d
      data: [ 9.2823805246564417e-02, 1.2932993100665766e-01,
          4.8284268925575649e-02, 8.5120108310595775e-03,
          1.5619258943454834e-02, 4.5128468288708111e-02,
          7.6382157221793383e-03, 8.6267813611514317e-03,
          2.7094623489122921e-02, 1.2932993100665766e-01,
          3.1026635075703091e-01, 7.1404055418430840e-02,
          8.9556473092675407e-02, 5.7321221214334188e-02,
          6.8933386677912448e-02, 4.6209527978785300e-03,
          1.3717424340691555e-02, 4.3326053703088216e-02,
          4.8284268925575649e-02, 7.1404055418430840e-02,
          1.0866092966005933e-01, 1.1927485803431231e-02,
          1.2695327917006994e-02, 4.3301926797380326e-02,
          2.7041999539472246e-03, 6.6451027500389944e-03,
          8.3273168368150144e-03, 8.5120108310595775e-03,
          8.9556473092675407e-02, 1.1927485803431235e-02,
          1.5479285424813599e-01, 4.7367946830174347e-02,
          1.1429962527282929e-02, -5.7694131795442442e-03,
          4.8421673022214316e-03, -1.4148936687930118e-04,
          1.5619258943454834e-02, 5.7321221214334188e-02,
          1.2695327917006996e-02, 4.7367946830174340e-02,
          3.5002146121474703e-02, 1.1622423028844883e-02,
