%YAML:1.0
---
groups:
   - intact
   - CD19
   - blast
intactGmmnames:
   - "intact.Bue054.0"
   - "intact.Bue054.1"
   - "intact.Bue054.2"
   - "intact.Bue054.3"
   - "intact.Bue054.4"
intactLabels:
   - FSC-A
   - SSC-A
   - CD20
   - CD10
   - CD45
   - CD34
   - SYTO41
   - CD19
   - CD38
intactMu: !!opencv-matrix
   rows: 5
   cols: 9
   dt: d
   data: [ 1.3229359181984670e+00, 3.4045878626786652e-01,
       9.4353848252017558e-01, 8.1336980117862223e-01,
       3.3432679995091550e+00, 1.0682245722986290e+00,
       2.3723984639010762e+00, 8.1183841427561110e-01,
       3.1816942216864117e+00, 2.0755342355492390e+00,
       2.3878520708643496e+00, 1.2590416914357212e+00,
       1.8392461749958506e+00, 3.0266647941428366e+00,
       1.8351946922235054e+00, 2.6710719760838151e+00,
       9.6988704035742668e-01, 2.0050078319845306e+00,
       1.1618898871552914e+00, 3.3986753512407264e-01,
       9.7488821008202031e-01, 8.3823649439662384e-01,
       1.7217841033906822e+00, 1.3486239391826427e+00,
       2.6520142358159733e+00, 7.9514603720198962e-01,
       1.1946766922905492e+00, 1.9656733974095839e+00,
       1.1243099580164089e+00, 1.2425730788895084e+00,
       1.0172349389630240e+00, 2.6301836347986747e+00,
       1.7927761296389293e+00, 2.7687110088737494e+00,
       1.0127718059931694e+00, 2.2507491570045390e+00,
       1.1681926982444000e+00, 2.3407232543977136e-01,
       9.8281723952161859e-01, 8.1133686319666642e-01,
       3.3017634755603829e+00, 1.1296919229244720e+00,
       2.4062507910522686e+00, 7.7844002719156402e-01,
       1.6387420844165723e+00 ]
intactSigma:
   - !!opencv-matrix
      rows: 9
      cols: 9
      dt: d
      data: [ 1.1319992087237466e-02, 2.6759361972317403e-03,
          5.0720183546134495e-04, 2.6909778559536425e-04,
          3.9407946760383443e-03, 1.0943466633014521e-03,
          4.3450992284831524e-03, 9.4244536263345330e-04,
          5.6282813721522489e-03, 2.6759361972317403e-03,
          3.1608702907354128e-03, -3.0680965652476008e-04,
          9.6032806874238178e-05, 7.1940465830956971e-04,
          -7.9583536788685509e-05, 1.5441953946043316e-03,
          6.0437698517529974e-04, 5.4937182812874776e-03,
          5.0720183546134560e-04, -3.0680965652476035e-04,
          1.7993381598149372e-01, 1.2650186828518403e-03,
          5.8992020839547469e-03, -5.7077623726760124e-03,
          -4.3839860375095331e-03, -3.4005072067784799e-03,
          -7.5854284732759540e-03, 2.6909778559536441e-04,
          9.6032806874238219e-05, 1.2650186828518410e-03,
          1.9105755362533824e-02, 8.0635817887185013e-04,
          -3.5927843888989906e-03, -8.7489150532517974e-04,
          5.7353742532499793e-04, 1.0377002030182915e-03,
          3.9407946760383443e-03, 7.1940465830956982e-04,
          5.8992020839547495e-03, 8.0635817887184981e-04,
          3.2106827612189623e-02, 4.7414393080948544e-03,
          -7.0293417503181372e-03, -1.2640518890705593e-03,
          1.9204741423652213e-03, 1.0943466633014521e-03,
          -7.9583536788685591e-05, -5.7077623726760089e-03,
          -3.5927843888989906e-03, 4.7414393080948527e-03,
          8.1873218009701584e-02, -1.6554693018469835e-03,
          -2.6536979611198119e-02, -2.1877010194496990e-03,
          4.3450992284831524e-03, 1.5441953946043316e-03,
          -4.3839860375095331e-03, -8.7489150532517974e-04,
          -7.0293417503181372e-03, -1.6554693018469826e-03,
          2.6233872348114879e-02, -3.6416851152842075e-04,
          -4.0360545471065674e-03, 9.4244536263345276e-04,
          6.0437698517529963e-04, -3.4005072067784812e-03,
          5.7353742532499782e-04, -1.2640518890705593e-03,
          -2.6536979611198126e-02, -3.6416851152842091e-04,
          5.6292461923698828e-02, 4.3611399278311799e-03,
          5.6282813721522506e-03, 5.4937182812874784e-03,
          -7.5854284732759522e-03, 1.0377002030182918e-03,
          1.9204741423652213e-03, -2.1877010194496990e-03,
          -4.0360545471065691e-03, 4.3611399278311799e-03,
          6.0562433011169037e-02 ]
   - !!opencv-matrix
      rows: 9
      cols: 9
      dt: d
      data: [ 4.7155537710673538e-02, 8.6451341382077787e-02,
          1.6683953578217434e-02, 3.7271678895061262e-04,
          -6.4278850836239898e-04, 2.7823301408103102e-02,
          1.0011368199928360e-02, 6.0276278002260233e-03,
          2.1653678415134894e-02, 8.6451341382077787e-02,
          2.9685417021649912e-01, 2.5286681772990618e-02,
          -5.5093665525171257e-03, -7.6393814054197913e-03,
          5.2138823482554386e-02, 3.1340798125261929e-02,
          -1.2742836495447999e-03, 5.2963460430310839e-02,
          1.6683953578217434e-02, 2.5286681772990621e-02,
          8.8183063044274840e-02, 1.2952112090191835e-02,
          8.9150020956905076e-03, 2.6828883455881372e-02,
          3.5352531250567830e-03, 7.2703719173848333e-03,
          3.7379779258291481e-03, 3.7271678895061294e-04,
          -5.5093665525171257e-03, 1.2952112090191835e-02,
          1.5681732831280523e-01, 4.3259062196772474e-02,
          4.8037185515526866e-03, -6.8116156691842341e-03,
          2.1728673975940627e-02, -1.0737396538434488e-02,
          -6.4278850836239877e-04, -7.6393814054197887e-03,
          8.9150020956905076e-03, 4.3259062196772474e-02,
          3.0730443768357273e-02, 8.4906207718932567e-03,
          -3.6088856499691220e-03, 1.2704270038274979e-02,
          -3.9199344090854295e-03, 2.7823301408103102e-02,
          5.2138823482554393e-02, 2.6828883455881372e-02,
          4.8037185515526848e-03, 8.4906207718932567e-03,
          1.1846351948561537e-01, 7.3766251520357090e-03,
          -1.6187197735284119e-02, 1.0433233440665279e-02,
          1.0011368199928360e-02, 3.1340798125261929e-02,
          3.5352531250567830e-03, -6.8116156691842350e-03,
          -3.6088856499691220e-03, 7.3766251520357108e-03,
          1.4130870561933372e-02, 2.3239228335662014e-04,
          7.4217470198963279e-03, 6.0276278002260276e-03,
          -1.2742836495447957e-03, 7.2703719173848351e-03,
          2.1728673975940627e-02, 1.2704270038274977e-02,
          -1.6187197735284115e-02, 2.3239228335662039e-04,
          1.5355138127663365e-01, 3.7322921987362834e-03,
          2.1653678415134894e-02, 5.2963460430310839e-02,
          3.7379779258291481e-03, -1.0737396538434483e-02,
          -3.9199344090854295e-03, 1.0433233440665279e-02,
          7.4217470198963279e-03, 3.7322921987362843e-03,
          6.3146889893151495e-02 ]
   - !!opencv-matrix
      rows: 9
      cols: 9
      dt: d
      data: [ 1.3975893097325318e-01, 3.8044217273131342e-02,
          5.7918963520947582e-03, 6.7723367203792713e-03,
          4.9840833513447272e-02, 2.4271212582521535e-02,
          5.2628844191752497e-02, 8.1695915086431488e-03,
          2.1129534620285537e-02, 3.8044217273131349e-02,
          1.7098082065812932e-02, 2.8687641203365469e-03,
          3.2749658053704061e-03, 2.0246371893254372e-02,
          1.4145450048964682e-02, 1.8774185853347093e-02,
          2.6748142393530458e-03, 9.0445113331320982e-03,
          5.7918963520947582e-03, 2.8687641203365469e-03,
          4.5029144275088862e-02, 2.1786481132186350e-03,
          4.9606301462384291e-03, 3.8431409216072598e-03,
          4.3177574341727309e-03, -1.1843542764264733e-04,
          3.5700750286194756e-04, 6.7723367203792713e-03,
          3.2749658053704066e-03, 2.1786481132186346e-03,
          3.2182267869458117e-02, 3.9253535998901431e-03,
          -1.5252228124614032e-03, 3.7918995066610773e-03,
          2.1642343653489565e-03, 2.6071982772250678e-03,
          4.9840833513447272e-02, 2.0246371893254372e-02,
          4.9606301462384308e-03, 3.9253535998901431e-03,
          5.9185221525417581e-02, 1.8759405674877563e-02,
