%YAML:1.0
---
groups:
   - intact
   - CD19
intactGmmnames:
   - "intact.Bue047.0"
   - "intact.Bue047.1"
   - "intact.Bue047.2"
   - "intact.Bue047.3"
   - "intact.Bue047.4"
intactLabels:
   - FSC-A
   - SSC-A
   - CD20
   - CD10
   - CD45
   - CD34
   - SYTO41
   - CD19
   - CD38
intactMu: !!opencv-matrix
   rows: 5
   cols: 9
   dt: d
   data: [ 1.6874573708426730e+00, 3.9188387546136533e-01,
       1.0873919860023449e+00, 9.6930907930799504e-01,
       3.0597697977704708e+00, 1.8373503660862984e+00,
       3.3710127530659260e+00, 1.1896330639980195e+00,
       2.6878785507781244e+00, 1.3027301307820212e+00,
       2.4542439350776599e-01, 1.1151254499442647e+00,
       9.6579067269749075e-01, 1.3642893408671259e+00,
       1.6382955263735965e+00, 2.9753136015706598e+00,
       1.1357973792739775e+00, 1.0731705311118056e+00,
       1.7831967122032362e+00, 3.7797546535753662e-01,
       1.4504638223316979e+00, 1.0947311257073862e+00,
       1.5760340331596283e+00, 2.2267849071094621e+00,
       3.2343207462976129e+00, 1.2300596673059849e+00,
       1.1978755755004185e+00, 2.2912331318346846e+00,
       1.3651688391240688e+00, 1.4404082881830631e+00,
       1.6083632596519857e+00, 2.8429023570974894e+00,
       2.3388154080903303e+00, 3.4488290090586964e+00,
       1.3563939931763773e+00, 2.0503119843408917e+00,
       1.4224199523334335e+00, 2.8094579766698985e-01,
       1.0849743183105072e+00, 9.9166389394859100e-01,
       2.9937309012334166e+00, 1.7105645932025437e+00,
       3.4052297482740070e+00, 1.1743552656224132e+00,
       1.7418238101390493e+00 ]
intactSigma:
   - !!opencv-matrix
      rows: 9
      cols: 9
      dt: d
      data: [ 9.2698154611836073e-02, 1.2878806683952469e-02,
          -4.1330546231896099e-03, 1.5812887089341386e-04,
          5.4790748962732947e-03, -2.1869196967479413e-03,
          -1.1036106874302598e-02, 1.2914761171135313e-03,
          1.3217908712176547e-02, 1.2878806683952469e-02,
          1.0907933029293123e-02, -1.1296021528317906e-03,
          6.6341965232589420e-04, 4.6582538021551939e-04,
          4.8285318802070995e-03, 1.1114438152936476e-03,
          1.3997448008024971e-03, 6.5763523868518029e-03,
          -4.1330546231896090e-03, -1.1296021528317899e-03,
          5.2885871012374470e-02, 1.9685926922115185e-03,
          -1.6211645348507811e-03, 2.0751978115488763e-03,
          2.1795224689041943e-03, -1.3257267725359939e-03,
          1.8112660100899611e-04, 1.5812887089341403e-04,
          6.6341965232589398e-04, 1.9685926922115176e-03,
          1.7968606429662280e-02, -6.6141352876866960e-04,
          7.1338868195630373e-04, 2.2200155875801756e-03,
          4.6623871303440962e-04, -8.8612226306100130e-04,
          5.4790748962732947e-03, 4.6582538021551929e-04,
          -1.6211645348507811e-03, -6.6141352876866917e-04,
          2.2790412093432747e-02, 9.7914872665031847e-04,
          -1.1846915600616700e-02, 4.4036881618860337e-04,
          9.7856481772031385e-03, -2.1869196967479413e-03,
          4.8285318802070995e-03, 2.0751978115488758e-03,
          7.1338868195630319e-04, 9.7914872665031847e-04,
          5.7242960009786403e-02, 7.6594784538411998e-03,
          -5.2019464046740302e-03, 9.8740861851468621e-03,
          -1.1036106874302598e-02, 1.1114438152936474e-03,
          2.1795224689041938e-03, 2.2200155875801765e-03,
          -1.1846915600616700e-02, 7.6594784538411998e-03,
          2.6948647095771813e-02, 1.6085837275287625e-03,
          -9.0096865427173028e-03, 1.2914761171135311e-03,
          1.3997448008024980e-03, -1.3257267725359937e-03,
          4.6623871303440962e-04, 4.4036881618860337e-04,
          -5.2019464046740302e-03, 1.6085837275287621e-03,
          2.1562828059374775e-02, -5.0673625591022696e-04,
          1.3217908712176549e-02, 6.5763523868518029e-03,
          1.8112660100899701e-04, -8.8612226306100108e-04,
          9.7856481772031385e-03, 9.8740861851468621e-03,
          -9.0096865427173045e-03, -5.0673625591022653e-04,
          6.5287545668346242e-02 ]
   - !!opencv-matrix
      rows: 9
      cols: 9
      dt: d
      data: [ 7.0782144440006078e-02, 8.9243104534996193e-03,
          -5.0394246315673963e-03, 2.5512321754455822e-03,
          1.6102258543390466e-03, 2.5311480890070430e-03,
          -1.5915822631687882e-02, 3.3786213614080901e-03,
          5.7128052827456173e-03, 8.9243104534996193e-03,
          4.7407591818286778e-03, -2.4471418602506226e-04,
          7.7588145143904150e-04, -2.3943045928631645e-04,
          1.8229499823405339e-03, -4.7832250394540263e-03,
          7.2370911953412002e-04, 1.3073909231804033e-03,
          -5.0394246315673963e-03, -2.4471418602506204e-04,
          2.7765507784396525e-02, 2.0215971521183270e-03,
          2.6033518937159657e-03, 2.1257428284327046e-02,
          2.7082884832953266e-03, -4.5341310329060388e-04,
          -9.1565261232271584e-04, 2.5512321754455813e-03,
          7.7588145143904150e-04, 2.0215971521183270e-03,
          2.7126349392117534e-02, 1.0335978761407999e-03,
          9.4974466773930079e-04, 3.1860536324615344e-03,
          6.5484056499917913e-04, 1.5993136899534351e-03,
          1.6102258543390455e-03, -2.3943045928631658e-04,
          2.6033518937159657e-03, 1.0335978761407997e-03,
          3.5960031420180665e-02, 9.8940954045974427e-03,
          4.8199335774236985e-03, -1.9636705678928730e-04,
          1.3822213361543330e-03, 2.5311480890070439e-03,
          1.8229499823405339e-03, 2.1257428284327046e-02,
          9.4974466773930057e-04, 9.8940954045974409e-03,
          1.8454946336496164e-01, 3.0264013539063701e-03,
          -4.9814278404328475e-03, 3.7359903089856923e-03,
          -1.5915822631687882e-02, -4.7832250394540246e-03,
          2.7082884832953266e-03, 3.1860536324615349e-03,
          4.8199335774236985e-03, 3.0264013539063701e-03,
          9.5984698079423766e-02, 8.5627754390523044e-04,
          -1.1934776781320762e-03, 3.3786213614080897e-03,
          7.2370911953412013e-04, -4.5341310329060416e-04,
          6.5484056499917956e-04, -1.9636705678928698e-04,
          -4.9814278404328475e-03, 8.5627754390523076e-04,
          1.6435037651977080e-02, 1.6305642564034245e-03,
          5.7128052827456173e-03, 1.3073909231804033e-03,
          -9.1565261232271584e-04, 1.5993136899534351e-03,
          1.3822213361543330e-03, 3.7359903089856923e-03,
          -1.1934776781320757e-03, 1.6305642564034245e-03,
          1.1079717250507191e-02 ]
   - !!opencv-matrix
      rows: 9
      cols: 9
      dt: d
      data: [ 2.6261912295040579e-01, 3.8472553534771449e-02,
          -6.9771485188177121e-02, 4.8257759673078788e-03,
          -1.7031238241868453e-02, -4.1539604344036050e-02,
          -2.0627165134177075e-02, -1.0679783774078886e-03,
          1.8309780174948023e-02, 3.8472553534771449e-02,
          2.1639733276122564e-02, -9.2237462775708184e-03,
          5.6334264077063318e-03, 9.5502111364104419e-06,
          -5.7532948279587562e-03, -6.4908727222082237e-03,
          -2.8220060463621607e-04, 4.6387486920475571e-03,
          -6.9771485188177121e-02, -9.2237462775708184e-03,
          1.9667933743795316e-01, 1.3734386429795735e-02,
          4.8335013715936397e-02, 1.6558954451259994e-01,
          2.4532663845542042e-02, 2.3757789719231617e-02,
          -1.4583375783841111e-02, 4.8257759673078788e-03,
          5.6334264077063318e-03, 1.3734386429795735e-02,
          5.2382631629253357e-02, 1.0824142400017282e-02,
          1.8347980157935741e-02, 4.2261878462442086e-03,
          7.8058684122534194e-03, 4.9396387957393153e-03,
          -1.7031238241868450e-02, 9.5502111364098219e-06,
          4.8335013715936397e-02, 1.0824142400017282e-02,
          9.4858872643301589e-02, 5.1536372829070975e-02,
