%YAML:1.0
---
groups:
   - intact
   - CD19
   - blast
intactGmmnames:
   - "intact.Bue087.0"
   - "intact.Bue087.1"
   - "intact.Bue087.2"
   - "intact.Bue087.3"
   - "intact.Bue087.4"
intactLabels:
   - FSC-A
   - SSC-A
   - CD20
   - CD10
   - CD45
   - CD34
   - SYTO41
   - CD19
   - CD38
intactMu: !!opencv-matrix
   rows: 5
   cols: 9
   dt: d
   data: [ 1.0131477277311534e+00, 1.8850104942356058e-01,
       1.0899076607144376e+00, 1.1898681483401710e+00,
       3.0142898763615680e+00, 1.1279490128334919e+00,
       2.3066303647851680e+00, 1.0897719694593271e+00,
       1.8996250251112912e+00, 2.2692610816789656e+00,
       1.3695754379728009e+00, 1.4523405332044272e+00,
       1.4902187524123258e+00, 2.6458112996866805e+00,
       1.8933493379328075e+00, 2.5680622596826348e+00,
       1.1736644485979830e+00, 2.0412672625147916e+00,
       9.9887687743365439e-01, 1.7885349709294948e-01,
       1.0764861868485391e+00, 8.9859422197961758e-01,
       2.9972372955779734e+00, 1.0931953231625784e+00,
       2.3215826971105975e+00, 9.7608608049887013e-01,
       1.3775388564315370e+00, 1.7037030502884303e+00,
       8.7946135397529646e-01, 1.3710450042476552e+00,
       1.7832281000492931e+00, 2.2097097429832391e+00,
       1.7803954311121222e+00, 2.5418811977083884e+00,
       1.3184336647858623e+00, 1.9226697176743814e+00,
       9.8696076805411903e-01, 2.1895410467361143e-01,
       1.0665544273001946e+00, 8.8521018068401558e-01,
       1.4481865436575672e+00, 1.1783985831422701e+00,
       2.6053535182730316e+00, 9.6309177360363774e-01,
       1.3379869331737748e+00 ]
intactSigma:
   - !!opencv-matrix
      rows: 9
      cols: 9
      dt: d
      data: [ 2.6392097789989081e-02, 5.4504403150957446e-03,
          -3.9391506407843125e-04, -3.3746980393096647e-03,
          1.1432160850329024e-02, -7.9217298244860131e-03,
          -2.5499366237394620e-03, 4.0268287731250798e-04,
          1.2760353633855399e-02, 5.4504403150957446e-03,
          3.6712541148946811e-03, -2.5458970783026901e-04,
          -9.6058384558677897e-04, 5.2170528777665632e-03,
          -9.9120047955374201e-04, -8.9914435010735874e-04,
          5.6434866167265612e-04, 9.6188144103930909e-03,
          -3.9391506407843142e-04, -2.5458970783026901e-04,
          2.2857216668711770e-02, 3.6093055000280864e-03,
          7.1419021367325874e-04, 2.1574076201548984e-03,
          -4.9851047854624958e-04, -3.8511975594210103e-04,
          -9.7013238934202887e-03, -3.3746980393096660e-03,
          -9.6058384558677919e-04, 3.6093055000280864e-03,
          1.7738947995997020e-01, 2.8662689948383739e-03,
          2.8347222759181907e-02, 9.2647914537408106e-04,
          3.3591988113628887e-02, -9.4633788679009359e-02,
          1.1432160850329024e-02, 5.2170528777665632e-03,
          7.1419021367325895e-04, 2.8662689948383731e-03,
          2.7163984561824971e-02, -4.9137817004990944e-03,
          -3.7267433303658417e-03, -2.0257584034730694e-04,
          4.8838782114981076e-03, -7.9217298244860148e-03,
          -9.9120047955374179e-04, 2.1574076201548984e-03,
          2.8347222759181907e-02, -4.9137817004990944e-03,
          1.1426291939765514e-01, 2.1436352538442457e-04,
          -2.0990421409240274e-03, -3.4395266837107918e-02,
          -2.5499366237394620e-03, -8.9914435010735874e-04,
          -4.9851047854624958e-04, 9.2647914537408096e-04,
          -3.7267433303658417e-03, 2.1436352538442438e-04,
          3.8441143980558990e-03, -4.4729425616760502e-04,
          -1.2131314281629221e-03, 4.0268287731250819e-04,
          5.6434866167265623e-04, -3.8511975594210086e-04,
          3.3591988113628887e-02, -2.0257584034730748e-04,
          -2.0990421409240291e-03, -4.4729425616760513e-04,
          6.3560077620459038e-02, -2.7941929738606455e-02,
          1.2760353633855401e-02, 9.6188144103930909e-03,
          -9.7013238934202887e-03, -9.4633788679009331e-02,
          4.8838782114981076e-03, -3.4395266837107911e-02,
          -1.2131314281629221e-03, -2.7941929738606455e-02,
          2.8488101798842586e-01 ]
   - !!opencv-matrix
      rows: 9
      cols: 9
      dt: d
      data: [ 1.8186301371756641e-01, 1.0867401584147111e-01,
          2.5754849899430832e-02, 1.4498109125054701e-02,
          2.5700368797234176e-02, 5.1174801828036583e-02,
          5.0540569384044049e-03, 1.3808793850525972e-02,
          3.7221496090581736e-02, 1.0867401584147111e-01,
          1.1835301477724959e-01, 1.8905727108071858e-02,
          3.2151545398811737e-02, 3.8397717324436080e-02,
          3.1612723382573309e-02, 5.2491342709575168e-03,
          1.1289491193139342e-02, 2.4481697704026029e-02,
          2.5754849899430832e-02, 1.8905727108071865e-02,
          3.9336680943911476e-02, 9.7766552029092974e-03,
          7.2550516428486816e-03, 2.2364930700386157e-02,
          4.3032599226424965e-03, 7.3531859256004903e-03,
          6.4380840808107732e-03, 1.4498109125054700e-02,
          3.2151545398811744e-02, 9.7766552029092974e-03,
          2.4688309034764447e-01, 9.3222331949888187e-02,
          -1.3161859016411842e-02, -9.0562706675243448e-03,
          3.3535202200818993e-02, -5.0359446018887380e-02,
          2.5700368797234179e-02, 3.8397717324436094e-02,
          7.2550516428486790e-03, 9.3222331949888187e-02,
          8.8321280455780929e-02, -1.5360314864755545e-03,
          -7.6471129382417770e-03, 1.9667964524065603e-02,
          -3.4000868931419015e-02, 5.1174801828036583e-02,
          3.1612723382573316e-02, 2.2364930700386157e-02,
          -1.3161859016411842e-02, -1.5360314864755543e-03,
          9.2753249022068829e-02, 9.3911305418895030e-03,
          -2.5938929510540380e-03, 2.4125605795428058e-02,
          5.0540569384044057e-03, 5.2491342709575168e-03,
          4.3032599226424965e-03, -9.0562706675243465e-03,
          -7.6471129382417761e-03, 9.3911305418895048e-03,
          9.1482719154725774e-03, 1.1393012257187099e-04,
          7.8564051571746781e-03, 1.3808793850525967e-02,
          1.1289491193139340e-02, 7.3531859256004920e-03,
          3.3535202200818993e-02, 1.9667964524065603e-02,
          -2.5938929510540389e-03, 1.1393012257187069e-04,
          9.7108415680451504e-02, 1.3475180719401431e-03,
          3.7221496090581729e-02, 2.4481697704026032e-02,
          6.4380840808107732e-03, -5.0359446018887380e-02,
          -3.4000868931419015e-02, 2.4125605795428058e-02,
          7.8564051571746781e-03, 1.3475180719401431e-03,
          9.8654476611772138e-02 ]
   - !!opencv-matrix
      rows: 9
      cols: 9
      dt: d
      data: [ 2.8896631719273199e-02, 4.7674875659170302e-03,
          2.5117311111814923e-04, 2.8699793473484442e-03,
          1.2209463445410981e-02, -3.9386428369585650e-03,
          -4.8484335715870000e-03, 1.7352025667145678e-03,
          -6.2874380745813188e-03, 4.7674875659170302e-03,
          2.4019124494287164e-03, 1.7247790860293896e-04,
          1.0699224545636921e-03, 4.3369094619387953e-03,
          -9.0772292734146959e-05, -1.0639165547598347e-03,
          5.0096612063129883e-04, -2.9652105421336091e-03,
          2.5117311111814928e-04, 1.7247790860293902e-04,
          1.0919369564413689e-02, 4.4492318207497614e-04,
          3.2497005366475721e-04, -9.4966918291070469e-04,
          -1.0664367268214886e-04, -1.3680982714969849e-03,
          -1.1095677894002434e-03, 2.8699793473484468e-03,
          1.0699224545636921e-03, 4.4492318207497598e-04,
          4.4496104858013932e-02, 4.0058762344042983e-03,
          -2.0122917757173934e-03, -7.7161966794513689e-04,
          4.6902207717800211e-03, -3.6446741535245005e-03,
          1.2209463445410981e-02, 4.3369094619387953e-03,
          3.2497005366475710e-04, 4.0058762344042983e-03,
          2.8861560650050317e-02, -2.4350072835069765e-03,
