%YAML:1.0
---
groups:
   - intact
   - CD19
   - blast
intactGmmnames:
   - "intact.Bue051.0"
   - "intact.Bue051.1"
   - "intact.Bue051.2"
   - "intact.Bue051.3"
   - "intact.Bue051.4"
intactLabels:
   - FSC-A
   - SSC-A
   - CD20
   - CD10
   - CD45
   - CD34
   - SYTO41
   - CD19
   - CD38
intactMu: !!opencv-matrix
   rows: 5
   cols: 9
   dt: d
   data: [ 2.2685910424309692e+00, 1.2544469890106875e+00,
       1.4019743107641465e+00, 1.1870022436139893e+00,
       2.9784640336205528e+00, 1.7613923537760907e+00,
       2.3762071262028530e+00, 1.1866434106109167e+00,
       2.0839796627675398e+00, 1.5622945772836305e+00,
       2.6200027612194166e-01, 1.1067994987983365e+00,
       8.4824678734021397e-01, 3.4985983543525574e+00,
       1.2498760350788010e+00, 2.0845232488013838e+00,
       1.0629422811934361e+00, 1.4777938752263853e+00,
       1.8353079824424634e+00, 1.3763661700290846e+00,
       2.8332341305911126e+00, 2.1084507986451024e+00,
       2.8994312322930966e+00, 3.1023366280721771e+00,
       2.7966071582112737e+00, 1.6486475603809394e+00,
       1.8322306680812648e+00, 1.4458732275093629e+00,
       4.0525466285360479e-01, 1.1579827625290666e+00,
       9.5829803235763389e-01, 1.7773537189556712e+00,
       1.5141925254342037e+00, 2.7393338895295689e+00,
       1.1066160728899777e+00, 1.3148077261378359e+00,
       2.2707009904567275e+00, 1.7426162329346051e+00,
       1.4044222875469983e+00, 2.3712190282786394e+00,
       3.1644439954654477e+00, 1.8801714779014804e+00,
       2.4620688238427171e+00, 1.2120897962480999e+00,
       1.8574652625935584e+00 ]
intactSigma:
   - !!opencv-matrix
      rows: 9
      cols: 9
      dt: d
      data: [ 4.2518423127115434e-01, 3.1792802844975365e-01,
          -1.0058714084569797e-02, -3.9867120319629870e-02,
          -5.9178821347842067e-02, 1.0024002400585444e-01,
          9.4780187826623369e-02, 7.2046694297412854e-03,
          1.5432851083020177e-01, 3.1792802844975371e-01,
          5.3695397999949734e-01, -2.0920676679449138e-02,
          -2.6055345324893569e-03, -1.3780951894134838e-01,
          1.3842022522685121e-01, 8.6123838988326068e-02,
          9.8241199718806117e-03, 1.5794889393154898e-01,
          -1.0058714084569792e-02, -2.0920676679449138e-02,
          1.2024679776143875e-01, -1.2106503314653905e-02,
          3.7248402196822301e-02, -2.0775182246804496e-03,
          1.2282525104905951e-03, 2.2888769190902006e-04,
          -4.5084889109594573e-02, -3.9867120319629870e-02,
          -2.6055345324893556e-03, -1.2106503314653905e-02,
          1.4094659390187159e-01, 2.1911333574565966e-02,
          -2.9668475246263058e-04, -2.8686523776131987e-02,
          6.6590807985226295e-03, -3.0577496364766064e-02,
          -5.9178821347842074e-02, -1.3780951894134841e-01,
          3.7248402196822315e-02, 2.1911333574565955e-02,
          1.5323488656253925e-01, -5.1374637878994621e-02,
          -3.3451639876944730e-02, -1.9773208883822487e-03,
          -7.0396876399083375e-02, 1.0024002400585444e-01,
          1.3842022522685121e-01, -2.0775182246804517e-03,
          -2.9668475246263096e-04, -5.1374637878994621e-02,
          1.5691705612867124e-01, 3.7088591385352636e-02,
          1.9029021794824609e-03, 9.0543634004469575e-02,
          9.4780187826623369e-02, 8.6123838988326082e-02,
          1.2282525104905957e-03, -2.8686523776131977e-02,
          -3.3451639876944730e-02, 3.7088591385352636e-02,
          1.1875846005500659e-01, 1.7719428675147988e-03,
          5.0622192278135192e-02, 7.2046694297412854e-03,
          9.8241199718806030e-03, 2.2888769190902006e-04,
          6.6590807985226269e-03, -1.9773208883822483e-03,
          1.9029021794824614e-03, 1.7719428675147988e-03,
          4.7894082633604874e-02, 2.6716781554598057e-02,
          1.5432851083020180e-01, 1.5794889393154898e-01,
          -4.5084889109594573e-02, -3.0577496364766064e-02,
          -7.0396876399083375e-02, 9.0543634004469561e-02,
          5.0622192278135199e-02, 2.6716781554598057e-02,
          3.5411135473298078e-01 ]
   - !!opencv-matrix
      rows: 9
      cols: 9
      dt: d
      data: [ 9.6178505919951668e-02, 7.0219602348926347e-03,
          -4.3115866549453915e-04, -2.6777707438518879e-04,
          1.8609863605083730e-02, -6.7890856688199511e-03,
          6.0613056716562223e-03, 8.0486327287715778e-04,
          -2.0903242939871378e-02, 7.0219602348926330e-03,
          5.4214340821761567e-03, 7.4530265167513713e-04,
          1.8758061661827764e-04, 7.2858451144191348e-03,
          8.1460272118813665e-04, 2.4557558289548462e-03,
          1.7459323577393433e-04, -1.7239951619802212e-03,
          -4.3115866549453947e-04, 7.4530265167513713e-04,
          3.4210280048755495e-02, 2.8568498145388668e-03,
          2.1716988246993827e-03, -5.7831636101333310e-04,
          1.4521911690283480e-03, -7.4745044082805178e-04,
          -1.0435696426817258e-02, -2.6777707438518884e-04,
          1.8758061661827767e-04, 2.8568498145388681e-03,
          3.0274444882860664e-02, -5.5922702085579450e-05,
          -1.4003324320222901e-03, 2.7023627386269190e-03,
          1.2335404184384312e-03, -1.6193849495477666e-04,
          1.8609863605083730e-02, 7.2858451144191348e-03,
          2.1716988246993827e-03, -5.5922702085579572e-05,
          3.2347533981000327e-02, -1.0287267179207088e-03,
          -8.9491518083310712e-03, 6.8286001517968968e-05,
          -1.4788595192998931e-02, -6.7890856688199528e-03,
          8.1460272118813687e-04, -5.7831636101333299e-04,
          -1.4003324320222901e-03, -1.0287267179207085e-03,
          3.7200786220297939e-02, 3.9361094940530564e-03,
          -5.1595724924984937e-03, 2.9217766441294308e-04,
          6.0613056716562214e-03, 2.4557558289548462e-03,
          1.4521911690283478e-03, 2.7023627386269190e-03,
          -8.9491518083310677e-03, 3.9361094940530573e-03,
          1.0691473038368432e-01, 1.1273975645054116e-03,
          -1.1360372694285366e-02, 8.0486327287715778e-04,
          1.7459323577393427e-04, -7.4745044082805221e-04,
          1.2335404184384315e-03, 6.8286001517969076e-05,
          -5.1595724924984937e-03, 1.1273975645054121e-03,
          1.2531563393882157e-02, 1.2983330118752478e-03,
          -2.0903242939871378e-02, -1.7239951619802216e-03,
          -1.0435696426817262e-02, -1.6193849495477701e-04,
          -1.4788595192998931e-02, 2.9217766441294325e-04,
          -1.1360372694285366e-02, 1.2983330118752487e-03,
          2.0289849842236238e-01 ]
   - !!opencv-matrix
      rows: 9
      cols: 9
      dt: d
      data: [ 4.4520186026059011e-01, 3.2265196844371241e-01,
          3.3492926265736064e-02, 7.3862537696652922e-03,
          1.1677196944436578e-01, 4.5378040077797811e-02,
          1.2310080114107970e-03, 7.1369441932348843e-02,
          1.1866674614837787e-01, 3.2265196844371241e-01,
          5.0105686914353997e-01, 1.4742121778050662e-01,
          1.3003325176658927e-02, 1.6379012110744323e-01,
          1.7730136047297013e-01, 4.0611196840944129e-02,
          9.4861002849951095e-02, 1.6918237248919249e-01,
          3.3492926265736064e-02, 1.4742121778050660e-01,
          4.1263652783459870e-01, -1.2887982470286273e-02,
          1.0596380317135982e-01, 3.6915560701975159e-01,
          3.8443310521165459e-02, 9.8295607448484534e-02,
          5.4655728335052743e-02, 7.3862537696652983e-03,
          1.3003325176658923e-02, -1.2887982470286269e-02,
          3.7330782984323307e-01, 1.6903464408239560e-03,
          -7.6440734106073521e-02, -8.8250656992310911e-02,
          8.8312237464365451e-02, 2.7141877612810617e-02,
          1.1677196944436580e-01, 1.6379012110744323e-01,
          1.0596380317135982e-01, 1.6903464408239560e-03,
          1.8173205773234133e-01, 1.2204626423696856e-01,
