%YAML:1.0
---
groups:
   - intact
   - CD19
   - blast
intactGmmnames:
   - "intact.Bue076.0"
   - "intact.Bue076.1"
   - "intact.Bue076.2"
   - "intact.Bue076.3"
   - "intact.Bue076.4"
intactLabels:
   - FSC-A
   - SSC-A
   - CD20
   - CD10
   - CD45
   - CD34
   - SYTO41
   - CD19
   - CD38
intactMu: !!opencv-matrix
   rows: 5
   cols: 9
   dt: d
   data: [ 1.3339073121309928e+00, 4.6828484548888827e-01,
       1.0922414855020839e+00, 8.8123286400174228e-01,
       1.8633590070351254e+00, 1.5826662439523320e+00,
       2.8637310727952623e+00, 1.0355973863315908e+00,
       1.4213791897026977e+00, 1.1890053764255863e+00,
       1.7220484373174574e-01, 1.0197173871026446e+00,
       8.5714005597954124e-01, 2.9302783685592386e+00,
       1.3688697766038285e+00, 2.7726891427373404e+00,
       1.0320761383046309e+00, 2.1827120778438180e+00,
       2.0816600897664523e+00, 2.7834292970488894e+00,
       1.4790125701218291e+00, 1.8138034902384894e+00,
       2.9313476622935859e+00, 1.7126002845222061e+00,
       2.6472897762861169e+00, 1.2095029080254263e+00,
       2.3557813032142132e+00, 1.9589092198007929e+00,
       7.3935462367223337e-01, 1.3673684265846533e+00,
       9.5647310530086682e-01, 2.7519006781015469e+00,
       1.8677871308870302e+00, 3.0082898592205733e+00,
       1.1412034708552745e+00, 2.5065055309505202e+00,
       1.3511096510460816e+00, 3.2076564459534401e-01,
       1.0086147437903339e+00, 8.7124761824926478e-01,
       3.1112710247775968e+00, 1.0845601682658188e+00,
       2.5592794576315141e+00, 1.0309186312271152e+00,
       2.5495113710335557e+00 ]
intactSigma:
   - !!opencv-matrix
      rows: 9
      cols: 9
      dt: d
      data: [ 2.3811055968759709e-01, 6.9826883153009028e-02,
          3.8641371963136127e-02, 9.8532728114891534e-03,
          8.4091576069271340e-02, 1.0176553909327887e-01,
          8.2655263887738237e-02, 4.6594449283718867e-03,
          3.0004933085429487e-02, 6.9826883153009028e-02,
          3.4116143538509280e-02, 1.7463223357642901e-02,
          5.2641477527733153e-03, 3.0910813260138777e-02,
          4.1836194670592783e-02, 3.1734412097226085e-02,
          1.7202378972595487e-03, 1.3958755279350052e-02,
          3.8641371963136134e-02, 1.7463223357642905e-02,
          8.7871654600090429e-02, 3.2536159023434665e-03,
          2.3064360520798258e-02, 5.4847545227731831e-02,
          3.0614888254401704e-02, 1.7389494098969409e-03,
          1.0020841342862514e-02, 9.8532728114891516e-03,
          5.2641477527733170e-03, 3.2536159023434682e-03,
          2.1279980813792506e-02, 5.7460540164066300e-03,
          5.4029708113422573e-03, 2.4650185270116772e-03,
          3.4074682683299726e-04, 2.7744455605975289e-03,
          8.4091576069271340e-02, 3.0910813260138777e-02,
          2.3064360520798258e-02, 5.7460540164066308e-03,
          5.6124657359290384e-02, 5.5107650084322425e-02,
          4.7549330275897993e-02, 2.5620621536765445e-03,
          1.6109702951639753e-02, 1.0176553909327887e-01,
          4.1836194670592783e-02, 5.4847545227731845e-02,
          5.4029708113422555e-03, 5.5107650084322425e-02,
          1.9004112330510306e-01, 7.9761505228031201e-02,
          -3.8003529951612398e-03, 3.1593407920711435e-02,
          8.2655263887738237e-02, 3.1734412097226085e-02,
          3.0614888254401704e-02, 2.4650185270116772e-03,
          4.7549330275897993e-02, 7.9761505228031201e-02,
          1.1724616128284940e-01, 2.5364834226481556e-03,
          1.9166286761884702e-02, 4.6594449283718867e-03,
          1.7202378972595487e-03, 1.7389494098969409e-03,
          3.4074682683299704e-04, 2.5620621536765441e-03,
          -3.8003529951612398e-03, 2.5364834226481543e-03,
          2.3999501196012844e-02, 1.4092629850572405e-03,
          3.0004933085429487e-02, 1.3958755279350052e-02,
          1.0020841342862514e-02, 2.7744455605975289e-03,
          1.6109702951639753e-02, 3.1593407920711435e-02,
          1.9166286761884702e-02, 1.4092629850572401e-03,
          1.6729833047294425e-02 ]
   - !!opencv-matrix
      rows: 9
      cols: 9
      dt: d
      data: [ 2.5528474143962400e-02, 3.8214237862779781e-03,
          -2.3242282037621268e-03, 9.9150639593719673e-04,
          7.2705011071628666e-03, -7.3642301442709800e-03,
          4.2535859078832389e-03, 1.5293568455175790e-04,
          -1.2861759506520543e-02, 3.8214237862779781e-03,
          3.4285136071659258e-03, -3.9555841066192722e-04,
          5.2229040285596670e-04, 2.1395455606464668e-03,
          -1.4888163966977276e-03, 1.0369799168542270e-03,
          3.1425179376886963e-04, -4.2298008923809475e-03,
          -2.3242282037621276e-03, -3.9555841066192738e-04,
          8.3652070765471806e-02, 3.8610164097267811e-04,
          3.6430997009232765e-04, 8.5158993281593317e-03,
          1.1663895364770254e-03, -6.7862689155046398e-04,
          -3.5407161005332455e-03, 9.9150639593719673e-04,
          5.2229040285596670e-04, 3.8610164097267795e-04,
          1.1060294010671719e-02, 7.7082491489276347e-04,
          -1.7933379633497304e-03, 5.4862248841784083e-05,
          3.6862778424990450e-04, -2.0321993044696120e-03,
          7.2705011071628666e-03, 2.1395455606464664e-03,
          3.6430997009232694e-04, 7.7082491489276325e-04,
          2.9550843888835769e-02, -6.0143228488983074e-03,
          -1.5322775612100920e-04, 4.3261026845667968e-04,
          7.7298450598674608e-03, -7.3642301442709782e-03,
          -1.4888163966977276e-03, 8.5158993281593317e-03,
          -1.7933379633497308e-03, -6.0143228488983092e-03,
          7.2216407212461281e-02, 5.9535942702374075e-03,
          -7.6311675018738796e-03, -1.2546997628115389e-02,
          4.2535859078832398e-03, 1.0369799168542270e-03,
          1.1663895364770252e-03, 5.4862248841784022e-05,
          -1.5322775612100915e-04, 5.9535942702374084e-03,
          9.1483344650461467e-03, 4.6636872607911031e-05,
          -9.4415445037864462e-03, 1.5293568455175793e-04,
          3.1425179376886936e-04, -6.7862689155046398e-04,
          3.6862778424990450e-04, 4.3261026845667946e-04,
          -7.6311675018738805e-03, 4.6636872607911058e-05,
          1.6431677270057232e-02, -4.7300697944291118e-05,
          -1.2861759506520539e-02, -4.2298008923809466e-03,
          -3.5407161005332460e-03, -2.0321993044696133e-03,
          7.7298450598674625e-03, -1.2546997628115389e-02,
          -9.4415445037864462e-03, -4.7300697944291165e-05,
          2.2827995776780036e-01 ]
   - !!opencv-matrix
      rows: 9
      cols: 9
      dt: d
      data: [ 1.1420328115035200e-01, 1.5569889698710571e-01,
          1.9844025139158616e-02, -3.9964483832909806e-02,
          -5.0350734857745553e-03, 2.6569393772120899e-02,
          2.5309439314588573e-02, -2.5782981952487119e-03,
          5.4304955468731805e-02, 1.5569889698710571e-01,
          5.7537511127984586e-01, 4.5039188465904510e-02,
          8.6006601740905627e-03, 4.9774258620427711e-02,
          4.8236699281055027e-02, 2.0149318394397507e-02,
          1.0735138084961285e-02, 8.9619066968050692e-02,
          1.9844025139158616e-02, 4.5039188465904524e-02,
          1.6837696248301404e-01, 2.7683463052322034e-02,
          2.9614919588866029e-02, 6.3539373092823134e-02,
          9.0458055693391284e-03, 4.1482562632797440e-02,
          1.1680556150112310e-02, -3.9964483832909799e-02,
          8.6006601740905662e-03, 2.7683463052322027e-02,
          3.5597832251076406e-01, 1.6691448748176654e-01,
          -1.2152999428448311e-04, -3.6557965515515184e-02,
          4.0831707219858848e-02, -4.4782841562670088e-02,
          -5.0350734857745579e-03, 4.9774258620427704e-02,
          2.9614919588866036e-02, 1.6691448748176654e-01,
          1.4340066828194181e-01, 5.6026833640308521e-03,
          -1.6119458968108048e-02, 2.6164158509520918e-02,
