%YAML:1.0
---
groups:
   - intact
   - CD19
   - blast
intactGmmnames:
   - "intact.Bue015.0"
   - "intact.Bue015.1"
   - "intact.Bue015.2"
   - "intact.Bue015.3"
   - "intact.Bue015.4"
intactLabels:
   - FSC-A
   - SSC-A
   - CD20
   - CD10
   - CD45
   - CD34
   - SYTO41
   - CD19
   - CD38
intactMu: !!opencv-matrix
   rows: 5
   cols: 9
   dt: d
   data: [ 1.5871899742178892e+00, 3.0900594073445131e-01,
       1.1039594923548828e+00, 9.3350152691029675e-01,
       3.4896604388242110e+00, 1.2061731564272742e+00,
       3.2494762857355863e+00, 1.0694765931995569e+00,
       1.2377729193309763e+00, 2.2011598105922312e+00,
       1.4550944668716772e+00, 1.3679809088745565e+00,
       1.9467479783946546e+00, 3.0760216575838979e+00,
       1.8895990152030135e+00, 3.2810240061732414e+00,
       1.5591727961404465e+00, 2.2775732172247918e+00,
       1.2074608756927581e+00, 3.3236177140494760e-01,
       1.1044902909847778e+00, 1.3222988794135031e+00,
       1.5920105340159230e+00, 1.4106635736719095e+00,
       3.2989564069536983e+00, 1.2711927388368991e+00,
       1.2670039459842337e+00, 1.5063486633528012e+00,
       2.6410390934352151e-01, 1.1063531731436018e+00,
       1.0176223295898850e+00, 3.4797878600581642e+00,
       1.1996655138478824e+00, 3.2352089258902326e+00,
       1.1191298042806070e+00, 1.7675968466130956e+00,
       1.9254497266050743e+00, 4.3267837592646352e-01,
       1.2428168870378571e+00, 9.5992269831971333e-01,
       3.6761871652359464e+00, 1.1908146137012285e+00,
       3.1352798526386731e+00, 1.1021870732349841e+00,
       2.4130998175658376e+00 ]
intactSigma:
   - !!opencv-matrix
      rows: 9
      cols: 9
      dt: d
      data: [ 9.9644047137967359e-02, 1.7520159804558167e-02,
          1.1961466364354576e-03, -3.5466857738381649e-03,
          1.7865645500253519e-02, -9.5386730424107582e-03,
          -1.7917053046624536e-02, -2.5671086819341062e-03,
          -7.5572194846475108e-02, 1.7520159804558167e-02,
          7.3795542822372977e-03, 4.6551922880570573e-04,
          -7.0150949208218068e-04, 7.4678257642465315e-03,
          -1.3324610405292413e-03, -5.3073826532201093e-03,
          -2.5078927109779168e-05, -1.6582761261449117e-02,
          1.1961466364354574e-03, 4.6551922880570541e-04,
          1.2276419976664111e-02, 2.6777697931366381e-05,
          1.0350146457999461e-05, -1.3681389503777976e-03,
          3.9159346785959615e-04, -5.5912281843328773e-04,
          -3.6746942928313525e-03, -3.5466857738381645e-03,
          -7.0150949208218089e-04, 2.6777697931365964e-05,
          7.4340627533491688e-02, -1.9334106612058370e-03,
          4.2979944364541405e-04, 5.6349581270676529e-04,
          5.2483592836182914e-03, 7.1990305340180576e-03,
          1.7865645500253515e-02, 7.4678257642465315e-03,
          1.0350146457999524e-05, -1.9334106612058370e-03,
          1.8791000905619963e-02, -2.2908915576739376e-03,
          -9.8136101677840787e-03, -1.0439213776389828e-03,
          -1.8616764642379716e-02, -9.5386730424107582e-03,
          -1.3324610405292413e-03, -1.3681389503777980e-03,
          4.2979944364541416e-04, -2.2908915576739376e-03,
          4.4799365559556180e-02, 6.6590396674700344e-03,
          -6.4927110155746292e-03, 1.0691109990249695e-02,
          -1.7917053046624536e-02, -5.3073826532201093e-03,
          3.9159346785959588e-04, 5.6349581270676442e-04,
          -9.8136101677840822e-03, 6.6590396674700352e-03,
          2.3299077877589083e-02, 5.1208854910687353e-04,
          2.0047998365689150e-02, -2.5671086819341062e-03,
          -2.5078927109779050e-05, -5.5912281843328762e-04,
          5.2483592836182931e-03, -1.0439213776389834e-03,
          -6.4927110155746275e-03, 5.1208854910687310e-04,
          2.0417779585549876e-02, -3.8815203377957528e-04,
          -7.5572194846475108e-02, -1.6582761261449114e-02,
          -3.6746942928313525e-03, 7.1990305340180576e-03,
          -1.8616764642379716e-02, 1.0691109990249694e-02,
          2.0047998365689147e-02, -3.8815203377957501e-04,
          1.6141410317445273e-01 ]
   - !!opencv-matrix
      rows: 9
      cols: 9
      dt: d
      data: [ 6.6620411121263678e-01, 7.3717262406009587e-01,
          -2.5224428015418823e-02, -7.7521915065892691e-03,
          8.7586729889289075e-02, 6.5763136917271370e-02,
          -2.7565216069840512e-02, -1.4408240455773486e-01,
          3.7967600115395739e-02, 7.3717262406009576e-01,
          1.3129633361046449e+00, 1.7936086971458532e-02,
          2.2740131996899204e-01, 6.4884648574389525e-02,
          2.2252931518684096e-01, -2.7340799240041279e-03,
          -1.7077384028101175e-01, -4.9875104654779748e-02,
          -2.5224428015418816e-02, 1.7936086971458532e-02,
          1.8395536766761139e-01, 9.8026213496313866e-02,
          -9.1078797865886685e-03, 7.3191432477550139e-02,
          1.3009739424333189e-02, 9.0676385071724194e-02,
          -2.0559216644828675e-02, -7.7521915065892656e-03,
          2.2740131996899207e-01, 9.8026213496313866e-02,
          5.7960788793855755e-01, 2.3685161587193120e-02,
          2.3099048756312243e-01, 2.4439991613086610e-02,
          2.0382282470222426e-01, -6.1708854554799512e-02,
          8.7586729889289075e-02, 6.4884648574389525e-02,
          -9.1078797865886667e-03, 2.3685161587193120e-02,
          2.6670683190699890e-01, -1.3121076467880043e-02,
          -3.0469396535046586e-02, -4.2622212690964535e-02,
          -5.6626123380416504e-02, 6.5763136917271370e-02,
          2.2252931518684094e-01, 7.3191432477550139e-02,
          2.3099048756312243e-01, -1.3121076467880041e-02,
          2.8270622006400836e-01, 3.7484628314946269e-02,
          9.0253262590709663e-02, 1.3876582828092895e-02,
          -2.7565216069840512e-02, -2.7340799240041253e-03,
          1.3009739424333189e-02, 2.4439991613086610e-02,
          -3.0469396535046586e-02, 3.7484628314946269e-02,
          5.1885344668834724e-02, 7.6669018715219174e-03,
          -4.0961749274536418e-03, -1.4408240455773486e-01,
          -1.7077384028101175e-01, 9.0676385071724194e-02,
          2.0382282470222426e-01, -4.2622212690964528e-02,
          9.0253262590709649e-02, 7.6669018715219191e-03,
          3.6603657445989651e-01, 4.7986588370268542e-02,
          3.7967600115395753e-02, -4.9875104654779734e-02,
          -2.0559216644828685e-02, -6.1708854554799512e-02,
          -5.6626123380416490e-02, 1.3876582828092898e-02,
          -4.0961749274536401e-03, 4.7986588370268542e-02,
          4.5972702903738766e-01 ]
   - !!opencv-matrix
      rows: 9
      cols: 9
      dt: d
      data: [ 2.7631047224746708e-01, 4.7734659486704141e-02,
          2.0931740155220595e-03, 1.2921881538981672e-01,
          3.8828797379020646e-02, -5.9195569311136223e-03,
          6.2826327921018162e-03, 1.1693043492170650e-02,
          7.3909384361379234e-04, 4.7734659486704141e-02,
          2.1823928022820231e-02, 2.9337097425587468e-03,
          9.0109377275546607e-03, 1.6752860058116052e-02,
          1.6052029373375305e-03, 4.0821178938535031e-03,
          -7.7097155913593320e-03, -9.7926745925007233e-03,
          2.0931740155220599e-03, 2.9337097425587463e-03,
          1.5796757566957077e-02, 1.8594678418072611e-02,
          8.7324668402556076e-03, 1.0034688848235366e-02,
          3.1231051082402203e-03, 4.8601481684378833e-03,
          4.1400884400818327e-04, 1.2921881538981672e-01,
          9.0109377275546625e-03, 1.8594678418072615e-02,
          5.8363784045095346e-01, 4.1311686207919439e-02,
          8.0798036451728311e-02, 5.0146908788047319e-02,
          1.8322436148961815e-01, 1.5670267696047904e-01,
          3.8828797379020646e-02, 1.6752860058116052e-02,
          8.7324668402556111e-03, 4.1311686207919432e-02,
          6.0308948490816798e-02, 2.1518953752385408e-02,
