%YAML:1.0
---
groups:
   - intact
   - CD19
   - blast
intactGmmnames:
   - "intact.Bue089.0"
   - "intact.Bue089.1"
   - "intact.Bue089.2"
   - "intact.Bue089.3"
   - "intact.Bue089.4"
intactLabels:
   - FSC-A
   - SSC-A
   - CD20
   - CD10
   - CD45
   - CD34
   - SYTO41
   - CD19
   - CD38
intactMu: !!opencv-matrix
   rows: 5
   cols: 9
   dt: d
   data: [ 7.5219723716474973e-01, 1.9671756723975395e-01,
       9.8399737744323945e-01, 8.6556665010659939e-01,
       1.3737107603850431e+00, 1.1758213181521744e+00,
       2.1985931579076521e+00, 1.0339609907251581e+00,
       1.3279786930901909e+00, 1.3766666636893901e+00,
       2.8378174518379023e-01, 1.1250850634645269e+00,
       8.8586790497021917e-01, 3.2609505739620235e+00,
       1.1471988355488960e+00, 2.1154852456995368e+00,
       1.1013936117502989e+00, 2.0324363631873208e+00,
       1.1793947300192380e+00, 3.0920999737433119e-01,
       9.9313843067356955e-01, 8.8922883479824788e-01,
       1.4360487155089028e+00, 1.1962157286008539e+00,
       2.4247309192375970e+00, 1.0668423622318717e+00,
       1.4061916754568720e+00, 1.8455476865705198e+00,
       1.1075015809059932e+00, 1.1519098258338243e+00,
       1.0954947810137650e+00, 2.1975580555172614e+00,
       1.5420849103927703e+00, 2.4451258791146020e+00,
       1.1557412833428893e+00, 2.3951185749007924e+00,
       1.0609209709015481e+00, 2.0380633919270080e-01,
       9.9873999607198083e-01, 8.8448351557784566e-01,
       3.1685534816033640e+00, 1.1126749573340713e+00,
       2.0275415660037575e+00, 1.0323883468495387e+00,
       1.6339010416816793e+00 ]
intactSigma:
   - !!opencv-matrix
      rows: 9
      cols: 9
      dt: d
      data: [ 1.5239864851534434e-02, 3.7230951573702146e-03,
          -1.2408983901870087e-04, 8.4743726022084567e-04,
          1.3241562799049470e-03, 1.4261738344893964e-03,
          6.7695020118095656e-03, -3.0648546420927324e-04,
          6.6464651295056133e-04, 3.7230951573702146e-03,
          1.9261095694360364e-03, -1.2610076249250309e-04,
          2.7494250940043061e-04, 5.6192285057630683e-04,
          4.5872816446667047e-04, 2.4592794899863761e-03,
          -2.2961940136610348e-05, 3.5439901446219357e-04,
          -1.2408983901870081e-04, -1.2610076249250303e-04,
          1.5960906045126098e-02, 1.0255548951393225e-05,
          -9.2953913335020952e-05, -1.4925947753061039e-03,
          -3.7413595174730168e-04, -4.8459254982165359e-04,
          -8.9684471006233276e-04, 8.4743726022084545e-04,
          2.7494250940043055e-04, 1.0255548951393375e-05,
          1.8604251908179895e-02, 2.4821754452322557e-04,
          -2.7104138431372463e-03, 1.3540777992030904e-04,
          2.4916297789267752e-04, 2.5014502122926835e-04,
          1.3241562799049470e-03, 5.6192285057630683e-04,
          -9.2953913335020992e-05, 2.4821754452322562e-04,
          8.3568918848100516e-03, 1.2540312186489557e-04,
          -1.9266821958291520e-04, 1.9075829968656546e-04,
          1.2057882177452175e-04, 1.4261738344893968e-03,
          4.5872816446667052e-04, -1.4925947753061039e-03,
          -2.7104138431372463e-03, 1.2540312186489557e-04,
          1.9596021865253641e-02, 9.2636019392002738e-04,
          -4.2758253709198257e-03, -1.9413251569818450e-04,
          6.7695020118095656e-03, 2.4592794899863761e-03,
          -3.7413595174730184e-04, 1.3540777992030909e-04,
          -1.9266821958291517e-04, 9.2636019392002781e-04,
          1.1132056161239008e-02, -1.2835352975612365e-04,
          2.6741127706948547e-04, -3.0648546420927302e-04,
          -2.2961940136610372e-05, -4.8459254982165381e-04,
          2.4916297789267752e-04, 1.9075829968656546e-04,
          -4.2758253709198274e-03, -1.2835352975612351e-04,
          8.3002792054848781e-03, -2.3058445130619327e-05,
          6.6464651295056133e-04, 3.5439901446219357e-04,
          -8.9684471006233309e-04, 2.5014502122926819e-04,
          1.2057882177452169e-04, -1.9413251569818442e-04,
          2.6741127706948558e-04, -2.3058445130619364e-05,
          1.7136510469000093e-03 ]
   - !!opencv-matrix
      rows: 9
      cols: 9
      dt: d
      data: [ 1.7125090048654296e-01, 1.7441858570267799e-02,
          -3.8819957618537924e-03, -2.4119631256790418e-04,
          3.6064732530169188e-02, 6.1734699817646540e-03,
          4.2332793572834829e-02, -5.8874432216283745e-03,
          -8.5724024426365158e-03, 1.7441858570267799e-02,
          8.2363300050279087e-03, -2.7314416575038177e-03,
          1.0455936235684926e-05, 6.5338514079484314e-03,
          2.9702928813848573e-03, 6.8270501358730076e-03,
          -1.3434459038359024e-03, 4.4814324516452850e-03,
          -3.8819957618537911e-03, -2.7314416575038177e-03,
          1.0640358250376526e-01, 1.2781983128129374e-03,
          9.4307882147815561e-03, -1.3399717093056057e-03,
          -5.4170565323134840e-03, -9.4970001824110275e-03,
          -5.7574292808488053e-02, -2.4119631256790423e-04,
          1.0455936235685011e-05, 1.2781983128129365e-03,
          1.7009825008642104e-02, -5.8613664469605708e-04,
          -2.1355633461085611e-03, -5.6734739690456168e-04,
          3.8112733393155568e-04, -3.0509355529280192e-03,
          3.6064732530169188e-02, 6.5338514079484314e-03,
          9.4307882147815561e-03, -5.8613664469605697e-04,
          3.2575687497488647e-02, -3.1879038741737001e-06,
          -1.4116828808441036e-03, -7.5118537185270523e-04,
          1.2174496337181425e-02, 6.1734699817646540e-03,
          2.9702928813848577e-03, -1.3399717093056072e-03,
          -2.1355633461085611e-03, -3.1879038741728255e-06,
          2.5035196481340026e-02, 7.4711633236646986e-03,
          -5.5353653312243106e-03, -1.2190419049634359e-03,
          4.2332793572834829e-02, 6.8270501358730076e-03,
          -5.4170565323134814e-03, -5.6734739690456179e-04,
          -1.4116828808441039e-03, 7.4711633236646986e-03,
          4.4014953126505073e-02, -1.7308240120037640e-03,
          -3.2517221618206249e-02, -5.8874432216283745e-03,
          -1.3434459038359021e-03, -9.4970001824110275e-03,
          3.8112733393155568e-04, -7.5118537185270458e-04,
          -5.5353653312243106e-03, -1.7308240120037640e-03,
          2.3915638222300882e-02, -7.6699144342332187e-03,
          -8.5724024426365071e-03, 4.4814324516452867e-03,
          -5.7574292808488067e-02, -3.0509355529280201e-03,
          1.2174496337181427e-02, -1.2190419049634368e-03,
          -3.2517221618206249e-02, -7.6699144342332205e-03,
          5.0187025686213349e-01 ]
   - !!opencv-matrix
      rows: 9
      cols: 9
      dt: d
      data: [ 1.0345654457116664e-01, 2.3048151116765305e-02,
          -2.6007804079183970e-04, 3.5935605274447350e-03,
          1.0162904950052795e-02, 3.6477579630100005e-03,
          3.2454151936757193e-02, -4.0153365793246243e-03,
          5.9974455335813654e-03, 2.3048151116765305e-02,
          1.0031277782583599e-02, 2.1861695390434758e-04,
          1.4492665033700356e-03, 4.7996308471786649e-03,
          2.3988024521096668e-03, 8.0269881562613898e-03,
          -9.9416452951994988e-04, 3.5440817150638008e-03,
          -2.6007804079183981e-04, 2.1861695390434783e-04,
          1.6905758448608869e-02, 6.2290451087950078e-04,
          7.2464376858793588e-04, -5.5388321563384565e-04,
          5.3767535314524443e-04, -7.1225616425914554e-04,
          -7.7082036857201782e-04, 3.5935605274447372e-03,
          1.4492665033700358e-03, 6.2290451087950078e-04,
          2.4357883164514028e-02, 1.0824266632121367e-03,
          -1.8216126136075396e-03, 1.5412966041548051e-03,
          -3.7619433906808123e-04, 4.7158293512668432e-04,
          1.0162904950052794e-02, 4.7996308471786649e-03,
          7.2464376858793545e-04, 1.0824266632121363e-03,
          1.6643600738527092e-02, 9.0183481085733062e-04,
