%YAML:1.0
---
groups:
   - intact
   - CD19
   - blast
intactGmmnames:
   - "intact.Bue072.0"
   - "intact.Bue072.1"
   - "intact.Bue072.2"
   - "intact.Bue072.3"
   - "intact.Bue072.4"
intactLabels:
   - FSC-A
   - SSC-A
   - CD20
   - CD10
   - CD45
   - CD34
   - SYTO41
   - CD19
   - CD38
intactMu: !!opencv-matrix
   rows: 5
   cols: 9
   dt: d
   data: [ 1.1104856890876258e+00, 2.5360974873206804e-01,
       1.1246430918504293e+00, 8.1530519078833463e-01,
       3.2919169822733592e+00, 1.0631181263938749e+00,
       2.5583111784296109e+00, 1.0293842250268261e+00,
       1.8543675211380346e+00, 9.1169002299848778e-01,
       2.9411173627033188e-01, 1.0767849473768576e+00,
       7.9285786498779587e-01, 1.4590668835644263e+00,
       1.0845948406436849e+00, 2.6081867078663112e+00,
       1.0078488314443352e+00, 1.3745578939129390e+00,
       2.1400233447869099e+00, 2.6527249648040239e+00,
       1.2476092472745270e+00, 1.6781938190692409e+00,
       2.7559479200599779e+00, 1.3983490584379317e+00,
       2.6762528333176947e+00, 1.0873494513286617e+00,
       2.0234355778452828e+00, 1.3430805366055805e+00,
       4.4113257660656702e-01, 1.0872691810732604e+00,
       8.0463746588475360e-01, 1.5690841373200175e+00,
       1.1267892509833421e+00, 2.8448127986394502e+00,
       1.0431655703519302e+00, 1.4268401059985416e+00,
       1.6092889852717553e+00, 7.4932785593610984e-01,
       1.4092983369022505e+00, 9.0437098681110839e-01,
       2.3631989564332514e+00, 1.5141894764940396e+00,
       2.8382646290618969e+00, 1.0999296610366949e+00,
       2.1181626598970715e+00 ]
intactSigma:
   - !!opencv-matrix
      rows: 9
      cols: 9
      dt: d
      data: [ 4.4169196852652255e-02, 9.2091234634514452e-03,
          -2.1034475529091730e-04, 1.7555516775300791e-03,
          1.6408693980514505e-02, -3.9952545029205352e-03,
          -8.0263915220738120e-03, -7.2768491667548523e-04,
          -1.0521842247236816e-02, 9.2091234634514452e-03,
          5.9616335184836909e-03, 7.1579409172212020e-04,
          1.0109165904516753e-03, 6.6274914491950936e-03,
          -8.5966737891013498e-04, -2.8001434421500663e-03,
          -9.5848454260760485e-05, 5.0621531565518268e-03,
          -2.1034475529091751e-04, 7.1579409172212009e-04,
          2.8248839788086406e-02, 2.7809591210831874e-04,
          2.2437457626870915e-03, -4.4489657157997781e-04,
          -4.7402072813688571e-04, -1.8494286490043600e-04,
          -5.1572825371971704e-03, 1.7555516775300786e-03,
          1.0109165904516751e-03, 2.7809591210831879e-04,
          1.7200235981696975e-02, 2.0616624712395571e-03,
          -2.3036939571683471e-03, -9.1869629123273410e-04,
          5.0035850109532226e-04, -1.8166487233689547e-03,
          1.6408693980514505e-02, 6.6274914491950936e-03,
          2.2437457626870920e-03, 2.0616624712395571e-03,
          3.0748113259039381e-02, -1.6631412356148127e-03,
          -5.7639343731894126e-03, 9.3097507846316168e-05,
          1.6619252026712961e-03, -3.9952545029205344e-03,
          -8.5966737891013509e-04, -4.4489657157997781e-04,
          -2.3036939571683471e-03, -1.6631412356148127e-03,
          2.0854177894035410e-02, 2.8463882900535949e-03,
          -3.8623468064925073e-03, -1.0975452296199997e-02,
          -8.0263915220738120e-03, -2.8001434421500663e-03,
          -4.7402072813688587e-04, -9.1869629123273442e-04,
          -5.7639343731894117e-03, 2.8463882900535953e-03,
          1.4790205532569529e-02, 2.9784673563260620e-04,
          -1.1846540271605602e-02, -7.2768491667548534e-04,
          -9.5848454260760444e-05, -1.8494286490043589e-04,
          5.0035850109532226e-04, 9.3097507846316168e-05,
          -3.8623468064925073e-03, 2.9784673563260609e-04,
          6.9278652020676084e-03, 2.2197809760722814e-03,
          -1.0521842247236816e-02, 5.0621531565518277e-03,
          -5.1572825371971704e-03, -1.8166487233689551e-03,
          1.6619252026712974e-03, -1.0975452296199997e-02,
          -1.1846540271605605e-02, 2.2197809760722822e-03,
          2.6612765883643635e-01 ]
   - !!opencv-matrix
      rows: 9
      cols: 9
      dt: d
      data: [ 1.0848549164215756e-02, 3.9060219166745782e-03,
          -5.9250653348573299e-05, 5.6740006176419860e-04,
          3.0468113590303028e-03, 5.3906049240099959e-04,
          7.7684995452289145e-05, -1.2890317926895025e-04,
          4.6957791251678652e-04, 3.9060219166745782e-03,
          5.1656159968580468e-03, 2.7972309301845620e-05,
          7.0979070665249311e-04, 2.5069622138055585e-03,
          9.6087350067894795e-04, 2.0203206902962775e-03,
          -8.2420575827665498e-05, 6.6513395790595989e-04,
          -5.9250653348573360e-05, 2.7972309301845684e-05,
          1.3834564497536429e-02, -1.9883070490473370e-04,
          4.6204073593702940e-04, -7.1658558731635912e-04,
          8.7334764781135042e-05, -3.1733052075270506e-04,
          -9.1385266512641233e-04, 5.6740006176419838e-04,
          7.0979070665249311e-04, -1.9883070490473370e-04,
          2.0915364955460407e-02, 1.3114107736459679e-03,
          -2.4126085748980902e-03, 3.1934708108148874e-04,
          2.0921973472650228e-04, 2.7927803926706881e-04,
          3.0468113590303028e-03, 2.5069622138055585e-03,
          4.6204073593702930e-04, 1.3114107736459679e-03,
          1.9551590971709928e-02, 1.4142401946351564e-04,
          4.2273275024444740e-04, -2.0463382954121655e-04,
          2.9089179965810350e-04, 5.3906049240099948e-04,
          9.6087350067894795e-04, -7.1658558731635890e-04,
          -2.4126085748980902e-03, 1.4142401946351583e-04,
          2.1055378549069758e-02, 2.4475621936901568e-04,
          -3.6601897981373439e-03, 8.7652288408528268e-05,
          7.7684995452289131e-05, 2.0203206902962775e-03,
          8.7334764781135042e-05, 3.1934708108148857e-04,
          4.2273275024444740e-04, 2.4475621936901595e-04,
          1.3383104878798794e-02, -4.6523499862558725e-04,
          3.8461411506077609e-04, -1.2890317926895025e-04,
          -8.2420575827665525e-05, -3.1733052075270501e-04,
          2.0921973472650212e-04, -2.0463382954121647e-04,
          -3.6601897981373452e-03, -4.6523499862558736e-04,
          3.7585234197592501e-03, -7.6591507429477383e-05,
          4.6957791251678652e-04, 6.6513395790595978e-04,
          -9.1385266512641233e-04, 2.7927803926706881e-04,
          2.9089179965810350e-04, 8.7652288408528308e-05,
          3.8461411506077593e-04, -7.6591507429477383e-05,
          1.4311838456723288e-03 ]
   - !!opencv-matrix
      rows: 9
      cols: 9
      dt: d
      data: [ 1.1787272380111986e-01, 1.6018745822459926e-01,
          7.6507805942751181e-03, -8.6823027139345376e-03,
          1.6221086519968227e-02, 2.2429874039324438e-02,
          -1.0893774359769088e-02, 2.5601624566284776e-03,
          2.5860703397729914e-02, 1.6018745822459926e-01,
          4.5977468139713806e-01, 4.7238389559403253e-03,
          4.4296859587947580e-02, 4.7153711019628015e-02,
          4.5465806182956814e-02, 2.7683160587998732e-03,
          1.0188307455217280e-03, 6.5649005504183192e-02,
          7.6507805942751190e-03, 4.7238389559403253e-03,
          3.4766614537275073e-02, 5.0111136763566202e-03,
          3.6075881404688246e-03, 1.0091110891752346e-02,
          3.6367606235401819e-03, 4.1894040358864621e-03,
          3.7254680028695536e-03, -8.6823027139345324e-03,
          4.4296859587947587e-02, 5.0111136763566185e-03,
          2.6870400541970524e-01, 7.1322528724033760e-02,
          3.0790263837528679e-03, -5.8048060335162376e-03,
          9.2701238543554457e-03, -3.3743836674397593e-02,
          1.6221086519968227e-02, 4.7153711019628015e-02,
          3.6075881404688233e-03, 7.1322528724033760e-02,
          4.9548854606407698e-02, 5.2315370544223456e-03,
