%YAML:1.0
---
groups:
   - intact
   - CD19
   - blast
intactGmmnames:
   - "intact.Bue033.0"
   - "intact.Bue033.1"
   - "intact.Bue033.2"
   - "intact.Bue033.3"
   - "intact.Bue033.4"
intactLabels:
   - FSC-A
   - SSC-A
   - CD20
   - CD10
   - CD45
   - CD34
   - SYTO41
   - CD19
   - CD38
intactMu: !!opencv-matrix
   rows: 5
   cols: 9
   dt: d
   data: [ 1.7185774024441056e+00, 1.6133185673830548e+00,
       1.5362239674127474e+00, 2.5624835036938092e+00,
       2.2290900428977025e+00, 2.3783307105674272e+00,
       3.0753076610415402e+00, 1.4103424625154530e+00,
       2.1572791856223112e+00, 2.7348037536455183e+00,
       1.7113859361284607e+00, 1.4167226071100250e+00,
       1.5085973679783522e+00, 2.0361717403720991e+00,
       2.1121813769104447e+00, 2.7580364299511002e+00,
       1.2703246246460711e+00, 2.2965417969381070e+00,
       2.8118068741109941e+00, 2.0778739310080172e+00,
       1.3442191073353205e+00, 2.6404314858499220e+00,
       2.3410132961702188e+00, 1.9727852337546754e+00,
       2.5878247409871915e+00, 1.2337076736526489e+00,
       2.1108058963338996e+00, 1.6001520436108159e+00,
       1.2532177392284991e+00, 1.4148614252191896e+00,
       1.9725844628515756e+00, 1.6855259586243285e+00,
       2.4488019177918452e+00, 3.0476675986151669e+00,
       1.2099401004882813e+00, 1.9622146927596376e+00,
       1.5202741301938729e+00, 9.9287757792682707e-01,
       1.1354432582547882e+00, 1.1998560392370141e+00,
       1.0046412108906662e+00, 1.7816235577701167e+00,
       2.8145741850423933e+00, 1.0964392351964454e+00,
       1.3223089009352409e+00 ]
intactSigma:
   - !!opencv-matrix
      rows: 9
      cols: 9
      dt: d
      data: [ 1.7488942351125555e-01, 7.6698195290599999e-02,
          2.2101740096609021e-02, 3.4064193489907399e-02,
          3.6415509297757276e-02, 2.3656555983474117e-02,
          -2.1387454057208120e-02, 1.9933521046709281e-02,
          2.6915332587201482e-02, 7.6698195290599999e-02,
          9.1498934155545136e-02, 2.2071446456834700e-02,
          2.3475536277281328e-02, 2.1115570585608937e-02,
          2.6626587380192624e-02, -4.7025432767835561e-03,
          1.6838801706392716e-02, 1.9228573103113187e-02,
          2.2101740096609021e-02, 2.2071446456834700e-02,
          4.7000018647356465e-02, 4.5780874962200188e-03,
          2.2895678739164116e-03, 2.0683712306833475e-02,
          2.2555355218872634e-03, 8.9247933315271706e-03,
          6.2953525697377020e-03, 3.4064193489907399e-02,
          2.3475536277281328e-02, 4.5780874962200188e-03,
          9.5760241965740761e-02, 3.7750937615942365e-02,
          3.5368383556390855e-03, -9.0298073439175845e-03,
          1.2171182447026694e-02, 2.0165519500281524e-02,
          3.6415509297757276e-02, 2.1115570585608937e-02,
          2.2895678739164121e-03, 3.7750937615942358e-02,
          5.1927977039932918e-02, 1.1543037311762322e-04,
          -9.3304778860094726e-03, 7.4243254876360971e-03,
          1.6427840128578404e-02, 2.3656555983474114e-02,
          2.6626587380192617e-02, 2.0683712306833475e-02,
          3.5368383556390855e-03, 1.1543037311762307e-04,
          5.2205526329050594e-02, 4.7979222446337287e-03,
          3.7325080165928021e-03, 9.6447930530094619e-03,
          -2.1387454057208120e-02, -4.7025432767835561e-03,
          2.2555355218872634e-03, -9.0298073439175845e-03,
          -9.3304778860094726e-03, 4.7979222446337287e-03,
          9.7427426306746327e-03, 3.8751341224422978e-04,
          -3.8132784425438152e-03, 1.9933521046709281e-02,
          1.6838801706392719e-02, 8.9247933315271706e-03,
          1.2171182447026698e-02, 7.4243254876360954e-03,
          3.7325080165928034e-03, 3.8751341224422945e-04,
          7.5074772283130572e-02, 9.0824969507737469e-03,
          2.6915332587201482e-02, 1.9228573103113190e-02,
          6.2953525697377029e-03, 2.0165519500281521e-02,
          1.6427840128578401e-02, 9.6447930530094619e-03,
          -3.8132784425438148e-03, 9.0824969507737434e-03,
          3.6887313479417004e-02 ]
   - !!opencv-matrix
      rows: 9
      cols: 9
      dt: d
      data: [ 3.5208299516274338e-01, 1.5351014968993895e-01,
          -2.7057239884038027e-02, -9.3473116014293561e-02,
          1.2685366868498891e-02, -2.5577133518077139e-02,
          -4.7298621098193105e-02, -2.5723749012062286e-02,
          5.4365239494163407e-02, 1.5351014968993892e-01,
          2.4629474898485343e-01, 3.1460624220812625e-02,
          4.0803569514711847e-02, 3.2760827221089944e-02,
          5.4912528719005489e-02, -6.2719586916068328e-03,
          2.0942952628339548e-02, 3.2809989328956561e-02,
          -2.7057239884038027e-02, 3.1460624220812625e-02,
          1.0322534970480324e-01, 6.1636992751263497e-02,
          -7.8848000321356704e-04, 8.4509854257859535e-02,
          2.8745447545474936e-02, 3.8367893371556903e-02,
          -1.7619177974510906e-02, -9.3473116014293561e-02,
          4.0803569514711854e-02, 6.1636992751263497e-02,
          3.0711626379695278e-01, 3.7549552314506539e-02,
          9.4279630100400288e-02, 4.0608338389823154e-02,
          5.0598037919900772e-02, -3.4444457995750154e-02,
          1.2685366868498886e-02, 3.2760827221089944e-02,
          -7.8848000321356715e-04, 3.7549552314506525e-02,
          7.6439612849363597e-02, 1.9318544761402154e-03,
          -8.8066374033992801e-03, 1.0798342511624618e-02,
          2.7424502661902394e-02, -2.5577133518077128e-02,
          5.4912528719005489e-02, 8.4509854257859535e-02,
          9.4279630100400288e-02, 1.9318544761402141e-03,
          1.9534757785194432e-01, 4.1006089955745215e-02,
          3.9159901557628829e-02, -1.2104606405520644e-02,
          -4.7298621098193099e-02, -6.2719586916068328e-03,
          2.8745447545474936e-02, 4.0608338389823154e-02,
          -8.8066374033992818e-03, 4.1006089955745215e-02,
          5.1147169402191710e-02, 1.4973961214321754e-02,
          -9.1059309970465685e-03, -2.5723749012062286e-02,
          2.0942952628339548e-02, 3.8367893371556903e-02,
          5.0598037919900772e-02, 1.0798342511624618e-02,
          3.9159901557628829e-02, 1.4973961214321757e-02,
          7.9902228627380931e-02, 5.7099143727705748e-03,
          5.4365239494163407e-02, 3.2809989328956561e-02,
          -1.7619177974510902e-02, -3.4444457995750154e-02,
          2.7424502661902404e-02, -1.2104606405520640e-02,
          -9.1059309970465702e-03, 5.7099143727705765e-03,
          1.5111278719846083e-01 ]
   - !!opencv-matrix
      rows: 9
      cols: 9
      dt: d
      data: [ 2.0550616223577708e-01, 1.6782826600242992e-01,
          5.9160430173782842e-05, -9.3244532214804346e-03,
          8.0757240366036154e-03, 2.8598665215229375e-02,
          -4.0695272917055277e-02, -9.0482128969745119e-03,
          2.1254173301465760e-02, 1.6782826600242992e-01,
          2.3954595722933139e-01, 6.6047164648957157e-03,
          2.8231994408219635e-02, 2.6420029031869231e-02,
          4.1053258051808518e-02, -3.4955627930283568e-02,
          -1.2197710067388579e-03, 3.8527160224895780e-02,
          5.9160430173783282e-05, 6.6047164648957131e-03,
          3.7920651222200868e-02, 6.7113002768383776e-03,
          3.2267594985270699e-03, 1.8643884396537257e-02,
          9.4500326623104588e-03, 6.6797915301065021e-03,
          7.3517291725027434e-03, -9.3244532214804311e-03,
          2.8231994408219638e-02, 6.7113002768383750e-03,
          1.0639991220424817e-01, 2.6872028714586917e-02,
          3.7875906456674453e-03, -1.4500047331348213e-03,
          9.8649430868266198e-03, 1.3503212538028074e-02,
          8.0757240366036154e-03, 2.6420029031869220e-02,
          3.2267594985270699e-03, 2.6872028714586917e-02,
          2.9805793743195082e-02, 6.7768152031866006e-03,
          -3.7894840528920151e-03, 3.4874193142189402e-03,
