%YAML:1.0
---
groups:
   - intact
   - CD19
intactGmmnames:
   - "intact.Bue080.0"
   - "intact.Bue080.1"
   - "intact.Bue080.2"
   - "intact.Bue080.3"
   - "intact.Bue080.4"
intactLabels:
   - FSC-A
   - SSC-A
   - CD20
   - CD10
   - CD45
   - CD34
   - SYTO41
   - CD19
   - CD38
intactMu: !!opencv-matrix
   rows: 5
   cols: 9
   dt: d
   data: [ 9.4528422221970898e-01, 2.0902080696080708e-01,
       1.0441153816824331e+00, 8.0089598897670511e-01,
       3.3260385292644066e+00, 1.2151536872981492e+00,
       2.5389022016417631e+00, 1.0699226623561580e+00,
       1.8241009764592100e+00, 2.1712282975867367e+00,
       1.3862046152932019e+00, 1.5225620252349827e+00,
       1.7123721332993627e+00, 3.0632154561786806e+00,
       1.5831366217919394e+00, 2.6231819503782243e+00,
       1.2808356345465137e+00, 2.0611319429557571e+00,
       1.5103600295083757e+00, 3.4288590828425169e-01,
       1.0048215546513317e+00, 8.1474584201838085e-01,
       3.4897195514454804e+00, 1.1195155952899436e+00,
       2.2443263145035588e+00, 1.0650371262504374e+00,
       2.6659792556609512e+00, 1.2333752771242510e+00,
       2.8985639088987197e-01, 9.3841996835526587e-01,
       8.0765513635762043e-01, 1.4671826265272661e+00,
       1.2725330322668602e+00, 2.6484174860314207e+00,
       1.0592158410130905e+00, 1.3431957970510706e+00,
       1.4090075879789714e+00, 2.7408603978094159e-01,
       1.1216982087525986e+00, 8.6592196685728795e-01,
       3.3655117713828995e+00, 1.1643942252229316e+00,
       2.3455856765102645e+00, 1.0567998979206366e+00,
       1.2270376384538564e+00 ]
intactSigma:
   - !!opencv-matrix
      rows: 9
      cols: 9
      dt: d
      data: [ 1.6029465020319440e-02, 1.5030916286073270e-03,
          -2.4744739018420052e-03, 1.8468488817024093e-05,
          1.7668244062858112e-03, -2.5986071277339846e-03,
          -1.7511897699259611e-02, -1.1420920122179167e-03,
          -7.5345425272134274e-03, 1.5030916286073268e-03,
          2.9016623984062470e-03, 2.1438974341453283e-03,
          9.2813476307507031e-04, 2.8699695501841803e-03,
          9.0599658341955903e-04, 4.1298664216818241e-04,
          1.7307403106158611e-04, -4.5883518953409655e-03,
          -2.4744739018420052e-03, 2.1438974341453287e-03,
          1.0717369952401587e-01, 1.8447981767636863e-03,
          2.4363675539337852e-03, 2.5387173009348168e-03,
          1.3540848812511438e-02, 1.4506037208720625e-03,
          -4.4056469251948140e-03, 1.8468488817023967e-05,
          9.2813476307507031e-04, 1.8447981767636863e-03,
          2.2925110729763019e-02, 8.2596107656142013e-04,
          -1.3247234132540856e-03, 1.5150716885126167e-03,
          4.9347114428464542e-04, -1.6210173584285843e-04,
          1.7668244062858112e-03, 2.8699695501841803e-03,
          2.4363675539337852e-03, 8.2596107656141991e-04,
          1.2010812834525280e-02, 1.0548612252152920e-03,
          1.2400305436131784e-03, -8.0140652891232068e-04,
          -7.9911273922350732e-03, -2.5986071277339846e-03,
          9.0599658341955903e-04, 2.5387173009348155e-03,
          -1.3247234132540851e-03, 1.0548612252152922e-03,
          2.0141039978682069e-02, 1.0472895117159927e-02,
          -3.5134389576202780e-03, -5.0617002549122152e-03,
          -1.7511897699259604e-02, 4.1298664216818224e-04,
          1.3540848812511440e-02, 1.5150716885126171e-03,
          1.2400305436131790e-03, 1.0472895117159925e-02,
          6.3508518871902508e-02, 2.3670454755708378e-03,
          4.6916471680779129e-03, -1.1420920122179169e-03,
          1.7307403106158609e-04, 1.4506037208720621e-03,
          4.9347114428464575e-04, -8.0140652891232036e-04,
          -3.5134389576202780e-03, 2.3670454755708383e-03,
          1.9348906553882082e-02, 5.1126277136137425e-04,
          -7.5345425272134274e-03, -4.5883518953409664e-03,
          -4.4056469251948140e-03, -1.6210173584285881e-04,
          -7.9911273922350749e-03, -5.0617002549122152e-03,
          4.6916471680779129e-03, 5.1126277136137425e-04,
          1.5753397276073092e-01 ]
   - !!opencv-matrix
      rows: 9
      cols: 9
      dt: d
      data: [ 7.3971389101118501e-01, 4.8476753030708691e-01,
          -2.8248415627836098e-02, 2.6410802470228018e-01,
          6.8797154239275418e-02, 6.3202329394680762e-02,
          2.2213752504164675e-02, -2.8634849609390455e-02,
          8.1905772105507618e-02, 4.8476753030708691e-01,
          7.5425759674469894e-01, 3.6861608058214389e-02,
          4.8165806274562356e-01, -2.2586051517192188e-02,
          9.3657620436376543e-02, 4.8017832449528113e-02,
          -2.0557628670937342e-02, 3.8578275282366729e-02,
          -2.8248415627836098e-02, 3.6861608058214389e-02,
          2.9417046437031424e-01, 2.0510671670202364e-02,
          2.6713685475492792e-02, 4.5705024365088283e-02,
          7.4716528361488546e-03, 1.1097772054642971e-01,
          -4.5760317762712020e-02, 2.6410802470228018e-01,
          4.8165806274562356e-01, 2.0510671670202360e-02,
          5.8836479430179545e-01, 2.0038105486296351e-02,
          3.2012025764151089e-02, 4.3968150557705442e-02,
          -9.0281628819359958e-03, -3.3652871345969559e-02,
          6.8797154239275418e-02, -2.2586051517192188e-02,
          2.6713685475492792e-02, 2.0038105486296344e-02,
          2.0649225589949638e-01, 1.0537995736030193e-03,
          3.6468100482854983e-03, 2.9962430890726283e-02,
          5.9313036502412847e-02, 6.3202329394680762e-02,
          9.3657620436376543e-02, 4.5705024365088283e-02,
          3.2012025764151089e-02, 1.0537995736030201e-03,
          1.3546202008591082e-01, 1.1261420184310377e-02,
          -4.7105816103085755e-03, 3.8865200830549340e-02,
          2.2213752504164675e-02, 4.8017832449528113e-02,
          7.4716528361488529e-03, 4.3968150557705442e-02,
          3.6468100482854970e-03, 1.1261420184310377e-02,
          9.5166828582953139e-02, -3.6851283954534063e-03,
          -3.3239266410994462e-03, -2.8634849609390455e-02,
          -2.0557628670937342e-02, 1.1097772054642971e-01,
          -9.0281628819359923e-03, 2.9962430890726283e-02,
          -4.7105816103085764e-03, -3.6851283954534063e-03,
          1.3414479723181508e-01, -2.2085678958428581e-02,
          8.1905772105507618e-02, 3.8578275282366729e-02,
          -4.5760317762712020e-02, -3.3652871345969559e-02,
          5.9313036502412847e-02, 3.8865200830549340e-02,
          -3.3239266410994470e-03, -2.2085678958428577e-02,
          2.7440338617290677e-01 ]
   - !!opencv-matrix
      rows: 9
      cols: 9
      dt: d
      data: [ 5.8557479282870549e-02, 1.2305381732943915e-02,
          -6.7355142460096204e-03, 1.5671317842571694e-03,
          1.5020540477188532e-02, -4.3988744193077644e-03,
          1.0499878170612628e-04, 6.0421543984408288e-04,
          4.1372030587719065e-02, 1.2305381732943915e-02,
          8.5235063492974973e-03, -3.4514070342545546e-03,
          8.9027748032275116e-04, 7.5764150756834972e-03,
          -2.0706047465566140e-03, -3.5037401730616857e-04,
          5.9179138593283976e-04, 3.2505679199497893e-02,
          -6.7355142460096187e-03, -3.4514070342545559e-03,
          1.9174208916483412e-01, 1.2592783378269131e-03,
          -3.2118808707524409e-03, 2.8124897273558553e-03,
          -4.3535657396765419e-04, -1.8037633395321297e-03,
          -3.4285891420255434e-02, 1.5671317842571679e-03,
          8.9027748032275095e-04, 1.2592783378269125e-03,
          2.5808665434289089e-02, 1.4324973656640325e-03,
          -2.3047813149819690e-03, -2.5381998456300937e-04,
          1.1482969985348434e-05, -6.7201032130362846e-04,
          1.5020540477188532e-02, 7.5764150756834972e-03,
          -3.2118808707524422e-03, 1.4324973656640329e-03,
          1.7777978662182014e-02, -2.2675535515096342e-03,
