%YAML:1.0
---
groups:
   - intact
   - CD19
   - blast
intactGmmnames:
   - "intact.Bue023.0"
   - "intact.Bue023.1"
   - "intact.Bue023.2"
   - "intact.Bue023.3"
   - "intact.Bue023.4"
intactLabels:
   - FSC-A
   - SSC-A
   - CD20
   - CD10
   - CD45
   - CD34
   - SYTO41
   - CD19
   - CD38
intactMu: !!opencv-matrix
   rows: 5
   cols: 9
   dt: d
   data: [ 8.6471502498692454e-01, 2.3856967605700527e-01,
       1.2558914206183809e+00, 1.0898025820411075e+00,
       1.6043270130336693e+00, 1.2579714548658354e+00,
       3.6808508773211757e+00, 1.1891879977093427e+00,
       1.2315265831559814e+00, 2.0527627626797931e+00,
       2.2920835400314941e+00, 1.3121889082445446e+00,
       1.2267153271301945e+00, 2.5137427637310674e+00,
       1.6639804265753353e+00, 3.6172358971318745e+00,
       1.2326587728074172e+00, 2.1658535955913205e+00,
       1.0880090466074561e+00, 2.6725622713401509e-01,
       1.2624540203281447e+00, 1.1041186256343638e+00,
       3.1641296051327870e+00, 1.1769794070739987e+00,
       3.5808506324654550e+00, 1.1953145899252549e+00,
       1.8665554474441792e+00, 1.7449240570079763e+00,
       9.2733816653089718e-01, 1.3707431045144924e+00,
       1.1931062023708678e+00, 2.6299262827074039e+00,
       1.6333162909350880e+00, 3.7963200466215312e+00,
       1.2637991683258938e+00, 2.1885938391442510e+00,
       1.8900003979247870e+00, 2.3999570479505077e+00,
       1.3243209012546107e+00, 2.3344742983128790e+00,
       2.9256298171369823e+00, 1.7086399757501693e+00,
       3.5772038600322720e+00, 1.2867982292780127e+00,
       1.8594496911166798e+00 ]
intactSigma:
   - !!opencv-matrix
      rows: 9
      cols: 9
      dt: d
      data: [ 6.9818159089100107e-02, 1.7721500950113857e-02,
          5.2906493395526793e-04, 1.3373214768039369e-03,
          3.4245611517466412e-02, 4.5722011147432346e-03,
          2.4202917287495868e-02, 4.9192403649250859e-04,
          5.4856685570287703e-03, 1.7721500950113857e-02,
          8.5552704507309094e-03, 4.5774851268011235e-04,
          7.0144856338237853e-04, 1.4274898677271025e-02,
          4.5230372357406489e-03, 8.2793339332556878e-03,
          3.0579672353839673e-04, 2.6503551739174430e-03,
          5.2906493395526836e-04, 4.5774851268011246e-04,
          4.1175880060928764e-03, 2.1460758154298446e-04,
          1.7917725876435416e-04, -7.3231596343736709e-04,
          2.1189664067453002e-04, -3.9523838002885577e-05,
          -2.3995214906770507e-04, 1.3373214768039373e-03,
          7.0144856338237832e-04, 2.1460758154298452e-04,
          7.6020239389731946e-03, 2.9640213955258012e-03,
          -2.3247963978113417e-03, 6.0037055101035261e-04,
          8.8814495916769882e-05, 2.6450002854238317e-04,
          3.4245611517466419e-02, 1.4274898677271025e-02,
          1.7917725876435427e-04, 2.9640213955258012e-03,
          1.3079391121155154e-01, 1.2646768743652562e-02,
          2.6160876501136139e-02, 3.8136696039187194e-04,
          4.0385214070398348e-03, 4.5722011147432346e-03,
          4.5230372357406489e-03, -7.3231596343736720e-04,
          -2.3247963978113421e-03, 1.2646768743652562e-02,
          6.9369565255489068e-02, 9.7531827380866343e-03,
          -5.5473667208386524e-03, 1.3444248883579424e-03,
          2.4202917287495872e-02, 8.2793339332556878e-03,
          2.1189664067453013e-04, 6.0037055101035261e-04,
          2.6160876501136143e-02, 9.7531827380866361e-03,
          3.5152801045625869e-02, 4.7730062228182262e-05,
          1.8874525195650678e-03, 4.9192403649250848e-04,
          3.0579672353839684e-04, -3.9523838002885550e-05,
          8.8814495916769882e-05, 3.8136696039187161e-04,
          -5.5473667208386515e-03, 4.7730062228182262e-05,
          4.0981907635323257e-03, 2.1528545001960937e-04,
          5.4856685570287703e-03, 2.6503551739174430e-03,
          -2.3995214906770502e-04, 2.6450002854238317e-04,
          4.0385214070398348e-03, 1.3444248883579424e-03,
          1.8874525195650674e-03, 2.1528545001960942e-04,
          3.4663970928258433e-03 ]
   - !!opencv-matrix
      rows: 9
      cols: 9
      dt: d
      data: [ 8.5057734434858978e-02, 1.2456137242263518e-01,
          2.9563916306984865e-03, 4.9703695257586151e-03,
          1.6525362415895386e-02, 3.7679020126322890e-02,
          1.2530006221973776e-02, 2.4104466386875171e-03,
          2.6156772801897325e-02, 1.2456137242263518e-01,
          3.4978359671291387e-01, 2.5764224342571867e-03,
          1.9925223016278783e-02, 4.6150787131610242e-02,
          6.2553804252903134e-02, 1.5885500546914972e-02,
          3.6080796239534828e-03, 4.9791512958821171e-02,
          2.9563916306984870e-03, 2.5764224342571863e-03,
          9.8596336584325511e-03, 6.5132716397017375e-04,
          7.9633541469972986e-04, 1.7751831331375026e-03,
          7.3482465662406797e-04, -5.1226717387764357e-04,
          -3.6100427927058301e-04, 4.9703695257586151e-03,
          1.9925223016278786e-02, 6.5132716397017375e-04,
          1.5353408919781236e-02, 9.4196205099979398e-03,
          1.6781548091313052e-03, -5.9663957912304058e-04,
          4.8287196900384006e-04, -2.8406190615211193e-03,
          1.6525362415895386e-02, 4.6150787131610242e-02,
          7.9633541469972921e-04, 9.4196205099979381e-03,
          3.2943517830931267e-02, 1.1616672586864088e-02,
          -4.6410209676668997e-04, 1.3722772754778641e-03,
          -4.0596592509776130e-03, 3.7679020126322883e-02,
          6.2553804252903147e-02, 1.7751831331375030e-03,
          1.6781548091313054e-03, 1.1616672586864090e-02,
          8.6882697725038718e-02, 8.1937223451893394e-03,
          -5.3861121856060403e-03, 2.1289909871752773e-02,
          1.2530006221973776e-02, 1.5885500546914972e-02,
          7.3482465662406797e-04, -5.9663957912304069e-04,
          -4.6410209676668991e-04, 8.1937223451893394e-03,
          6.3550194533641613e-03, 2.2660817701880003e-04,
          1.4630117477755767e-02, 2.4104466386875175e-03,
          3.6080796239534832e-03, -5.1226717387764357e-04,
          4.8287196900384006e-04, 1.3722772754778641e-03,
          -5.3861121856060420e-03, 2.2660817701880003e-04,
          1.0955205420480115e-02, 2.4239915447573398e-03,
          2.6156772801897325e-02, 4.9791512958821164e-02,
          -3.6100427927058339e-04, -2.8406190615211193e-03,
          -4.0596592509776139e-03, 2.1289909871752780e-02,
          1.4630117477755767e-02, 2.4239915447573394e-03,
          9.1733568779346158e-02 ]
   - !!opencv-matrix
      rows: 9
      cols: 9
      dt: d
      data: [ 4.7921214423434812e-02, 1.3949418670086387e-02,
          -7.3208809509317361e-05, 8.8349263104964325e-04,
          1.6302927483548696e-02, -7.3742867124191912e-03,
          9.2214288995681477e-03, 2.4731563356725125e-04,
          3.3572344732351302e-02, 1.3949418670086387e-02,
          7.7498156050130988e-03, 1.0700566405946163e-04,
          7.7527364098371461e-04, 7.2839510060000896e-03,
          -1.0050530848510657e-03, 3.9779479745424874e-03,
          2.3380384567981010e-04, 1.8657154746077695e-02,
          -7.3208809509317226e-05, 1.0700566405946166e-04,
          7.2789155435154023e-03, 2.6279791068802569e-05,
          4.4609717385787092e-04, -1.8962504777441251e-04,
          6.2113634861102701e-05, -2.6384387178383912e-04,
          -2.5011459365913685e-03, 8.8349263104964347e-04,
          7.7527364098371439e-04, 2.6279791068802488e-05,
          5.1992593314512010e-03, 5.5348201694995543e-04,
          -1.4447294425111886e-03, 1.8521457198566207e-04,
          2.9728168223467266e-04, -2.0961617029211760e-04,
          1.6302927483548696e-02, 7.2839510060000888e-03,
          4.4609717385787092e-04, 5.5348201694995554e-04,
          2.2428693080581305e-02, -2.9416508745841292e-03,
          4.9481264195819939e-03, 5.0943924355180767e-05,
