%YAML:1.0
---
groups:
   - intact
   - CD19
   - blast
intactGmmnames:
   - "intact.Bue065.0"
   - "intact.Bue065.1"
   - "intact.Bue065.2"
   - "intact.Bue065.3"
   - "intact.Bue065.4"
intactLabels:
   - FSC-A
   - SSC-A
   - CD20
   - CD10
   - CD45
   - CD34
   - SYTO41
   - CD19
   - CD38
intactMu: !!opencv-matrix
   rows: 5
   cols: 9
   dt: d
   data: [ 7.0180097426396548e-01, 1.6768077729851699e-01,
       1.0734049639793435e+00, 8.7627536210232737e-01,
       1.3229972222860242e+00, 1.2142987764025972e+00,
       3.5807683313728647e+00, 1.0492058039830598e+00,
       1.2403029957640068e+00, 1.8715578228614171e+00,
       2.1851373711269297e+00, 1.2630073326959015e+00,
       2.4281497968622707e+00, 3.2239925297715142e+00,
       1.6614093600328705e+00, 3.5988356462832578e+00,
       1.1432112142733195e+00, 1.9789376218323134e+00,
       1.0726795517507901e+00, 2.1520377011427844e-01,
       1.1458390174133184e+00, 9.0301382721011947e-01,
       3.6532338783085807e+00, 1.1674001956648523e+00,
       3.6817144101428454e+00, 1.0612288074805438e+00,
       2.0339564247466941e+00, 1.7351702033235770e+00,
       8.7944646949501049e-01, 1.3592849813138164e+00,
       1.2247945782064757e+00, 3.3791074418536509e+00,
       1.7734468606928799e+00, 3.8202888839356359e+00,
       1.1981898863196889e+00, 2.6750994636376846e+00,
       1.7196407210981217e+00, 1.2137904330780616e+00,
       1.2156799469527746e+00, 9.7775609653072448e-01,
       2.2152818081401340e+00, 1.5700981685193480e+00,
       3.8637809982993416e+00, 1.0994304265375276e+00,
       1.9906485745700548e+00 ]
intactSigma:
   - !!opencv-matrix
      rows: 9
      cols: 9
      dt: d
      data: [ 3.3647341188664755e-02, 7.4583034808070516e-03,
          9.6102197468140183e-04, 1.0675126868489558e-03,
          3.1597221905252822e-05, 2.0674289299531280e-03,
          2.2728749165522592e-02, 6.4443308497151119e-04,
          4.2265573228139324e-03, 7.4583034808070516e-03,
          2.8398681696058300e-03, 3.4941690832032706e-04,
          5.0798399214985386e-04, 1.0847245518606869e-03,
          9.4355765300572483e-04, 5.4795058334366044e-03,
          2.3229876869108564e-04, 1.5334833136980311e-03,
          9.6102197468140172e-04, 3.4941690832032717e-04,
          1.4507019833297300e-02, 5.5790461581976174e-04,
          3.4313811890304729e-04, -7.5704872564483206e-04,
          1.4524395940195862e-03, -2.5712487914650745e-04,
          -8.2254812010254075e-04, 1.0675126868489556e-03,
          5.0798399214985386e-04, 5.5790461581976174e-04,
          1.6197230582691711e-02, 1.1769685261573530e-03,
          -2.5481174718474235e-03, 2.0746404287872599e-04,
          3.7841115392083153e-04, -2.2673051764605441e-05,
          3.1597221905252788e-05, 1.0847245518606865e-03,
          3.4313811890304739e-04, 1.1769685261573527e-03,
          7.1707367827451227e-02, 7.6804440223941317e-04,
          -7.3159839777921006e-03, -1.8039121703753322e-04,
          -3.1183417880423388e-04, 2.0674289299531280e-03,
          9.4355765300572526e-04, -7.5704872564483184e-04,
          -2.5481174718474239e-03, 7.6804440223941317e-04,
          2.6282339005268048e-02, 3.0385140291083437e-03,
          -4.5243770274288045e-03, 8.0762506134965481e-04,
          2.2728749165522592e-02, 5.4795058334366044e-03,
          1.4524395940195862e-03, 2.0746404287872599e-04,
          -7.3159839777921041e-03, 3.0385140291083446e-03,
          4.9128746075434111e-02, 1.4888707207569036e-03,
          3.5152714520379834e-03, 6.4443308497151108e-04,
          2.3229876869108570e-04, -2.5712487914650745e-04,
          3.7841115392083159e-04, -1.8039121703753312e-04,
          -4.5243770274288045e-03, 1.4888707207569036e-03,
          7.6098520735548352e-03, 1.9014640667337705e-04,
          4.2265573228139324e-03, 1.5334833136980313e-03,
          -8.2254812010254053e-04, -2.2673051764605346e-05,
          -3.1183417880423404e-04, 8.0762506134965514e-04,
          3.5152714520379855e-03, 1.9014640667337705e-04,
          5.0821010719613296e-03 ]
   - !!opencv-matrix
      rows: 9
      cols: 9
      dt: d
      data: [ 4.6364890944236049e-02, 8.6686186255605022e-02,
          1.0112049515511845e-02, -1.3812812113824943e-02,
          -9.0225682809100965e-04, 1.9737432734046871e-02,
          -4.1667021053747315e-04, 2.4427672156213005e-03,
          2.0053442752901402e-02, 8.6686186255605036e-02,
          2.8260627046509401e-01, 1.4281481434243837e-02,
          3.2314918990046279e-02, 2.4208040693412983e-02,
          3.3995501005705392e-02, -6.4192975450601329e-04,
          4.6855543307382681e-03, 4.7085957333558325e-02,
          1.0112049515511845e-02, 1.4281481434243837e-02,
          4.2292337456368040e-02, 1.4255347263262316e-03,
          2.0682374398052071e-03, 9.5296396215255440e-03,
          3.6551079280615711e-03, 1.2293780963777124e-03,
          1.0657929279368934e-03, -1.3812812113824943e-02,
          3.2314918990046279e-02, 1.4255347263262325e-03,
          1.8354876127757741e-01, 5.0936465817753740e-02,
          -1.8722598676040692e-02, -5.8165795092584988e-03,
          1.3327794044142617e-02, -1.2380323527236973e-02,
          -9.0225682809101052e-04, 2.4208040693412987e-02,
          2.0682374398052071e-03, 5.0936465817753747e-02,
          3.1401190330247207e-02, -1.6726924218159003e-03,
          -1.2493714294121148e-03, 6.4959865050264456e-03,
          -2.8162464320605866e-03, 1.9737432734046868e-02,
          3.3995501005705392e-02, 9.5296396215255458e-03,
          -1.8722598676040682e-02, -1.6726924218159007e-03,
          1.3016314629369904e-01, 6.4349948217375958e-03,
          -1.7210421103974541e-02, 1.3269303200959344e-02,
          -4.1667021053747304e-04, -6.4192975450601275e-04,
          3.6551079280615711e-03, -5.8165795092584970e-03,
          -1.2493714294121148e-03, 6.4349948217375967e-03,
          1.4062797270178194e-02, 8.4986642614623929e-04,
          1.2820421904275224e-03, 2.4427672156213005e-03,
          4.6855543307382690e-03, 1.2293780963777126e-03,
          1.3327794044142619e-02, 6.4959865050264456e-03,
          -1.7210421103974541e-02, 8.4986642614623908e-04,
          4.1654289967303325e-02, 1.5916045274218637e-03,
          2.0053442752901399e-02, 4.7085957333558325e-02,
          1.0657929279368928e-03, -1.2380323527236973e-02,
          -2.8162464320605862e-03, 1.3269303200959346e-02,
          1.2820421904275222e-03, 1.5916045274218650e-03,
          5.4867474035640976e-02 ]
   - !!opencv-matrix
      rows: 9
      cols: 9
      dt: d
      data: [ 2.9567331669665461e-02, 8.5200085656020400e-03,
          2.8264712376590206e-04, 1.1050014177759231e-04,
          1.4287737513213992e-02, -2.8870886082564013e-03,
          -5.6201325162311751e-04, 6.2940697603500957e-05,
          3.6531472967221548e-02, 8.5200085656020400e-03,
          4.5219523402062973e-03, 4.9248959416988368e-04,
          2.2083100172080874e-04, 6.4134945323623335e-03,
          -3.2482967860789585e-04, -1.1687366500392374e-03,
          7.4282482160701791e-05, 1.9075397803971588e-02,
          2.8264712376590228e-04, 4.9248959416988358e-04,
          5.8507337773196513e-02, 2.7175680077164149e-04,
          3.1039448548481202e-03, -5.1430951443981313e-04,
          -7.7984513604986792e-04, -2.1591688080903173e-03,
          -2.3965732591546010e-02, 1.1050014177759223e-04,
          2.2083100172080885e-04, 2.7175680077164149e-04,
          1.1117680841847895e-02, 4.9410654934146806e-04,
          -1.5209113054948091e-03, -4.5350290892270636e-04,
          -2.2810589364170687e-04, 8.5641797634106200e-05,
          1.4287737513213992e-02, 6.4134945323623335e-03,
          3.1039448548481193e-03, 4.9410654934146784e-04,
          1.8528949154480723e-02, -1.4632361693244465e-03,
