%YAML:1.0
---
groups:
   - intact
   - CD19
   - blast
intactGmmnames:
   - "intact.Bue008.0"
   - "intact.Bue008.1"
   - "intact.Bue008.2"
   - "intact.Bue008.3"
   - "intact.Bue008.4"
intactLabels:
   - FSC-A
   - SSC-A
   - CD20
   - CD10
   - CD45
   - CD34
   - SYTO41
   - CD19
   - CD38
intactMu: !!opencv-matrix
   rows: 5
   cols: 9
   dt: d
   data: [ 9.7495291993798550e-01, 2.7120325443958387e-01,
       1.1431802878669903e+00, 9.2005850993894001e-01,
       1.9872445823647249e+00, 1.2736808793620995e+00,
       3.8742865339201540e+00, 1.0972553446410533e+00,
       1.2679256966729200e+00, 1.0584652173995281e+00,
       1.6566665940958755e-01, 1.1531287861624842e+00,
       9.1688102106881131e-01, 3.3181409081219040e+00,
       1.1985844026021588e+00, 4.1700636295977720e+00,
       1.1012102664843439e+00, 1.5750290659074213e+00,
       2.0402948142709079e+00, 2.0229947464390965e+00,
       1.2804139382939457e+00, 1.6664094947772368e+00,
       3.1535235543790026e+00, 1.9851438165153537e+00,
       4.0944799880027540e+00, 1.1823960204980628e+00,
       1.8705405558691675e+00, 1.4165582284437668e+00,
       5.4684264451434783e-01, 1.4249994238586547e+00,
       1.0430756068194169e+00, 3.0408259412347194e+00,
       1.5320930641275201e+00, 3.9734671809936954e+00,
       1.3351945841745996e+00, 1.8712521765199150e+00,
       1.2898285942468748e+00, 2.7206969554229621e-01,
       1.1588709389607073e+00, 9.3752231074770409e-01,
       3.5162816526609961e+00, 1.2139209990323570e+00,
       3.8558011972563326e+00, 1.0885655044825777e+00,
       1.9324401063285122e+00 ]
intactSigma:
   - !!opencv-matrix
      rows: 9
      cols: 9
      dt: d
      data: [ 9.9081582955808781e-02, 2.1680911088077969e-02,
          9.2822469301088984e-04, 4.6179893059067733e-03,
          3.3621030510346157e-02, 2.9478295047086099e-03,
          6.8864268639854788e-03, 1.8844332330591337e-04,
          3.8794678977936928e-03, 2.1680911088077966e-02,
          7.8341099696366788e-03, 5.6962903377182875e-04,
          1.3869481540536948e-03, 1.2372674875846113e-02,
          2.1734182297985277e-03, 4.1899035854863573e-03,
          3.4358356135701855e-04, 1.4675358386857199e-03,
          9.2822469301089016e-04, 5.6962903377182897e-04,
          9.2134074555658210e-03, 3.4951088765538375e-04,
          2.7446046310355527e-03, -1.3825208388758823e-03,
          1.6041299235566328e-03, -2.3466360522324877e-04,
          -4.5406644368297880e-04, 4.6179893059067750e-03,
          1.3869481540536952e-03, 3.4951088765538375e-04,
          3.3804384704019211e-02, 3.7158388373957491e-03,
          -5.6634244630486249e-03, 6.2071523689466532e-04,
          2.0654857136703328e-04, 2.6244292689113632e-04,
          3.3621030510346157e-02, 1.2372674875846113e-02,
          2.7446046310355536e-03, 3.7158388373957491e-03,
          1.8137788835052648e-01, 3.7558949482398352e-03,
          6.2134990453900939e-02, 2.1298942380482346e-03,
          3.4238644141497119e-03, 2.9478295047086099e-03,
          2.1734182297985273e-03, -1.3825208388758817e-03,
          -5.6634244630486249e-03, 3.7558949482398374e-03,
          7.6626318211557673e-02, -1.0030486426761765e-03,
          -8.6180914695444914e-03, -2.4650513362437182e-04,
          6.8864268639854788e-03, 4.1899035854863573e-03,
          1.6041299235566334e-03, 6.2071523689466554e-04,
          6.2134990453900939e-02, -1.0030486426761763e-03,
          6.1889852690343160e-02, 1.1915535518536254e-03,
          1.9255404237650100e-03, 1.8844332330591334e-04,
          3.4358356135701855e-04, -2.3466360522324877e-04,
          2.0654857136703344e-04, 2.1298942380482350e-03,
          -8.6180914695444914e-03, 1.1915535518536261e-03,
          1.0095717214237139e-02, 2.0017941157076093e-04,
          3.8794678977936928e-03, 1.4675358386857197e-03,
          -4.5406644368297885e-04, 2.6244292689113659e-04,
          3.4238644141497119e-03, -2.4650513362437187e-04,
          1.9255404237650095e-03, 2.0017941157076102e-04,
          2.7251074702988654e-03 ]
   - !!opencv-matrix
      rows: 9
      cols: 9
      dt: d
      data: [ 2.9122643425293276e-02, 4.6326890830022142e-03,
          1.3364068417328248e-04, 1.0219357656893954e-03,
          1.0526754943902161e-02, -6.8037995099911610e-04,
          -3.1118715083314952e-05, 8.0350876635055916e-05,
          -1.5928173353743458e-02, 4.6326890830022142e-03,
          1.9362849663978094e-03, 8.7333394678615282e-05,
          5.0353159919311352e-04, 3.1831700371142716e-03,
          3.3949547200156873e-04, -1.9021185708595519e-04,
          1.8345543788391187e-04, -3.3797945728248056e-03,
          1.3364068417328273e-04, 8.7333394678615309e-05,
          1.1041127891114754e-02, -1.7926915745060322e-04,
          -5.2800226979828978e-05, -9.9947356050810333e-04,
          2.0832503499863960e-04, 2.3175568062191031e-04,
          -2.0159470081725513e-03, 1.0219357656893952e-03,
          5.0353159919311341e-04, -1.7926915745060328e-04,
          1.6243744133618818e-02, 8.8499465699182754e-04,
          -2.3903743234097632e-03, -4.4777996091034130e-04,
          5.0624227302641805e-04, -2.2560167512166158e-03,
          1.0526754943902161e-02, 3.1831700371142716e-03,
          -5.2800226979829019e-05, 8.8499465699182721e-04,
          1.4464308739089226e-02, 9.7598815045184251e-04,
          4.8458408935067750e-04, -3.5596079192240672e-04,
          -6.4106653956797202e-03, -6.8037995099911588e-04,
          3.3949547200156879e-04, -9.9947356050810311e-04,
          -2.3903743234097632e-03, 9.7598815045184240e-04,
          5.7572330863880666e-02, 1.1960995320056578e-03,
          -6.6583798511118458e-03, -6.1809416376588430e-03,
          -3.1118715083315060e-05, -1.9021185708595532e-04,
          2.0832503499863963e-04, -4.4777996091034092e-04,
          4.8458408935067750e-04, 1.1960995320056578e-03,
          7.0604202597422117e-03, 1.8983388880133248e-04,
          -2.4297658471139562e-04, 8.0350876635056241e-05,
          1.8345543788391184e-04, 2.3175568062191009e-04,
          5.0624227302641805e-04, -3.5596079192240688e-04,
          -6.6583798511118467e-03, 1.8983388880133254e-04,
          1.0136005364064929e-02, 6.4069472244581370e-04,
          -1.5928173353743458e-02, -3.3797945728248047e-03,
          -2.0159470081725513e-03, -2.2560167512166167e-03,
          -6.4106653956797219e-03, -6.1809416376588464e-03,
          -2.4297658471139554e-04, 6.4069472244581360e-04,
          1.0130797802911022e-01 ]
   - !!opencv-matrix
      rows: 9
      cols: 9
      dt: d
      data: [ 9.0720547275646601e-02, 1.2944534361406235e-01,
          1.3455327244296569e-02, 4.6675686639310642e-03,
          4.4958069462756748e-03, 4.9651597129573947e-02,
          -3.5608665096716484e-03, 5.5078296096734919e-03,
          3.0962158055806880e-02, 1.2944534361406235e-01,
          3.0552983198827832e-01, 1.8564404878696386e-02,
          4.5295902987186228e-02, 2.0340033534860136e-02,
          7.0888752051089479e-02, -1.5236903064057739e-03,
          9.3827822230642087e-03, 5.9381670532499563e-02,
          1.3455327244296569e-02, 1.8564404878696386e-02,
          2.5197060653272312e-02, 3.9440428934313385e-03,
          2.2835440105109517e-03, 1.4683049319226598e-02,
          1.8182861674717252e-05, 3.3401930049401572e-03,
          1.0512982571221085e-03, 4.6675686639310642e-03,
          4.5295902987186214e-02, 3.9440428934313359e-03,
          2.2103105314061286e-01, 3.8758778364828911e-02,
          5.5924101427610668e-03, -1.0800655953929695e-02,
          7.8049655084463966e-03, -2.6363531345950285e-02,
          4.4958069462756748e-03, 2.0340033534860136e-02,
          2.2835440105109526e-03, 3.8758778364828911e-02,
          1.9924459333664230e-02, 6.9521512301508005e-03,
