%YAML:1.0
---
groups:
   - intact
   - CD19
intactGmmnames:
   - "intact.Bue038.0"
   - "intact.Bue038.1"
   - "intact.Bue038.2"
   - "intact.Bue038.3"
   - "intact.Bue038.4"
intactLabels:
   - FSC-A
   - SSC-A
   - CD20
   - CD10
   - CD45
   - CD34
   - SYTO41
   - CD19
   - CD38
intactMu: !!opencv-matrix
   rows: 5
   cols: 9
   dt: d
   data: [ 1.2852494632531875e+00, 1.9742163987003339e-01,
       1.0778947856578696e+00, 9.0614864085022817e-01,
       3.3596901803254773e+00, 1.4387049115284694e+00,
       3.3273018468961935e+00, 1.0342424386909794e+00,
       1.9357672461943867e+00, 1.4002301026080048e+00,
       3.1262037797973563e-01, 1.0934002479546436e+00,
       9.1570922823408296e-01, 3.3631580172941877e+00,
       1.3515512462780210e+00, 3.4049154751272193e+00,
       1.0322476801744127e+00, 2.1285017959797163e+00,
       1.9906053162187021e+00, 1.0549937793246833e+00,
       1.2609673175493574e+00, 1.1272857810202561e+00,
       3.2799739984080816e+00, 1.9264289366378671e+00,
       3.5118041311142849e+00, 1.1212189169735924e+00,
       2.3038356527804029e+00, 1.0309401969644196e+00,
       3.6982483407945782e-01, 1.0714226897374186e+00,
       9.1664414378134274e-01, 1.6028915285752321e+00,
       1.5546128203817062e+00, 3.3849557541442565e+00,
       1.0217769892809414e+00, 1.1065554811116658e+00,
       1.4016909855875084e+00, 3.1892160589760205e-01,
       1.1631372982913788e+00, 9.4610623789310333e-01,
       3.3370727787857168e+00, 1.1458693608849326e+00,
       3.4300191180408972e+00, 1.0299122984164741e+00,
       8.7075052642885908e-01 ]
intactSigma:
   - !!opencv-matrix
      rows: 9
      cols: 9
      dt: d
      data: [ 1.9491184479805270e-02, 3.7372613977773635e-03,
          1.0765545292549304e-03, 1.0999981713446321e-03,
          5.1023398137274760e-03, 1.7725010037511328e-03,
          4.4953032554591018e-03, 3.7450882150516729e-04,
          -1.8477152681680861e-02, 3.7372613977773635e-03,
          2.6259882385592462e-03, 3.6219318384893864e-04,
          2.4958011133980099e-04, 2.1920430639820396e-03,
          -5.4666762722546279e-04, 8.8594352617283841e-04,
          1.5700577831427538e-05, -7.6712731974272674e-03,
          1.0765545292549302e-03, 3.6219318384893848e-04,
          2.8083698946058704e-02, 3.9432912795285091e-04,
          5.9930208419661096e-04, -1.8961386080423622e-03,
          2.8565987480623170e-04, -1.7423788116063094e-04,
          -3.7875280908819275e-03, 1.0999981713446325e-03,
          2.4958011133980099e-04, 3.9432912795285096e-04,
          1.0481368600820265e-02, 3.5474304228970009e-04,
          -1.4050469177868080e-03, 3.6778461989144543e-04,
          -1.1259491838545793e-04, -1.3120366652993503e-03,
          5.1023398137274760e-03, 2.1920430639820396e-03,
          5.9930208419661053e-04, 3.5474304228970009e-04,
          6.7285282910861596e-03, -9.0535117854383877e-04,
          1.5269377663417185e-03, 5.9352806801241636e-05,
          -1.0688098208945902e-02, 1.7725010037511334e-03,
          -5.4666762722546279e-04, -1.8961386080423631e-03,
          -1.4050469177868082e-03, -9.0535117854383931e-04,
          8.7779591237507157e-02, 3.9534582781489578e-03,
          -5.0661598853779912e-03, -1.2670064067338437e-02,
          4.4953032554591018e-03, 8.8594352617283841e-04,
          2.8565987480623143e-04, 3.6778461989144526e-04,
          1.5269377663417183e-03, 3.9534582781489578e-03,
          4.7832538165563385e-03, 5.8317037895054252e-05,
          -8.2281916934381638e-03, 3.7450882150516735e-04,
          1.5700577831427528e-05, -1.7423788116063100e-04,
          -1.1259491838545797e-04, 5.9352806801241575e-05,
          -5.0661598853779912e-03, 5.8317037895054252e-05,
          7.4471900115924009e-03, 6.1745395012393538e-04,
          -1.8477152681680861e-02, -7.6712731974272674e-03,
          -3.7875280908819275e-03, -1.3120366652993509e-03,
          -1.0688098208945902e-02, -1.2670064067338437e-02,
          -8.2281916934381638e-03, 6.1745395012393538e-04,
          2.3830630669570516e-01 ]
   - !!opencv-matrix
      rows: 9
      cols: 9
      dt: d
      data: [ 4.3543652239066519e-02, 1.0767325867117395e-02,
          -1.5046148554648125e-03, 1.7566867967528455e-03,
          6.9934283645203361e-03, -1.0168093402854631e-02,
          2.1953678306965972e-03, 1.2464114465180384e-04,
          3.2767681560392989e-02, 1.0767325867117395e-02,
          1.0266622750393004e-02, 8.9478656567524824e-04,
          1.0857734751296600e-03, 6.3393528649637468e-03,
          -1.0346288597871279e-03, 1.3380690778000062e-05,
          2.3585419246873403e-04, 1.2323245599365392e-02,
          -1.5046148554648123e-03, 8.9478656567524835e-04,
          4.3309744992859014e-02, 1.4650846879399630e-04,
          1.0106595266562452e-03, 1.9041686781897207e-04,
          3.5951746005016968e-04, -6.5955309922125947e-04,
          -7.1900439580708259e-03, 1.7566867967528455e-03,
          1.0857734751296597e-03, 1.4650846879399633e-04,
          1.2299367163841590e-02, 6.0669459856534265e-04,
          -1.6985500208134999e-03, -2.5223347626711270e-04,
          -5.3995922350349350e-05, -1.1621318228438272e-03,
          6.9934283645203361e-03, 6.3393528649637468e-03,
          1.0106595266562459e-03, 6.0669459856534287e-04,
          2.8780185136700390e-02, -1.5188142022780845e-02,
          6.4502743833254458e-03, -3.6903247530689328e-04,
          -9.1200675118775811e-03, -1.0168093402854631e-02,
          -1.0346288597871283e-03, 1.9041686781897112e-04,
          -1.6985500208134992e-03, -1.5188142022780840e-02,
          1.1492362008408383e-01, -1.9514937313323817e-03,
          -6.5200597601412051e-03, -2.7065962755814396e-02,
          2.1953678306965959e-03, 1.3380690777999926e-05,
          3.5951746005016962e-04, -2.5223347626711270e-04,
          6.4502743833254458e-03, -1.9514937313323810e-03,
          3.1433959316038262e-02, 3.0242561872616377e-04,
          -1.5474111742900027e-02, 1.2464114465180384e-04,
          2.3585419246873395e-04, -6.5955309922125925e-04,
          -5.3995922350349364e-05, -3.6903247530689328e-04,
          -6.5200597601412068e-03, 3.0242561872616334e-04,
          6.9222191808316052e-03, -7.1119023814077468e-04,
          3.2767681560392989e-02, 1.2323245599365392e-02,
          -7.1900439580708277e-03, -1.1621318228438272e-03,
          -9.1200675118775758e-03, -2.7065962755814396e-02,
          -1.5474111742900027e-02, -7.1119023814077500e-04,
          4.0413830387812949e-01 ]
   - !!opencv-matrix
      rows: 9
      cols: 9
      dt: d
      data: [ 3.1872465598144445e-01, 1.8085179395397610e-01,
          -2.8906963398772894e-02, -2.5415698166174117e-03,
          4.9515264048405228e-02, 7.4448881161752509e-02,
          5.3107672178594807e-02, -8.6308217329342640e-03,
          1.4496118973344674e-01, 1.8085179395397610e-01,
          5.6976965093583287e-01, -5.3916503712022560e-03,
          1.1414345077181751e-01, -4.1690403168452489e-02,
          8.2422312452116953e-02, -2.1054274882176639e-02,
          6.1966245631118024e-03, 1.3551690683101731e-02,
          -2.8906963398772894e-02, -5.3916503712022569e-03,
          1.4464927411593456e-01, 4.8219786437066794e-04,
          9.5893393062591737e-05, 3.0591298186407951e-02,
          -3.5422147882745183e-03, 2.5285487447052266e-02,
          -3.3199265344262853e-02, -2.5415698166174152e-03,
          1.1414345077181751e-01, 4.8219786437066664e-04,
          1.6184668315201364e-01, -1.5114622846292345e-02,
          -7.9447880827582980e-03, -2.8329377943126840e-02,
          3.2628006619569824e-03, -5.3713438628198995e-02,
          4.9515264048405228e-02, -4.1690403168452489e-02,
          9.5893393062592848e-05, -1.5114622846292345e-02,
          1.3916195073851012e-01, -9.9331885032448840e-03,
