%YAML:1.0
---
groups:
   - intact
   - CD19
   - blast
intactGmmnames:
   - "intact.Bue053.0"
   - "intact.Bue053.1"
   - "intact.Bue053.2"
   - "intact.Bue053.3"
   - "intact.Bue053.4"
intactLabels:
   - FSC-A
   - SSC-A
   - CD20
   - CD10
   - CD45
   - CD34
   - SYTO41
   - CD19
   - CD38
intactMu: !!opencv-matrix
   rows: 5
   cols: 9
   dt: d
   data: [ 1.7009550980022226e+00, 1.0007238117094421e+00,
       1.2707788562863518e+00, 1.4151713781239805e+00,
       2.7901189709860028e+00, 1.7054343423294269e+00,
       2.6455680307623459e+00, 1.2929350700463911e+00,
       2.0003398553797362e+00, 9.6091588250421966e-01,
       2.8265862965417266e-01, 1.0221526865045814e+00,
       8.2403067442342015e-01, 1.6261847502598539e+00,
       1.2522753988447304e+00, 2.5885406008412621e+00,
       8.1742627723249905e-01, 1.1595442421817588e+00,
       1.3545837274571741e+00, 3.4418924254714950e-01,
       1.0856488407813838e+00, 8.2775660736045842e-01,
       3.4180555536857273e+00, 1.1201388516225850e+00,
       2.4025769262086101e+00, 8.3430185190175532e-01,
       2.8159687684164059e+00, 2.0762124239424171e+00,
       2.3336987661541526e+00, 1.1854573019921499e+00,
       1.4691493360570806e+00, 3.0000109103986614e+00,
       1.6700906600849692e+00, 2.6614945577299469e+00,
       9.1809923995319920e-01, 1.9795757743539308e+00,
       1.0769995156015744e+00, 2.2555301035304989e-01,
       1.0449508691019429e+00, 8.1969053075118170e-01,
       3.2865874055021336e+00, 1.1390587546213251e+00,
       2.3933625954515958e+00, 8.1152469634986490e-01,
       1.6327534855138768e+00 ]
intactSigma:
   - !!opencv-matrix
      rows: 9
      cols: 9
      dt: d
      data: [ 3.9648236952526822e-01, 3.6513845972699427e-01,
          4.2902788993421169e-02, -3.7655674662202716e-02,
          1.6992423204507112e-02, 6.4469103463708141e-02,
          9.7046075742979812e-02, -2.9809631297850588e-02,
          9.9136473591834473e-02, 3.6513845972699427e-01,
          7.7408874379772774e-01, 9.7825776337972112e-02,
          4.5945102562766925e-02, 8.2048334984989049e-02,
          1.5182468989403070e-01, 1.0169126151838701e-01,
          1.2934572513296248e-02, 1.8977856284511371e-01,
          4.2902788993421162e-02, 9.7825776337972112e-02,
          1.8215868557388962e-01, 1.1151839345038045e-01,
          3.4298662691175173e-02, 9.9807442915939668e-02,
          1.3179779841762983e-02, 1.1923408451984970e-01,
          3.4806660755665866e-02, -3.7655674662202702e-02,
          4.5945102562766925e-02, 1.1151839345038045e-01,
          3.7892602196194303e-01, 8.5947640053274696e-02,
          1.3443818105998351e-01, -2.9879033226813297e-02,
          2.6779397759935292e-01, -1.8559938125508268e-02,
          1.6992423204507123e-02, 8.2048334984989035e-02,
          3.4298662691175194e-02, 8.5947640053274696e-02,
          4.0089946815430993e-01, 3.8930147487312383e-02,
          -6.9453988097332248e-02, 8.2908910071442188e-02,
          1.9084968593302939e-01, 6.4469103463708141e-02,
          1.5182468989403070e-01, 9.9807442915939668e-02,
          1.3443818105998351e-01, 3.8930147487312376e-02,
          2.9064399086462656e-01, 2.7492157339397298e-02,
          1.1674748547008174e-01, 4.3908853511210592e-02,
          9.7046075742979812e-02, 1.0169126151838701e-01,
          1.3179779841762983e-02, -2.9879033226813297e-02,
          -6.9453988097332248e-02, 2.7492157339397305e-02,
          8.5657607594092078e-02, -2.9793123900938259e-02,
          -2.9776582405807068e-02, -2.9809631297850577e-02,
          1.2934572513296265e-02, 1.1923408451984970e-01,
          2.6779397759935292e-01, 8.2908910071442188e-02,
          1.1674748547008174e-01, -2.9793123900938266e-02,
          3.7400257356768496e-01, 5.8956451875404312e-02,
          9.9136473591834473e-02, 1.8977856284511371e-01,
          3.4806660755665880e-02, -1.8559938125508275e-02,
          1.9084968593302939e-01, 4.3908853511210592e-02,
          -2.9776582405807068e-02, 5.8956451875404305e-02,
          4.8390009165166481e-01 ]
   - !!opencv-matrix
      rows: 9
      cols: 9
      dt: d
      data: [ 9.1950436979589073e-02, 2.6418492622996257e-02,
          1.6816254049918790e-03, 5.4366833756651599e-03,
          2.8403766493377745e-02, 6.0729107744432725e-03,
          3.1490439726433977e-02, 3.6893285509621882e-03,
          5.6225943981847845e-03, 2.6418492622996257e-02,
          1.0639061582597970e-02, 7.5400249757423120e-04,
          2.0170521820459023e-03, 1.0924044461353715e-02,
          2.9432657604366690e-03, 9.9456346188489583e-03,
          1.0490461857768471e-03, 2.3744374378000424e-03,
          1.6816254049918785e-03, 7.5400249757423099e-04,
          2.4343251851577537e-02, 1.9787999763811021e-03,
          1.2130099013182127e-03, -1.8427782670906226e-03,
          1.6621199639001805e-03, -1.0211735667503717e-03,
          -1.1252604816181892e-03, 5.4366833756651590e-03,
          2.0170521820459019e-03, 1.9787999763811021e-03,
          3.3333721284307734e-02, 3.5606539947927239e-03,
          -4.4637626521716904e-03, 1.9818309085621027e-03,
          4.7221105553653863e-03, 1.2361747721532917e-03,
          2.8403766493377749e-02, 1.0924044461353715e-02,
          1.2130099013182131e-03, 3.5606539947927239e-03,
          4.0034511568092915e-02, 4.8623003666880835e-03,
          1.0426632378696156e-02, 3.4476617601795568e-03,
          2.8403130891882893e-03, 6.0729107744432725e-03,
          2.9432657604366690e-03, -1.8427782670906228e-03,
          -4.4637626521716921e-03, 4.8623003666880861e-03,
          4.4598781825742284e-02, 4.2460514464903393e-03,
          -1.2686188208397620e-02, 6.1179893941118912e-04,
          3.1490439726433977e-02, 9.9456346188489583e-03,
          1.6621199639001813e-03, 1.9818309085621031e-03,
          1.0426632378696156e-02, 4.2460514464903393e-03,
          3.9400906222203103e-02, -1.2571199902478323e-04,
          2.0600052274484279e-03, 3.6893285509621890e-03,
          1.0490461857768473e-03, -1.0211735667503715e-03,
          4.7221105553653872e-03, 3.4476617601795559e-03,
          -1.2686188208397620e-02, -1.2571199902478266e-04,
          4.6624907226397297e-02, 1.3771985438799171e-03,
          5.6225943981847836e-03, 2.3744374378000428e-03,
          -1.1252604816181892e-03, 1.2361747721532917e-03,
          2.8403130891882888e-03, 6.1179893941118902e-04,
          2.0600052274484279e-03, 1.3771985438799171e-03,
          4.4014191742568886e-03 ]
   - !!opencv-matrix
      rows: 9
      cols: 9
      dt: d
      data: [ 1.4287524629895342e-02, 3.0370517359302653e-03,
          -8.6418702674734994e-03, -1.1455630968510546e-03,
          5.2254298836994393e-03, 1.4655924367078987e-03,
          3.8501562159958275e-03, 1.1101675916813571e-03,
          2.2179851605489836e-02, 3.0370517359302649e-03,
          3.0675717254377132e-03, -3.0721372838111915e-03,
          -3.3529952514737844e-04, 3.6930046926222812e-04,
          5.5186186360044458e-04, 1.8435800328564758e-03,
          2.6306887517765434e-04, 1.1828437599747728e-02,
          -8.6418702674734994e-03, -3.0721372838111920e-03,
          1.3302850353387230e-01, 2.0735382979696782e-03,
          9.6595584207122276e-03, 1.3834157876127036e-03,
          3.1499663513321453e-04, -3.5143451913419131e-03,
          -8.7563139192441450e-02, -1.1455630968510546e-03,
          -3.3529952514737839e-04, 2.0735382979696769e-03,
          2.7630591250603312e-02, 1.8602166063908399e-03,
          -8.9039323389269759e-04, -2.3308961979697017e-03,
          2.5117069971592170e-03, -5.4406148162923235e-03,
          5.2254298836994393e-03, 3.6930046926222801e-04,
          9.6595584207122241e-03, 1.8602166063908393e-03,
          3.8325002821380696e-02, 2.5768040063227247e-03,
          -4.6585045444691156e-03, 3.5835248865442095e-04,
