%YAML:1.0
---
groups:
   - intact
   - CD19
   - blast
intactGmmnames:
   - "intact.Bue077.0"
   - "intact.Bue077.1"
   - "intact.Bue077.2"
   - "intact.Bue077.3"
   - "intact.Bue077.4"
intactLabels:
   - FSC-A
   - SSC-A
   - CD20
   - CD10
   - CD45
   - CD34
   - SYTO41
   - CD19
   - CD38
intactMu: !!opencv-matrix
   rows: 5
   cols: 9
   dt: d
   data: [ 8.1474520672524919e-01, 2.9301081901257064e-01,
       1.0041450603587094e+00, 7.5449909526692971e-01,
       1.4957004178843945e+00, 1.4494792491468931e+00,
       2.7795020647302064e+00, 8.7006911980861090e-01,
       1.1814603148928118e+00, 2.0582534295938708e+00,
       2.2184096558386810e+00, 1.3328696251516916e+00,
       1.1236817530785506e+00, 3.0027411020504728e+00,
       1.7833155550396751e+00, 2.8824356334745400e+00,
       1.1047661073358737e+00, 2.9329171602853683e+00,
       1.1270399986269422e+00, 2.7619209526629113e-01,
       1.0701727261785863e+00, 8.0865243559634248e-01,
       3.5528633431359209e+00, 1.2129763629872810e+00,
       2.6501414436060546e+00, 9.0714114043626048e-01,
       2.3704968193388303e+00, 1.7120163307555609e+00,
       6.6111508685924358e-01, 1.2452494024991871e+00,
       9.3081002214960851e-01, 3.4412963121402864e+00,
       1.4717288509351880e+00, 2.6409146543073962e+00,
       1.1074310542774168e+00, 2.9249975390146954e+00,
       1.3893622917925974e+00, 7.6860582874024885e-01,
       1.1250714342166361e+00, 8.6291620276741643e-01,
       1.9436054535073917e+00, 1.6776098829748634e+00,
       2.7382093035934081e+00, 9.5314979142287304e-01,
       1.8052501650684645e+00 ]
intactSigma:
   - !!opencv-matrix
      rows: 9
      cols: 9
      dt: d
      data: [ 7.0723161028274112e-02, 2.0704541262633120e-02,
          5.1713332353650375e-03, 3.5002207472594055e-03,
          3.3593883405295497e-02, 1.1271261996502640e-02,
          2.7775196825009413e-02, 1.5694383462386454e-03,
          1.2913944626632487e-02, 2.0704541262633120e-02,
          1.1379967420278324e-02, 2.5849738227992974e-03,
          2.3569719137567940e-03, 1.5509827551815349e-02,
          1.0421079713899389e-02, 1.0015009053425002e-02,
          3.8918994865577337e-04, 7.8478847264201821e-03,
          5.1713332353650375e-03, 2.5849738227992970e-03,
          5.1201892800323029e-02, -8.7429862271740197e-04,
          4.5934643905406920e-03, 5.5473629069856586e-03,
          2.9752697678497781e-03, -1.8114541248355689e-03,
          -8.0038977774183099e-04, 3.5002207472594046e-03,
          2.3569719137567940e-03, -8.7429862271740176e-04,
          4.2517387167436700e-02, 5.0327348651603198e-03,
          -3.3795839196333680e-03, 1.7130061110044101e-03,
          6.6366933741299607e-04, 1.9417619065921041e-03,
          3.3593883405295497e-02, 1.5509827551815349e-02,
          4.5934643905406920e-03, 5.0327348651603163e-03,
          8.4800836591372622e-02, 1.4488682174001146e-02,
          1.2607512775813647e-02, 2.0998153014156916e-03,
          1.1614584836493908e-02, 1.1271261996502639e-02,
          1.0421079713899389e-02, 5.5473629069856586e-03,
          -3.3795839196333688e-03, 1.4488682174001148e-02,
          8.8993919277753006e-02, 1.0775196436169488e-02,
          -1.7484398663382347e-02, 1.5758079386549970e-02,
          2.7775196825009417e-02, 1.0015009053425004e-02,
          2.9752697678497773e-03, 1.7130061110044096e-03,
          1.2607512775813647e-02, 1.0775196436169488e-02,
          2.1614069243387459e-02, -5.5992693305611900e-04,
          5.6119520930781961e-03, 1.5694383462386443e-03,
          3.8918994865577320e-04, -1.8114541248355689e-03,
          6.6366933741299672e-04, 2.0998153014156907e-03,
          -1.7484398663382347e-02, -5.5992693305611922e-04,
          5.1562476505008885e-02, 6.2974226965124261e-04,
          1.2913944626632487e-02, 7.8478847264201821e-03,
          -8.0038977774183121e-04, 1.9417619065921045e-03,
          1.1614584836493908e-02, 1.5758079386549970e-02,
          5.6119520930781961e-03, 6.2974226965124239e-04,
          3.6117069127479563e-02 ]
   - !!opencv-matrix
      rows: 9
      cols: 9
      dt: d
      data: [ 1.4424759723823105e-01, 1.6117586697182595e-01,
          1.0143589589207202e-02, 1.7598121534643966e-02,
          1.6445460211042956e-02, 1.7851603835553290e-02,
          3.2976885361097628e-02, 1.0838029782850494e-02,
          3.5772989306767151e-02, 1.6117586697182595e-01,
          3.3616778328434083e-01, 4.6108144089949217e-03,
          3.4271027953618159e-02, 3.2596689856367191e-02,
          6.9693009530276077e-03, 4.3119815636548341e-02,
          1.3051148769650901e-02, 5.7164073905487438e-02,
          1.0143589589207202e-02, 4.6108144089949217e-03,
          1.7352733872862197e-01, 4.8540937322513876e-02,
          2.6250432188195547e-02, 6.8797112611253680e-02,
          -1.0760681954219985e-02, 3.9893962019686161e-02,
          -2.5160991609108202e-02, 1.7598121534643966e-02,
          3.4271027953618166e-02, 4.8540937322513876e-02,
          1.2678255808935018e-01, 3.3321522041842536e-02,
          4.3328542485561373e-02, -7.3301757845477388e-03,
          5.0700558273346623e-02, -8.2967629411437819e-03,
          1.6445460211042959e-02, 3.2596689856367191e-02,
          2.6250432188195547e-02, 3.3321522041842536e-02,
          3.3565212271872945e-02, 2.7490466300765744e-02,
          -7.3321073261498086e-03, 2.5251959913549549e-02,
          -1.4045686475377605e-02, 1.7851603835553290e-02,
          6.9693009530276111e-03, 6.8797112611253694e-02,
          4.3328542485561373e-02, 2.7490466300765744e-02,
          1.3042764931893550e-01, -1.0664978303332628e-02,
          2.5258390045087890e-02, -3.2677755843294860e-02,
          3.2976885361097628e-02, 4.3119815636548348e-02,
          -1.0760681954219985e-02, -7.3301757845477405e-03,
          -7.3321073261498086e-03, -1.0664978303332627e-02,
          2.0223504722003748e-02, -6.2943525975187077e-03,
          2.5851405578659111e-02, 1.0838029782850497e-02,
          1.3051148769650901e-02, 3.9893962019686167e-02,
          5.0700558273346616e-02, 2.5251959913549553e-02,
          2.5258390045087897e-02, -6.2943525975187060e-03,
          1.5751769236770177e-01, -7.3601648382111426e-03,
          3.5772989306767151e-02, 5.7164073905487424e-02,
          -2.5160991609108202e-02, -8.2967629411437819e-03,
          -1.4045686475377605e-02, -3.2677755843294853e-02,
          2.5851405578659118e-02, -7.3601648382111426e-03,
          8.8656172644423423e-02 ]
   - !!opencv-matrix
      rows: 9
      cols: 9
      dt: d
      data: [ 7.3220362235185882e-02, 1.3868412622042614e-02,
          -5.6730735934047679e-03, 3.6863456626983443e-03,
          2.7911094554797643e-02, -6.1928010356914066e-02,
          9.1992069971949184e-03, 1.3397742780829995e-03,
          4.7900677591178303e-02, 1.3868412622042614e-02,
          7.1094341367988071e-03, -2.0217895271627713e-03,
          1.7564181569306460e-03, 1.0183355025782503e-02,
          -1.5140530664855420e-02, 1.9989788287114018e-03,
          1.0839135766881811e-03, 1.5586777966907162e-02,
          -5.6730735934047670e-03, -2.0217895271627713e-03,
          1.2169777108411133e-01, -1.3933256855399655e-03,
          -4.3370418303154959e-03, 1.2449556590978525e-02,
          5.3294836511581746e-04, 1.3849905944287606e-03,
          -1.5168088124726156e-02, 3.6863456626983443e-03,
          1.7564181569306460e-03, -1.3933256855399661e-03,
          3.0862931131870650e-02, 4.8074335504669531e-03,
          -7.9259000565274039e-03, 6.8066358757254651e-06,
          4.3006461475492109e-04, -1.1700358756897504e-02,
          2.7911094554797643e-02, 1.0183355025782503e-02,
          -4.3370418303154950e-03, 4.8074335504669531e-03,
          2.9198518995142961e-02, -2.6445415908264266e-02,
          4.0846824022413132e-03, -4.1171644560334468e-06,
          3.4373216272559542e-02, -6.1928010356914066e-02,
          -1.5140530664855423e-02, 1.2449556590978529e-02,
          -7.9259000565274056e-03, -2.6445415908264266e-02,
          1.5860154449624986e-01, 1.4751976094640169e-03,
          -1.0607357614805411e-02, -8.0909616656128364e-02,
          9.1992069971949184e-03, 1.9989788287114018e-03,
          5.3294836511581691e-04, 6.8066358757257149e-06,
          4.0846824022413132e-03, 1.4751976094640174e-03,
          1.3720188946155273e-02, -4.6763861898166044e-05,
          -1.1479620872278978e-02, 1.3397742780829997e-03,
          1.0839135766881811e-03, 1.3849905944287608e-03,
          4.3006461475492076e-04, -4.1171644560332731e-06,
          -1.0607357614805409e-02, -4.6763861898165983e-05,
          4.6778689786885624e-02, 9.8490665531727577e-03,
          4.7900677591178289e-02, 1.5586777966907162e-02,
          -1.5168088124726151e-02, -1.1700358756897504e-02,
          3.4373216272559549e-02, -8.0909616656128364e-02,
          -1.1479620872278978e-02, 9.8490665531727577e-03,
          8.9036947695647106e-01 ]
   - !!opencv-matrix
      rows: 9
      cols: 9
      dt: d
      data: [ 3.7780141858352195e-01, 3.6680777959695654e-02,
          -5.5105541301206505e-02, 9.1871297967460741e-03,
          1.0598731741550997e-01, -1.3484587435334552e-02,
          -1.5450114802544516e-02, -2.3474171012646348e-02,
          1.0879253584195597e-01, 3.6680777959695647e-02,
          1.3504563732832459e-01, 3.0858847801899195e-02,
          3.6940560374679028e-02, 1.1738818334953731e-02,
          6.8942323030154518e-02, 3.1581543292420744e-02,
          2.7537958558889700e-02, 7.7594444704585236e-02,
          -5.5105541301206491e-02, 3.0858847801899198e-02,
          3.1162749627489444e-01, 5.7814018123052889e-02,
          -3.2304654537323604e-02, 1.6725452216033204e-01,
          1.5225492689062155e-02, 8.0420421561391425e-02,
          -1.1991330841032700e-01, 9.1871297967460724e-03,
          3.6940560374679035e-02, 5.7814018123052889e-02,
          9.4656592583997556e-02, 1.1621491386659142e-02,
          6.8859369825427300e-02, -2.1579368286533496e-03,
          2.9168263932598557e-02, -1.5416832198314056e-02,
          1.0598731741550997e-01, 1.1738818334953731e-02,
          -3.2304654537323604e-02, 1.1621491386659142e-02,
          1.1144339919323824e-01, -3.2055171967112023e-02,
          -1.0436924207933677e-02, -1.2821999988477016e-02,
          4.6993838136821391e-02, -1.3484587435334551e-02,
          6.8942323030154518e-02, 1.6725452216033201e-01,
          6.8859369825427300e-02, -3.2055171967112030e-02,
          3.5563979842238830e-01, 4.0483755614233320e-02,
          6.8502504970216732e-02, -8.9480003121140350e-02,
          -1.5450114802544521e-02, 3.1581543292420744e-02,
          1.5225492689062156e-02, -2.1579368286533504e-03,
          -1.0436924207933674e-02, 4.0483755614233327e-02,
          6.0575960310520524e-02, 6.3682332335915958e-03,
          1.0673222701795449e-02, -2.3474171012646341e-02,
          2.7537958558889696e-02, 8.0420421561391425e-02,
          2.9168263932598557e-02, -1.2821999988477014e-02,
          6.8502504970216718e-02, 6.3682332335915958e-03,
          1.5610912196697296e-01, -2.4485930243446654e-03,
          1.0879253584195597e-01, 7.7594444704585236e-02,
          -1.1991330841032696e-01, -1.5416832198314044e-02,
          4.6993838136821404e-02, -8.9480003121140364e-02,
          1.0673222701795444e-02, -2.4485930243446654e-03,
          6.3649275917238290e-01 ]
   - !!opencv-matrix
      rows: 9
      cols: 9
      dt: d
      data: [ 3.8350283216916037e-01, 5.8481929806189409e-02,
          -6.4014936447303163e-03, 1.9072088775661709e-02,
          5.4920165033494506e-02, -1.8543970068538605e-02,
          1.7176889501497156e-03, -6.4152401624338997e-03,
          2.4957580226899170e-02, 5.8481929806189423e-02,
          2.1801700593442047e-01, 1.8180464624151635e-03,
          3.5553009791745173e-02, 1.5595980527814698e-01,
          5.7461583741564150e-04, -3.3862374382955142e-04,
          7.2992673904456896e-03, 2.1180108473245352e-01,
          -6.4014936447303128e-03, 1.8180464624151639e-03,
          1.1572685418910465e-01, 6.5996101136830722e-03,
          1.0352290363938506e-02, 5.1358869680812380e-02,
          2.8804920670556150e-02, 1.6695970724191385e-02,
          1.8390159158104484e-03, 1.9072088775661702e-02,
          3.5553009791745173e-02, 6.5996101136830757e-03,
          7.2250387116505221e-02, 3.5242415692206056e-02,
          5.7889604070036019e-03, 8.3164580370459536e-03,
          5.8315428878493916e-03, 2.8690703038133581e-02,
          5.4920165033494506e-02, 1.5595980527814698e-01,
          1.0352290363938501e-02, 3.5242415692206062e-02,
          2.2621574577613976e-01, 1.4720678006743421e-02,
          1.8213754931090644e-02, 1.5225763504872180e-02,
          2.3536640622734506e-01, -1.8543970068538595e-02,
          5.7461583741564128e-04, 5.1358869680812373e-02,
          5.7889604070035993e-03, 1.4720678006743421e-02,
          1.7282285103716960e-01, 6.3288510041274296e-02,
          4.4625136975612740e-04, -1.3375218137384053e-02,
          1.7176889501497165e-03, -3.3862374382955267e-04,
          2.8804920670556150e-02, 8.3164580370459536e-03,
          1.8213754931090651e-02, 6.3288510041274296e-02,
          1.0576629821795654e-01, 1.4904825005012529e-02,
          2.5315688707384107e-03, -6.4152401624338988e-03,
          7.2992673904456878e-03, 1.6695970724191381e-02,
          5.8315428878493933e-03, 1.5225763504872177e-02,
          4.4625136975612632e-04, 1.4904825005012529e-02,
          1.0045485318128168e-01, 3.0576989165215267e-02,
          2.4957580226899166e-02, 2.1180108473245349e-01,
          1.8390159158104453e-03, 2.8690703038133567e-02,
          2.3536640622734506e-01, -1.3375218137384057e-02,
          2.5315688707384081e-03, 3.0576989165215267e-02,
          5.1078866193687256e-01 ]
intactC: !!opencv-matrix
   rows: 1
   cols: 5
   dt: d
   data: [ 3.3270953253362312e-01, 2.0688560713742754e-01,
       1.3034495975442315e-01, 7.2228845717306922e-02,
       1.6269527815719695e-01 ]
intactNumEvents: 44218.
intactMaxVals: !!opencv-matrix
   rows: 1
   cols: 9
   dt: d
   data: [ 4.5000000000000000e+00, 4.5000000000000000e+00,
       4.5000000000000000e+00, 4.5000000000000000e+00,
       4.5000000000000000e+00, 4.5000000000000000e+00,
       4.5000000000000000e+00, 4.5000000000000000e+00,
       4.5000000000000000e+00 ]
intactScales: !!opencv-matrix
   rows: 1
   cols: 9
   dt: d
   data: [ 1., 1., 1., 1., 1., 1., 1., 1., 1. ]
CD19Gmmnames:
   - "CD19.Bue077.0"
   - "CD19.Bue077.1"
CD19Labels:
   - FSC-A
   - SSC-A
   - CD20
   - CD10
   - CD45
   - CD34
   - SYTO41
   - CD19
   - CD38
CD19Mu: !!opencv-matrix
   rows: 2
   cols: 9
   dt: d
   data: [ 1.3022614369862320e+00, 5.1718168542160081e-01,
       2.9023386371087105e+00, 1.0713139903935183e+00,
       3.1539588476255500e+00, 1.6669008470327586e+00,
       2.7081873528169629e+00, 2.8226291218166826e+00,
       2.3271052007163719e+00, 9.9672011843577712e-01,
       2.0834073248444096e-01, 3.7111736289589352e+00,
       8.8916296434904862e-01, 3.3875833550360270e+00,
       1.0639882735111346e+00, 2.5206265747666401e+00,
       3.1015957865456598e+00, 8.9179382482087877e-01 ]
CD19Sigma:
   - !!opencv-matrix
      rows: 9
      cols: 9
      dt: d
      data: [ 3.2000694832112142e-01, 5.6769719873145733e-02,
          -1.1716412911735131e-01, -3.1321770284539461e-03,
          6.5134624870135438e-02, -2.8611526373080339e-02,
          4.3834614043657016e-02, 3.2118672246319264e-02,
          2.1118310683094968e-01, 5.6769719873145733e-02,
          7.0365279444542059e-02, -1.0439008216394363e-01,
          -1.4255457082737570e-03, 3.9381002553658354e-02,
          7.6013249288561027e-02, 2.8799924645987934e-02,
          9.6429830278376323e-03, 1.9706367706607231e-01,
          -1.1716412911735131e-01, -1.0439008216394363e-01,
          1.1334047723517628e+00, 8.3854087801093186e-02,
          8.8767036044891931e-02, -2.5560465067851929e-01,
          -1.5879970676550154e-01, 1.6919193599249238e-01,
          -1.1273538986890648e+00, -3.1321770284539431e-03,
          -1.4255457082737561e-03, 8.3854087801093186e-02,
          1.9315448814294228e-01, 2.6512209690726058e-02,
          5.7411797174345428e-02, -1.7676262073794507e-02,
          2.1914475303031974e-02, -2.8777676065212872e-02,
          6.5134624870135438e-02, 3.9381002553658354e-02,
          8.8767036044891917e-02, 2.6512209690726051e-02,
          2.1046627482633737e-01, -5.2039908612842509e-02,
          -1.0850497743733185e-02, 8.2445935904237960e-02,
          4.0084427323914526e-02, -2.8611526373080339e-02,
          7.6013249288561027e-02, -2.5560465067851934e-01,
          5.7411797174345428e-02, -5.2039908612842516e-02,
          6.9260191080468902e-01, 9.7876639400889975e-02,
          -1.2049494212154099e-01, 3.8911752483106854e-01,
          4.3834614043657016e-02, 2.8799924645987934e-02,
          -1.5879970676550154e-01, -1.7676262073794510e-02,
          -1.0850497743733185e-02, 9.7876639400889975e-02,
          7.2632527581522485e-02, -2.6159678031879099e-02,
          1.8981404842028637e-01, 3.2118672246319264e-02,
          9.6429830278376340e-03, 1.6919193599249238e-01,
          2.1914475303031970e-02, 8.2445935904237988e-02,
          -1.2049494212154099e-01, -2.6159678031879099e-02,
          1.3387423893168782e-01, -1.2973172068652250e-01,
          2.1118310683094968e-01, 1.9706367706607228e-01,
          -1.1273538986890645e+00, -2.8777676065212865e-02,
          4.0084427323914512e-02, 3.8911752483106854e-01,
          1.8981404842028637e-01, -1.2973172068652250e-01,
          2.0240888203239544e+00 ]
   - !!opencv-matrix
      rows: 9
      cols: 9
      dt: d
      data: [ 3.9309378499046831e-02, 8.1852221020269882e-03,
          2.8204051972983372e-02, 1.3426581318730623e-02,
          2.9882721483525922e-02, -2.3566851860300525e-02,
          6.6463677461452673e-03, 1.9062332089112153e-02,
          -5.5743208481238378e-02, 8.1852221020269882e-03,
          4.0128424229815959e-03, 9.6819220625702085e-03,
          3.8594557885079758e-03, 8.9171657335415152e-03,
          -5.4964446085770755e-03, 4.1540813219036079e-04,
          7.1008662708680588e-03, -1.5936542600042684e-02,
          2.8204051972983372e-02, 9.6819220625702068e-03,
          5.2707333985674808e-02, 1.5615717527766965e-02,
          3.6601403623472403e-02, -2.4305584597074808e-02,
          -4.9986876673430826e-03, 3.6969159215420516e-02,
          -6.7894476041015200e-02, 1.3426581318730623e-02,
          3.8594557885079758e-03, 1.5615717527766965e-02,
          6.5996233205101978e-02, 1.2893348514181032e-02,
          -9.8348201502808583e-03, 7.7523935802342563e-04,
          5.3585569158868260e-03, -1.6849688447582157e-02,
          2.9882721483525922e-02, 8.9171657335415152e-03,
          3.6601403623472403e-02, 1.2893348514181032e-02,
          5.5411035040221407e-02, -1.8775083920998838e-02,
          -4.9487779314934472e-04, 3.2301410082511778e-02,
          -5.0475690328174262e-02, -2.3566851860300525e-02,
          -5.4964446085770755e-03, -2.4305584597074808e-02,
          -9.8348201502808583e-03, -1.8775083920998841e-02,
          1.8458564450880377e-01, 2.0316091810029784e-03,
          -2.3781694526300145e-02, 5.4133305213560745e-02,
          6.6463677461452673e-03, 4.1540813219036079e-04,
          -4.9986876673430826e-03, 7.7523935802342584e-04,
          -4.9487779314934417e-04, 2.0316091810029793e-03,
          2.4650997092525363e-02, -4.4337649564732068e-03,
          -1.0270599752776771e-03, 1.9062332089112153e-02,
          7.1008662708680588e-03, 3.6969159215420516e-02,
          5.3585569158868260e-03, 3.2301410082511778e-02,
          -2.3781694526300145e-02, -4.4337649564732060e-03,
          5.0528164605312328e-02, -4.0542998389885988e-02,
          -5.5743208481238378e-02, -1.5936542600042684e-02,
          -6.7894476041015200e-02, -1.6849688447582153e-02,
          -5.0475690328174269e-02, 5.4133305213560745e-02,
          -1.0270599752776788e-03, -4.0542998389885981e-02,
          5.9760167765749261e-01 ]
CD19C: !!opencv-matrix
   rows: 1
   cols: 2
   dt: d
   data: [ 1.2476539307803307e-02, 8.1390487520117363e-02 ]
CD19NumEvents: 4587.
CD19MaxVals: !!opencv-matrix
   rows: 1
   cols: 9
   dt: d
   data: [ 4.5000000000000000e+00, 4.5000000000000000e+00,
       4.5000000000000000e+00, 4.5000000000000000e+00,
       4.5000000000000000e+00, 4.5000000000000000e+00,
       4.5000000000000000e+00, 4.5000000000000000e+00,
       4.5000000000000000e+00 ]
CD19Scales: !!opencv-matrix
   rows: 1
   cols: 9
   dt: d
   data: [ 1., 1., 1., 1., 1., 1., 1., 1., 1. ]
blastGmmnames:
   - "blast.Bue077.0"
blastLabels:
   - FSC-A
   - SSC-A
   - CD20
   - CD10
   - CD45
   - CD34
   - SYTO41
   - CD19
   - CD38
blastMu: !!opencv-matrix
   rows: 1
   cols: 9
   dt: d
   data: [ 1.2150707619805490e+00, 3.6874942493534857e-01,
       3.3060747385025024e+00, 3.2072900802858415e+00,
       2.6094637666979144e+00, 1.6681418818301490e+00,
       2.5792452096939087e+00, 3.4719073234065885e+00,
       2.7770364380651902e+00 ]
blastSigma:
   - !!opencv-matrix
      rows: 9
      cols: 9
      dt: d
      data: [ 1.6498898300178180e-01, 3.4383910606066409e-02,
          1.6205295211809270e-02, 4.0810340332474368e-02,
          3.1600810828807037e-02, -2.2103677985818065e-02,
          -3.2820180277410155e-03, 2.2617076045138303e-02,
          6.0657932793879807e-02, 3.4383910606066409e-02,
          3.5173737821522409e-02, 1.7156835471438259e-02,
          1.9029274469223010e-02, 2.6219666771075695e-02,
          1.9157417073274285e-02, 3.4737998720366214e-03,
          8.3335961004308672e-03, 3.6875229756962606e-02,
          1.6205295211809270e-02, 1.7156835471438259e-02,
          4.0658132597166780e-01, 6.8721744989869285e-02,
          1.5203813429508020e-01, -1.9660269655564352e-01,
          -4.6906553708157063e-04, 7.2112562272700825e-02,
          1.9772556095414770e-01, 4.0810340332474368e-02,
          1.9029274469223010e-02, 6.8721744989869285e-02,
          1.2128726198586931e-01, 1.6228917449548141e-02,
          -5.6067497910258640e-02, -1.7774519448085272e-03,
          3.0973165823078172e-02, 5.7530057897369459e-02,
          3.1600810828807037e-02, 2.6219666771075695e-02,
          1.5203813429508020e-01, 1.6228917449548141e-02,
          1.5683642943920839e-01, -7.9445214011526058e-02,
          6.5653329461758022e-05, 5.4478160564668095e-02,
          1.3772419300273739e-01, -2.2103677985818065e-02,
          1.9157417073274285e-02, -1.9660269655564352e-01,
          -5.6067497910258640e-02, -7.9445214011526058e-02,
          1.1233800908326743e+00, 2.7593529268906215e-02,
          -3.9893722347530761e-02, -2.3667268004612219e-01,
          -3.2820180277410155e-03, 3.4737998720366214e-03,
          -4.6906553708157063e-04, -1.7774519448085272e-03,
          6.5653329461758022e-05, 2.7593529268906215e-02,
          2.2384536367351503e-02, -6.1156981262091709e-03,
          -6.1140310819416104e-03, 2.2617076045138303e-02,
          8.3335961004308672e-03, 7.2112562272700825e-02,
          3.0973165823078172e-02, 5.4478160564668095e-02,
          -3.9893722347530761e-02, -6.1156981262091709e-03,
          5.9160007221019835e-02, 7.1008673506365694e-02,
          6.0657932793879807e-02, 3.6875229756962606e-02,
          1.9772556095414770e-01, 5.7530057897369459e-02,
          1.3772419300273739e-01, -2.3667268004612219e-01,
          -6.1140310819416104e-03, 7.1008673506365694e-02,
          4.4329138634122223e-01 ]
blastC: !!opencv-matrix
   rows: 1
   cols: 1
   dt: d
   data: [ 1.2687498721018285e-03 ]
blastNumEvents: 62.
blastMaxVals: !!opencv-matrix
   rows: 1
   cols: 9
   dt: d
   data: [ 4.5000000000000000e+00, 4.5000000000000000e+00,
       4.5000000000000000e+00, 4.5000000000000000e+00,
       4.5000000000000000e+00, 4.5000000000000000e+00,
       4.5000000000000000e+00, 4.5000000000000000e+00,
       4.5000000000000000e+00 ]
blastScales: !!opencv-matrix
   rows: 1
   cols: 9
   dt: d
   data: [ 1., 1., 1., 1., 1., 1., 1., 1., 1. ]
