%YAML:1.0
---
groups:
   - intact
   - CD19
   - blast
intactGmmnames:
   - "intact.Bue064.0"
   - "intact.Bue064.1"
   - "intact.Bue064.2"
   - "intact.Bue064.3"
   - "intact.Bue064.4"
intactLabels:
   - FSC-A
   - SSC-A
   - CD20
   - CD10
   - CD45
   - CD34
   - SYTO41
   - CD19
   - CD38
intactMu: !!opencv-matrix
   rows: 5
   cols: 9
   dt: d
   data: [ 1.1262263155028791e+00, 1.8075392736559601e-01,
       1.0369503887001890e+00, 8.6152492256257340e-01,
       2.8948468021160947e+00, 1.1917993229279422e+00,
       3.8571456594050133e+00, 8.6639917083855011e-01,
       1.6030761561990379e+00, 1.2841808539462394e+00,
       3.4637778858963930e-01, 1.0324440624870788e+00,
       8.7972519819788564e-01, 1.4719191484517804e+00,
       1.3008269343006444e+00, 3.8104824395100727e+00,
       8.6348419788591091e-01, 1.2104539261400697e+00,
       2.2501228214860882e+00, 1.8395116192822392e+00,
       1.2188890565508141e+00, 1.1448275691391427e+00,
       2.6279831130283600e+00, 1.7675430691551017e+00,
       4.0341980236803447e+00, 1.0346370363145261e+00,
       2.6901559644945028e+00, 1.7032841392386351e+00,
       5.8272854056542978e-01, 1.1662639045467358e+00,
       9.2571463380265107e-01, 1.9496052536781696e+00,
       1.8061841966125725e+00, 4.1708891109438690e+00,
       1.0222443052309409e+00, 1.3156828314437683e+00,
       1.3252052608103109e+00, 3.3246783314942568e-01,
       1.0584054422997842e+00, 8.8255067874767279e-01,
       3.2155698852661403e+00, 1.0473703887503325e+00,
       3.7150447915118212e+00, 8.7934465475681278e-01,
       2.0597609667624917e+00 ]
intactSigma:
   - !!opencv-matrix
      rows: 9
      cols: 9
      dt: d
      data: [ 2.0310997381843256e-02, 3.8119736588886860e-03,
          -3.0475985446821747e-04, 1.3399909050531430e-03,
          1.0805335796100525e-02, -4.1967136814135249e-03,
          2.6896660341361963e-03, 1.5149959673132698e-04,
          -1.6857589818547708e-02, 3.8119736588886860e-03,
          1.9863509982613460e-03, 7.2854092895068825e-05,
          5.2167990477945323e-04, 3.0520521047062597e-03,
          -2.2171381827077981e-03, 5.5345401219293025e-04,
          6.2896453494369317e-06, -5.1200851921029533e-03,
          -3.0475985446821758e-04, 7.2854092895068920e-05,
          2.6589066267106883e-02, 1.3374979808983192e-04,
          -2.8747692451944141e-04, 9.2756634255805918e-04,
          1.3981224007307021e-04, -1.2942941847741746e-03,
          -4.4179488976982036e-03, 1.3399909050531432e-03,
          5.2167990477945323e-04, 1.3374979808983213e-04,
          1.0330274719220512e-02, 1.2198935981976966e-03,
          -2.0830335609309820e-03, 2.4616172706408272e-04,
          5.5069845440590588e-04, -1.5459135856670278e-03,
          1.0805335796100525e-02, 3.0520521047062588e-03,
          -2.8747692451944206e-04, 1.2198935981976966e-03,
          5.1668480120990214e-02, -2.7894557578302440e-03,
          1.4054054416142688e-03, 2.2400808535489987e-04,
          -1.0140757181927180e-02, -4.1967136814135249e-03,
          -2.2171381827077973e-03, 9.2756634255805918e-04,
          -2.0830335609309828e-03, -2.7894557578302445e-03,
          7.1907139536650261e-02, 1.5854365547341980e-03,
          -1.3256062677663770e-02, -1.3034242971618005e-03,
          2.6896660341361963e-03, 5.5345401219293014e-04,
          1.3981224007307021e-04, 2.4616172706408272e-04,
          1.4054054416142684e-03, 1.5854365547341982e-03,
          3.1360301181155284e-03, 5.3101938223515117e-04,
          -4.6456037318160842e-03, 1.5149959673132690e-04,
          6.2896453494370114e-06, -1.2942941847741746e-03,
          5.5069845440590631e-04, 2.2400808535489949e-04,
          -1.3256062677663770e-02, 5.3101938223515139e-04,
          3.0806559117767324e-02, -2.4292215821214683e-03,
          -1.6857589818547708e-02, -5.1200851921029533e-03,
          -4.4179488976982036e-03, -1.5459135856670271e-03,
          -1.0140757181927180e-02, -1.3034242971618018e-03,
          -4.6456037318160842e-03, -2.4292215821214670e-03,
          1.3987098157701813e-01 ]
   - !!opencv-matrix
      rows: 9
      cols: 9
      dt: d
      data: [ 9.8783171705871198e-02, 2.5789880093186297e-02,
          8.9164471490190810e-04, 4.2540473462799808e-04,
          2.0187034992943765e-02, 6.8063376793305467e-03,
          3.7859370039934406e-02, 3.3471129662031533e-03,
          2.2920274137667672e-03, 2.5789880093186293e-02,
          1.2874061272428936e-02, 4.8671940535354753e-04,
          7.8023868297078934e-04, 7.8736141627070311e-03,
          6.7813625323588219e-03, 1.3983562374453109e-02,
          1.0570816054926505e-03, 1.4921412658933683e-03,
          8.9164471490190778e-04, 4.8671940535354737e-04,
          2.1642633298145014e-02, 5.3161205145108839e-04,
          1.8363209928203557e-03, -1.4303788961270039e-04,
          3.5184054220211308e-03, -1.0609286371354501e-03,
          -8.4396867339790857e-04, 4.2540473462799781e-04,
          7.8023868297078934e-04, 5.3161205145108861e-04,
          2.0127613176169273e-02, 6.6068514624150225e-04,
          -4.2765760393732441e-03, -4.0421996214345149e-04,
          8.7083321750707041e-04, 4.5699157009633669e-04,
          2.0187034992943775e-02, 7.8736141627070311e-03,
          1.8363209928203563e-03, 6.6068514624150192e-04,
          1.0585783222544690e-01, 6.0745870076585988e-03,
          6.4088794699514754e-03, -1.7981932826690852e-03,
          1.2715466472480497e-04, 6.8063376793305467e-03,
          6.7813625323588219e-03, -1.4303788961270015e-04,
          -4.2765760393732432e-03, 6.0745870076585988e-03,
          1.1151146920559363e-01, 2.2015975363143456e-02,
          -1.9373577794150342e-02, 1.7035640478436850e-03,
          3.7859370039934406e-02, 1.3983562374453111e-02,
          3.5184054220211303e-03, -4.0421996214345192e-04,
          6.4088794699514780e-03, 2.2015975363143456e-02,
          9.3016983384673513e-02, 5.1591498468654988e-03,
          1.9641285611474556e-04, 3.3471129662031511e-03,
          1.0570816054926509e-03, -1.0609286371354503e-03,
          8.7083321750707095e-04, -1.7981932826690856e-03,
          -1.9373577794150346e-02, 5.1591498468654979e-03,
          3.6826564972852187e-02, 3.9969592632393318e-04,
          2.2920274137667677e-03, 1.4921412658933683e-03,
          -8.4396867339790879e-04, 4.5699157009633685e-04,
          1.2715466472480516e-04, 1.7035640478436850e-03,
          1.9641285611474569e-04, 3.9969592632393302e-04,
          3.2727696943062111e-03 ]
   - !!opencv-matrix
      rows: 9
      cols: 9
      dt: d
      data: [ 2.5915141636676003e-01, 2.1577297526961395e-01,
          1.2907230823423191e-03, -8.5507437317313278e-03,
          5.2676891297739670e-02, 4.7215793430235957e-02,
          7.0050968900188790e-02, 1.4441228872572117e-02,
          1.1755497196191154e-01, 2.1577297526961395e-01,
          9.8405632500617424e-01, 8.0975247336261269e-02,
          1.1631367928430676e-01, -3.7575664930547509e-02,
          1.2312011556776631e-01, -1.3390234716742617e-03,
          4.2478867539530417e-02, -6.9650583172616187e-02,
          1.2907230823423184e-03, 8.0975247336261269e-02,
          1.5775445570895730e-01, 3.3648092291719500e-02,
          2.4440174940894059e-02, 6.2567389288885084e-02,
          -8.1168536082520289e-03, 3.4069611441717489e-02,
          -5.0817348252295537e-02, -8.5507437317313278e-03,
          1.1631367928430676e-01, 3.3648092291719486e-02,
          1.6949223856271958e-01, 4.3577962678557632e-02,
          4.0668194739499668e-02, -3.1430342797382139e-02,
          3.8946025208913757e-02, -1.0500558216589105e-01,
          5.2676891297739656e-02, -3.7575664930547516e-02,
          2.4440174940894059e-02, 4.3577962678557632e-02,
          2.3861277159788458e-01, 4.6144322371369458e-02,
