%YAML:1.0
---
groups:
   - intact
   - CD19
   - blast
intactGmmnames:
   - "intact.Bue061.0"
   - "intact.Bue061.1"
   - "intact.Bue061.2"
   - "intact.Bue061.3"
   - "intact.Bue061.4"
intactLabels:
   - FSC-A
   - SSC-A
   - CD20
   - CD10
   - CD45
   - CD34
   - SYTO41
   - CD19
   - CD38
intactMu: !!opencv-matrix
   rows: 5
   cols: 9
   dt: d
   data: [ 1.4326491813738884e+00, 3.6480038354623445e-01,
       1.0223149079030625e+00, 9.1015931159776098e-01,
       3.4176273132541266e+00, 1.1007727370298750e+00,
       3.5941083997253793e+00, 1.1799345467007494e+00,
       3.2675171267775105e+00, 1.2000764098419092e+00,
       2.5962279728398091e-01, 1.0977237650817191e+00,
       9.2583532394101498e-01, 3.2828839782495525e+00,
       1.1526198505962244e+00, 3.6722809158850236e+00,
       1.2172052868063530e+00, 1.8993448678599691e+00,
       1.1993941616318051e+00, 2.7075732699815896e-01,
       9.8636618487193317e-01, 9.0781473005995916e-01,
       1.4176449784532863e+00, 1.1977129495089673e+00,
       3.6990371148848782e+00, 1.1749720422995060e+00,
       1.2302528676558022e+00, 2.1264338063611201e+00,
       1.3717164405868296e+00, 1.3029428292796168e+00,
       1.4242172510714477e+00, 2.9198045219267366e+00,
       1.6140222098317349e+00, 3.7298230666896175e+00,
       1.2746473197081851e+00, 2.1202276961024356e+00,
       1.0834771854096585e+00, 2.0688847663076429e-01,
       9.9896329181289312e-01, 8.9134258216539475e-01,
       3.1403125447084035e+00, 1.1009587647374328e+00,
       3.6494279530096492e+00, 1.1539421647199144e+00,
       1.7710414303742785e+00 ]
intactSigma:
   - !!opencv-matrix
      rows: 9
      cols: 9
      dt: d
      data: [ 1.7054096789428215e-02, 1.6147595046541853e-03,
          -5.8871858233629752e-05, 6.2169401747638167e-04,
          9.1496653541125426e-03, -1.7925784728602603e-05,
          3.0633843617111057e-03, 4.7039079641737676e-04,
          6.2532120393126731e-03, 1.6147595046541853e-03,
          3.4821814084927388e-03, 5.4570303412449666e-04,
          5.3730898771627647e-05, -1.0864383539102610e-03,
          2.8395882549846571e-04, 1.9900417457082868e-04,
          5.5819958555333563e-06, 4.0033068521712961e-03,
          -5.8871858233630030e-05, 5.4570303412449666e-04,
          1.6882201340095851e-01, 1.6741868596691642e-03,
          5.0938448507986183e-03, -2.6564939964009832e-03,
          2.0281095634585718e-04, -2.5337063047493056e-04,
          2.3716498733489157e-04, 6.2169401747638221e-04,
          5.3730898771627728e-05, 1.6741868596691642e-03,
          1.0264646661987460e-02, 2.2078090159541857e-03,
          -2.2288457322842039e-03, 1.2726129329756358e-04,
          2.5903180941144890e-04, 6.7435314916201871e-04,
          9.1496653541125426e-03, -1.0864383539102615e-03,
          5.0938448507986192e-03, 2.2078090159541857e-03,
          8.3862370149557108e-02, 7.1025544598625018e-05,
          1.3350371263326857e-03, 1.3131756017469053e-03,
          1.3503351811207544e-02, -1.7925784728602430e-05,
          2.8395882549846571e-04, -2.6564939964009836e-03,
          -2.2288457322842030e-03, 7.1025544598625628e-05,
          4.5766058734537700e-02, -5.0561945174077197e-04,
          -5.6244402475987276e-03, -1.4433728540264681e-03,
          3.0633843617111057e-03, 1.9900417457082868e-04,
          2.0281095634585737e-04, 1.2726129329756341e-04,
          1.3350371263326857e-03, -5.0561945174077175e-04,
          7.0754295730305590e-03, 2.4327667174427664e-04,
          1.7653452197831281e-03, 4.7039079641737676e-04,
          5.5819958555332936e-06, -2.5337063047493002e-04,
          2.5903180941144890e-04, 1.3131756017469055e-03,
          -5.6244402475987276e-03, 2.4327667174427672e-04,
          5.6338173946912191e-03, 9.5977485032893600e-04,
          6.2532120393126731e-03, 4.0033068521712961e-03,
          2.3716498733489136e-04, 6.7435314916201817e-04,
          1.3503351811207544e-02, -1.4433728540264681e-03,
          1.7653452197831281e-03, 9.5977485032893600e-04,
          4.3803318501197362e-02 ]
   - !!opencv-matrix
      rows: 9
      cols: 9
      dt: d
      data: [ 5.8516506450987098e-02, 1.5060910603868683e-02,
          -6.1205649605296985e-03, 8.0671285214751001e-04,
          2.0132080211305622e-02, -8.2852418485719944e-03,
          -8.7759009084687322e-03, -4.1391351762956798e-03,
          -1.3365771695390898e-02, 1.5060910603868683e-02,
          7.1618329512027129e-03, -2.7033380118243145e-03,
          2.6891801584495625e-04, 3.3371458547952156e-03,
          -1.6441894631994646e-03, -2.7315596591346962e-03,
          -1.6786126951766510e-03, -3.8689593998931089e-04,
          -6.1205649605296985e-03, -2.7033380118243145e-03,
          9.4330684765016562e-02, 4.3219349470549856e-04,
          6.0141355752942856e-03, -1.6227636147829847e-03,
          -6.1215269642358062e-04, 1.9509382108358741e-03,
          1.9065673752805357e-03, 8.0671285214750914e-04,
          2.6891801584495625e-04, 4.3219349470549796e-04,
          1.3672947369819661e-02, 4.5798425690207192e-04,
          -2.5035752483352999e-03, -7.9724029478176405e-04,
          1.0426699045439873e-04, -5.4843270127795584e-03,
          2.0132080211305622e-02, 3.3371458547952143e-03,
          6.0141355752942882e-03, 4.5798425690207290e-04,
          1.0784149968684130e-01, 1.0069808101442746e-03,
          -3.3186480396410032e-03, -3.3971602916337898e-03,
          2.8522711166262610e-05, -8.2852418485719961e-03,
          -1.6441894631994646e-03, -1.6227636147829847e-03,
          -2.5035752483352999e-03, 1.0069808101442750e-03,
          3.4480852536040010e-02, 2.5309550597880314e-03,
          -4.8384873723929453e-03, -4.4968266454164943e-03,
          -8.7759009084687287e-03, -2.7315596591346962e-03,
          -6.1215269642358062e-04, -7.9724029478176405e-04,
          -3.3186480396410018e-03, 2.5309550597880310e-03,
          1.2450477874065257e-02, -6.5285472476943763e-04,
          -8.8030349882849569e-03, -4.1391351762956798e-03,
          -1.6786126951766510e-03, 1.9509382108358737e-03,
          1.0426699045439878e-04, -3.3971602916337898e-03,
          -4.8384873723929453e-03, -6.5285472476943763e-04,
          7.9713907368804543e-03, 6.1524146906712248e-04,
          -1.3365771695390898e-02, -3.8689593998931149e-04,
          1.9065673752805387e-03, -5.4843270127795576e-03,
          2.8522711166264955e-05, -4.4968266454164935e-03,
          -8.8030349882849586e-03, 6.1524146906712291e-04,
          3.8181187144157525e-01 ]
   - !!opencv-matrix
      rows: 9
      cols: 9
      dt: d
      data: [ 1.6881725068990394e-01, 3.1177675978396820e-02,
          2.6776629033201573e-03, 6.5431963044852784e-03,
          2.8399498069125822e-02, 5.4310796292532182e-03,
          4.1039782917398335e-02, 2.3250281128996695e-03,
          2.3985210069295500e-02, 3.1177675978396820e-02,
          1.1705895572775668e-02, 1.0136527776682530e-03,
          2.5069728433757613e-03, 1.3769106984674890e-02,
          2.2209748617016403e-03, 5.2177150659710398e-03,
          4.7684028848756269e-04, 9.3603837857861253e-03,
          2.6776629033201573e-03, 1.0136527776682528e-03,
          3.7613070039764565e-02, 1.7081914284061252e-03,
          2.4116305959961141e-03, 4.7104808922989502e-04,
          5.4825938395591204e-04, 5.1007222395885426e-04,
          -3.2162074728886886e-04, 6.5431963044852801e-03,
          2.5069728433757608e-03, 1.7081914284061252e-03,
          1.4680944079268022e-02, 3.6318101268966339e-03,
          -2.7851938822595675e-03, 1.6945764886883545e-03,
          2.8854489336632640e-04, 1.9819424593802782e-03,
          2.8399498069125811e-02, 1.3769106984674893e-02,
          2.4116305959961132e-03, 3.6318101268966313e-03,
          1.4346464106916090e-01, 3.9459739563143300e-03,
