%YAML:1.0
---
groups:
   - intact
   - CD19
   - blast
intactGmmnames:
   - "intact.Bue043.0"
   - "intact.Bue043.1"
   - "intact.Bue043.2"
   - "intact.Bue043.3"
   - "intact.Bue043.4"
intactLabels:
   - FSC-A
   - SSC-A
   - CD20
   - CD10
   - CD45
   - CD34
   - SYTO41
   - CD19
   - CD38
intactMu: !!opencv-matrix
   rows: 5
   cols: 9
   dt: d
   data: [ 1.2201634437319830e+00, 3.6767050691680903e-01,
       1.0638118846929421e+00, 9.7705220732167530e-01,
       1.4119133397740249e+00, 1.2370925530669066e+00,
       3.4288790583206308e+00, 1.0489712426309785e+00,
       1.2175175900075499e+00, 1.0384235186817055e+00,
       2.6445287000771533e-01, 1.0639228852306306e+00,
       9.7297667050472503e-01, 3.3007075412804028e+00,
       1.1427717615120183e+00, 3.0902730271109471e+00,
       1.0396172409304818e+00, 1.7181384997606597e+00,
       1.5770820632919536e+00, 8.5387227107478036e-01,
       1.2657802726123677e+00, 1.2805172731928656e+00,
       2.5250600728340697e+00, 1.6180637855096729e+00,
       3.3619923317235281e+00, 1.1394603073091452e+00,
       2.0042289302992082e+00, 7.4026141314584004e-01,
       2.0666712218548053e-01, 1.0569511975897983e+00,
       9.4486000693284711e-01, 1.2677214870998663e+00,
       1.1968315417038500e+00, 3.2114404938192873e+00,
       1.0366864058278458e+00, 1.1397936653596179e+00,
       2.0620936898167566e+00, 2.1331430843272003e+00,
       1.3078138818231242e+00, 1.6157342385365427e+00,
       2.8785292145839714e+00, 1.8755632099977380e+00,
       3.2784778405498956e+00, 1.1274820704596291e+00,
       1.9015712867413950e+00 ]
intactSigma:
   - !!opencv-matrix
      rows: 9
      cols: 9
      dt: d
      data: [ 1.1231317763617840e-01, 2.8771195851133503e-02,
          -1.8659664671587007e-04, -3.5826914304878743e-03,
          1.6302010239751748e-02, 1.8635658825794234e-03,
          3.4864520427379475e-02, -2.0965229649137951e-03,
          6.9718041354173725e-03, 2.8771195851133503e-02,
          1.6433260378075316e-02, 5.1372375387711698e-04,
          -4.2514769167995172e-04, 1.2952949618587364e-02,
          1.0881156564355064e-03, 7.7683809333229459e-03,
          -5.5221461843811570e-04, 6.4854504735340343e-03,
          -1.8659664671587001e-04, 5.1372375387711698e-04,
          1.5717993344628117e-02, 9.7255930114093024e-04,
          1.2782424989214191e-03, -3.5256345148724946e-04,
          -3.7207307659795698e-04, -4.9301801423719976e-04,
          -2.4916148869676233e-04, -3.5826914304878743e-03,
          -4.2514769167995172e-04, 9.7255930114093024e-04,
          1.8832066525278694e-02, 2.1663760240329525e-03,
          -1.5935735684953296e-03, -2.0434267145573123e-03,
          5.1300808140789076e-04, 1.6595017710800846e-04,
          1.6302010239751752e-02, 1.2952949618587364e-02,
          1.2782424989214187e-03, 2.1663760240329525e-03,
          9.0946675542802682e-02, 2.3157834953991554e-03,
          1.2672841152370192e-03, 2.4748307202982796e-04,
          8.3815851406606190e-03, 1.8635658825794231e-03,
          1.0881156564355064e-03, -3.5256345148724946e-04,
          -1.5935735684953296e-03, 2.3157834953991549e-03,
          4.1384469520644250e-02, 3.1546675568454013e-03,
          -4.5282888855939472e-03, 9.5203917737648807e-04,
          3.4864520427379475e-02, 7.7683809333229459e-03,
          -3.7207307659795682e-04, -2.0434267145573123e-03,
          1.2672841152370192e-03, 3.1546675568454013e-03,
          2.6871937650345679e-02, -7.6922937500299813e-04,
          -7.2533701662469587e-05, -2.0965229649137955e-03,
          -5.5221461843811580e-04, -4.9301801423720008e-04,
          5.1300808140789086e-04, 2.4748307202982774e-04,
          -4.5282888855939472e-03, -7.6922937500299813e-04,
          5.0461366221367897e-03, -8.0753122784166207e-05,
          6.9718041354173725e-03, 6.4854504735340343e-03,
          -2.4916148869676222e-04, 1.6595017710800840e-04,
          8.3815851406606173e-03, 9.5203917737648807e-04,
          -7.2533701662469546e-05, -8.0753122784166139e-05,
          1.0354601935217164e-02 ]
   - !!opencv-matrix
      rows: 9
      cols: 9
      dt: d
      data: [ 2.5886831170799058e-02, 7.6545893132216420e-03,
          1.5869807709584329e-03, 9.3867436397399517e-04,
          1.3287112697647447e-02, 3.7830077333552655e-03,
          7.3371676057995446e-03, 4.9120288072504470e-04,
          2.2547014275835428e-02, 7.6545893132216412e-03,
          4.2072658776385356e-03, 8.4837919783031573e-04,
          4.3945482402383065e-04, 5.9002412098024407e-03,
          2.1208188247172034e-03, 2.2865976243399621e-03,
          1.6455443466410706e-04, 1.0585549939901698e-02,
          1.5869807709584321e-03, 8.4837919783031573e-04,
          2.3669028171877431e-02, -1.6693698934633057e-04,
          1.8880337904518950e-03, -5.9661522119761436e-04,
          5.4066440986065610e-04, 1.4279549613632885e-05,
          1.3276216907859644e-03, 9.3867436397399517e-04,
          4.3945482402383038e-04, -1.6693698934633071e-04,
          7.6110292649412504e-03, 8.8488000487237214e-04,
          -3.8934530508614307e-04, 2.9699689244911878e-04,
          7.9021419560477941e-05, -6.5653236520193373e-04,
          1.3287112697647447e-02, 5.9002412098024424e-03,
          1.8880337904518950e-03, 8.8488000487237182e-04,
          2.0010036613044194e-02, 2.5639561225115422e-03,
          4.1555375229239281e-03, 4.5049763266804209e-04,
          1.6169488683007622e-02, 3.7830077333552655e-03,
          2.1208188247172034e-03, -5.9661522119761436e-04,
          -3.8934530508614323e-04, 2.5639561225115418e-03,
          2.0085520976268745e-02, 1.1102328771252568e-03,
          -1.9676257222621769e-03, 2.9325554255940200e-02,
          7.3371676057995446e-03, 2.2865976243399621e-03,
          5.4066440986065610e-04, 2.9699689244911878e-04,
          4.1555375229239281e-03, 1.1102328771252570e-03,
          8.1128555288400885e-03, 2.6874565520579682e-04,
          3.2678497894800393e-03, 4.9120288072504481e-04,
          1.6455443466410700e-04, 1.4279549613632843e-05,
          7.9021419560477887e-05, 4.5049763266804209e-04,
          -1.9676257222621769e-03, 2.6874565520579671e-04,
          2.8954544797218217e-03, -6.5317859049794560e-04,
          2.2547014275835418e-02, 1.0585549939901698e-02,
          1.3276216907859655e-03, -6.5653236520193351e-04,
          1.6169488683007622e-02, 2.9325554255940196e-02,
          3.2678497894800393e-03, -6.5317859049794516e-04,
          3.0083042732350523e-01 ]
   - !!opencv-matrix
      rows: 9
      cols: 9
      dt: d
      data: [ 3.9055495077169039e-01, 3.2441258275741874e-01,
          -3.6038920958729320e-02, -5.6000959754062989e-02,
          4.1697249555244509e-02, 7.0075118999701869e-02,
          8.8723287271391546e-02, -1.1475690767558120e-02,
          1.5511262827267619e-01, 3.2441258275741874e-01,
          5.6184158199596745e-01, -5.4940172593702123e-03,
          -1.4711276496279041e-02, 4.9923408827955512e-02,
          1.1283322886115782e-01, 6.8330865772558397e-02,
          1.7949306052303699e-03, 2.0439899765299901e-01,
          -3.6038920958729306e-02, -5.4940172593702079e-03,
          1.7188054762938218e-01, 1.9444984611162643e-02,
          6.7260550799605315e-02, 4.9675427241158740e-02,
          -1.6404562502073582e-02, 2.0112706482877111e-02,
          -1.7123646213642225e-02, -5.6000959754062982e-02,
          -1.4711276496279041e-02, 1.9444984611162643e-02,
          1.9006207707893064e-01, -2.2192306316704654e-02,
          2.7747437830595367e-02, -1.7526754515053665e-02,
          4.2209639744441668e-02, -7.3742358911903810e-02,
          4.1697249555244502e-02, 4.9923408827955498e-02,
          6.7260550799605273e-02, -2.2192306316704640e-02,
          5.2165255897491025e-01, 6.5495515551736742e-03,
