%YAML:1.0
---
groups:
   - intact
   - CD19
   - blast
intactGmmnames:
   - "intact.Bue110.0"
   - "intact.Bue110.1"
   - "intact.Bue110.2"
   - "intact.Bue110.3"
   - "intact.Bue110.4"
intactLabels:
   - FSC-A
   - SSC-A
   - CD20
   - CD10
   - CD45
   - CD34
   - SYTO41
   - CD19
   - CD38
intactMu: !!opencv-matrix
   rows: 5
   cols: 9
   dt: d
   data: [ 2.1734981898163159e+00, 2.9206492776908535e+00,
       1.1197230110448586e+00, 1.8003548782229510e+00,
       2.1766085974655720e+00, 1.8244010938141630e+00,
       1.7705386725919587e+00, 1.2127875498264442e+00,
       1.8781300923778959e+00, 8.3480175944878210e-01,
       2.3221278011933957e-01, 9.3844400011932383e-01,
       7.5605915982873351e-01, 1.3651776180603303e+00,
       1.1504652291365665e+00, 1.6327832731630967e+00,
       1.0204479429164199e+00, 1.2696712882915968e+00,
       1.1805419586504304e+00, 2.1058159127730186e-01,
       9.2612254742541611e-01, 7.5590320303253178e-01,
       2.5322894508559401e+00, 1.0783868553302456e+00,
       1.7057062452304497e+00, 1.0391881813910571e+00,
       2.0292151209670277e+00, 1.3818800147154482e+00,
       4.4341180367287653e-01, 9.7479037097087573e-01,
       7.9891851662482838e-01, 1.4134067505451229e+00,
       1.3898514143774225e+00, 1.9908120502946440e+00,
       1.0805119270549810e+00, 1.4318793466303190e+00,
       1.8986552423829044e+00, 8.4844017269432848e-01,
       1.0498068033732699e+00, 9.6235423064546755e-01,
       2.1534044526572633e+00, 1.7605948898325567e+00,
       2.0192314407466894e+00, 1.3104235300803919e+00,
       2.6092422024363096e+00 ]
intactSigma:
   - !!opencv-matrix
      rows: 9
      cols: 9
      dt: d
      data: [ 5.9061580358260833e-02, 1.2284876929596258e-01,
          1.2471648230270855e-02, -2.7533972320266730e-02,
          -8.3372149579216126e-03, 3.5553376370825708e-02,
          1.2834985455160975e-02, 7.4367111033462495e-03,
          3.3531716185495025e-02, 1.2284876929596258e-01,
          4.6995080563592490e-01, 1.9635153746130139e-02,
          4.2324774692986893e-02, 3.3284732241075372e-02,
          6.9562459752283118e-02, 1.8336771212281795e-02,
          1.7237492114059470e-02, 6.7679735969684213e-02,
          1.2471648230270851e-02, 1.9635153746130139e-02,
          4.5328840033003241e-02, -1.1654278348777927e-03,
          4.9117694194452809e-04, 1.5370283093980038e-02,
          4.0667765089147127e-03, 7.5238727561356567e-03,
          -7.5517634345969643e-04, -2.7533972320266730e-02,
          4.2324774692986893e-02, -1.1654278348777927e-03,
          2.5994486504927006e-01, 8.4592240683438957e-02,
          -2.6502870511542390e-02, -2.4145574986641476e-02,
          -9.2569813359294278e-04, -4.6100531410163841e-02,
          -8.3372149579216126e-03, 3.3284732241075372e-02,
          4.9117694194452776e-04, 8.4592240683438957e-02,
          4.7583149497217890e-02, -4.4101102403200131e-03,
          -1.0881216995637660e-02, 2.7564316897971618e-03,
          -1.7479876850470498e-02, 3.5553376370825708e-02,
          6.9562459752283118e-02, 1.5370283093980034e-02,
          -2.6502870511542390e-02, -4.4101102403200131e-03,
          1.0744250095238558e-01, 1.0152817456115966e-02,
          9.8287159885204756e-03, 1.8051907103531592e-02,
          1.2834985455160975e-02, 1.8336771212281795e-02,
          4.0667765089147136e-03, -2.4145574986641476e-02,
          -1.0881216995637660e-02, 1.0152817456115969e-02,
          1.2600682018213422e-02, 3.2823457618465358e-03,
          1.1893974289929563e-02, 7.4367111033462503e-03,
          1.7237492114059463e-02, 7.5238727561356567e-03,
          -9.2569813359294419e-04, 2.7564316897971605e-03,
          9.8287159885204756e-03, 3.2823457618465358e-03,
          4.3169005261149411e-02, 3.5903578592753850e-03,
          3.3531716185495018e-02, 6.7679735969684213e-02,
          -7.5517634345969675e-04, -4.6100531410163841e-02,
          -1.7479876850470498e-02, 1.8051907103531592e-02,
          1.1893974289929563e-02, 3.5903578592753837e-03,
          6.2305543660225851e-02 ]
   - !!opencv-matrix
      rows: 9
      cols: 9
      dt: d
      data: [ 4.4767427839187161e-03, 2.0205638167062013e-03,
          -1.6426845213286874e-04, 2.6969868060722191e-04,
          3.5222273968954005e-04, 1.9538124072372449e-03,
          6.9203006009345013e-04, -5.3366010968861257e-06,
          9.6620134009401738e-04, 2.0205638167062013e-03,
          2.5019179579470014e-03, -1.0723219928169970e-05,
          4.5293820407742868e-04, 3.7556383816529296e-04,
          2.0929255450629651e-03, 1.0213376898678776e-03,
          1.7866072373899983e-04, 9.3634379213180163e-04,
          -1.6426845213286865e-04, -1.0723219928169970e-05,
          1.8378888409994344e-02, 1.2609420128436894e-03,
          -1.2895597062836556e-05, -4.2938474372886228e-03,
          -7.4452075771764146e-05, -1.0622096596073882e-03,
          -1.3662239168418828e-03, 2.6969868060722191e-04,
          4.5293820407742879e-04, 1.2609420128436898e-03,
          3.6320114065747124e-02, 1.6077713008476761e-04,
          -8.6998449922031755e-03, -1.3397967670585305e-04,
          6.8154987688027525e-04, -2.3613324615900380e-04,
          3.5222273968954010e-04, 3.7556383816529312e-04,
          -1.2895597062836523e-05, 1.6077713008476774e-04,
          2.3636789532737439e-03, 3.7030941988014680e-04,
          -4.0505748287972558e-04, 9.5580868552368444e-05,
          1.2807246851903806e-04, 1.9538124072372449e-03,
          2.0929255450629651e-03, -4.2938474372886202e-03,
          -8.6998449922031738e-03, 3.7030941988014680e-04,
          9.1364748240618854e-02, 2.5554648434729381e-03,
          -4.1360294998628727e-03, 1.3327360794035607e-03,
          6.9203006009345013e-04, 1.0213376898678779e-03,
          -7.4452075771764078e-05, -1.3397967670585311e-04,
          -4.0505748287972553e-04, 2.5554648434729390e-03,
          1.1062172611979629e-02, 3.5050787695618249e-04,
          1.0392203344753044e-03, -5.3366010968861240e-06,
          1.7866072373899991e-04, -1.0622096596073882e-03,
          6.8154987688027503e-04, 9.5580868552368417e-05,
          -4.1360294998628718e-03, 3.5050787695618249e-04,
          8.3802528749681807e-03, 1.2673754877514707e-04,
          9.6620134009401738e-04, 9.3634379213180163e-04,
          -1.3662239168418828e-03, -2.3613324615900369e-04,
          1.2807246851903812e-04, 1.3327360794035603e-03,
          1.0392203344753042e-03, 1.2673754877514699e-04,
          4.1864529275654891e-03 ]
   - !!opencv-matrix
      rows: 9
      cols: 9
      dt: d
      data: [ 2.2232995645503996e-02, 7.1690419886899495e-03,
          -1.1747267237816822e-03, 1.1343336606638660e-03,
          1.0595255732330498e-02, -7.1769853354678951e-03,
          3.2801034765177635e-03, -1.0070653999774812e-03,
          -4.9013143107227517e-03, 7.1690419886899495e-03,
          5.5885568448913320e-03, -3.3997087291008985e-04,
          1.0375990712870218e-03, 5.9935017159929525e-03,
          -2.8992334819595510e-03, -1.9498472195927642e-04,
          -4.1476837319977456e-04, 1.8451475781358778e-03,
          -1.1747267237816822e-03, -3.3997087291008995e-04,
          3.0952186889995143e-02, 7.6261281340612408e-05,
          -1.3646839509065907e-03, -6.6271823068006930e-04,
          3.3296779074612416e-04, -7.1850284891164724e-04,
          -2.2207258134763749e-02, 1.1343336606638656e-03,
          1.0375990712870218e-03, 7.6261281340612462e-05,
          2.3917540353229644e-02, 8.4424269180139746e-04,
          -4.3954734851419314e-03, -2.3577190693021671e-04,
          -4.3938116970338126e-04, -1.1738442090478323e-03,
          1.0595255732330498e-02, 5.9935017159929516e-03,
          -1.3646839509065902e-03, 8.4424269180139746e-04,
          2.0882737104306808e-02, -6.5578662514860758e-03,
          -1.5737695103346307e-03, -7.8194815681701356e-04,
          7.1198800577922799e-03, -7.1769853354678934e-03,
          -2.8992334819595502e-03, -6.6271823068007017e-04,
          -4.3954734851419305e-03, -6.5578662514860758e-03,
          7.7210434299995093e-02, 2.4983856759073202e-03,
          -1.5255493564844663e-03, -6.2172821143375804e-03,
          3.2801034765177635e-03, -1.9498472195927642e-04,
          3.3296779074612438e-04, -2.3577190693021679e-04,
          -1.5737695103346305e-03, 2.4983856759073202e-03,
          8.9391934584221195e-03, 1.9717414371473279e-04,
          -8.7017505408034795e-03, -1.0070653999774814e-03,
          -4.1476837319977434e-04, -7.1850284891164724e-04,
          -4.3938116970338115e-04, -7.8194815681701356e-04,
          -1.5255493564844660e-03, 1.9717414371473279e-04,
          1.0748170622493105e-02, 5.5396058296220676e-04,
          -4.9013143107227500e-03, 1.8451475781358783e-03,
          -2.2207258134763749e-02, -1.1738442090478321e-03,
          7.1198800577922799e-03, -6.2172821143375787e-03,
          -8.7017505408034813e-03, 5.5396058296220698e-04,
          2.4409671743428057e-01 ]
   - !!opencv-matrix
      rows: 9
      cols: 9
      dt: d
      data: [ 1.2864705843368243e-01, 3.5079923260865134e-02,
          4.1440196878047286e-03, 7.6300107147448887e-03,
          9.7558817314709577e-03, 3.1303437206468540e-02,
          4.4900253429701865e-02, 1.9628340840441485e-03,
          2.3134960465666009e-02, 3.5079923260865141e-02,
          2.8008008410938087e-02, 2.7088984971001978e-03,
          6.6170205771472496e-03, 4.6795210184811939e-03,
          2.4265588567517839e-02, 1.6630343030172273e-02,
          2.5326847848417232e-03, 1.2340521603012739e-02,
          4.1440196878047304e-03, 2.7088984971001986e-03,
          2.6195506416564554e-02, 1.6175941256874713e-03,
          1.2616362053441297e-03, 1.2683565977168127e-02,
          6.2743042765619622e-03, 1.4004575305678602e-03,
          1.3315177820865422e-03, 7.6300107147448887e-03,
          6.6170205771472488e-03, 1.6175941256874717e-03,
          4.6304946961911904e-02, 1.1498834704282870e-03,
          2.2754090901506664e-03, 4.7162535917839353e-03,
          1.0173526550010972e-03, 2.8465339669305964e-03,
          9.7558817314709577e-03, 4.6795210184811939e-03,
          1.2616362053441297e-03, 1.1498834704282875e-03,
          5.8753280298129941e-03, 6.7389590037806070e-03,
          3.6897538096290344e-03, 8.0037348794253723e-04,
          4.8465549991560516e-03, 3.1303437206468540e-02,
          2.4265588567517839e-02, 1.2683565977168127e-02,
          2.2754090901506646e-03, 6.7389590037806070e-03,
          1.6616535275168906e-01, 3.3996267258483905e-02,
          7.5858515557694723e-03, 2.2385436919911680e-02,
          4.4900253429701872e-02, 1.6630343030172277e-02,
          6.2743042765619622e-03, 4.7162535917839336e-03,
          3.6897538096290353e-03, 3.3996267258483905e-02,
          4.5712093955795632e-02, 4.1786151077358178e-03,
          1.1946879619199892e-02, 1.9628340840441476e-03,
          2.5326847848417236e-03, 1.4004575305678602e-03,
          1.0173526550010972e-03, 8.0037348794253734e-04,
          7.5858515557694715e-03, 4.1786151077358160e-03,
          2.1228226854453597e-02, 3.3198505550043572e-03,
          2.3134960465666009e-02, 1.2340521603012739e-02,
          1.3315177820865430e-03, 2.8465339669305964e-03,
          4.8465549991560516e-03, 2.2385436919911680e-02,
          1.1946879619199893e-02, 3.3198505550043576e-03,
          2.9735513967064784e-02 ]
   - !!opencv-matrix
      rows: 9
      cols: 9
      dt: d
      data: [ 4.7292704783224160e-01, 2.1457501079662292e-01,
          -2.3021954118513493e-01, 8.1145473176152030e-03,
          -4.4108518695567256e-02, 3.4338911195094642e-02,
          1.2157479744005745e-01, 6.3447579726711532e-03,
          2.8559411217273079e-01, 2.1457501079662292e-01,
          3.4931255235992881e-01, -3.5422195238823208e-02,
          8.0258237742188127e-02, -4.3411375129223266e-02,
          1.1078855343984383e-01, 4.0181240622363702e-02,
          3.7112171212595205e-02, 9.3207777489897364e-02,
          -2.3021954118513493e-01, -3.5422195238823194e-02,
          5.9701004793255252e-01, 5.0487726513422919e-02,
          5.5312053657816064e-03, 1.8351322449315344e-01,
          -5.5763727450410064e-05, 8.8890700150835014e-02,
          -4.4805281134032071e-01, 8.1145473176152012e-03,
          8.0258237742188127e-02, 5.0487726513422933e-02,
          1.3697952231954083e-01, 4.1051811233836256e-03,
          6.0817960299068233e-02, -3.9000534029996993e-03,
          3.5498553036536436e-02, -3.7529597090415631e-02,
          -4.4108518695567256e-02, -4.3411375129223259e-02,
          5.5312053657816064e-03, 4.1051811233836274e-03,
          2.4307525280271527e-01, -1.1136423510412917e-01,
          -6.8257080334192699e-02, -2.7345982919749320e-02,
          3.1725034065507030e-02, 3.4338911195094642e-02,
          1.1078855343984383e-01, 1.8351322449315349e-01,
          6.0817960299068233e-02, -1.1136423510412916e-01,
          5.0888497864903448e-01, 8.8920376595178791e-02,
          1.7248558430701247e-01, -5.6868772994141802e-02,
          1.2157479744005745e-01, 4.0181240622363702e-02,
          -5.5763727450409217e-05, -3.9000534029996984e-03,
          -6.8257080334192713e-02, 8.8920376595178777e-02,
          1.1824507144626037e-01, 2.9353471704950219e-02,
          2.0910033291073198e-02, 6.3447579726711532e-03,
          3.7112171212595205e-02, 8.8890700150835014e-02,
          3.5498553036536443e-02, -2.7345982919749323e-02,
          1.7248558430701247e-01, 2.9353471704950219e-02,
          1.3861192391300128e-01, -1.8772228290519093e-02,
          2.8559411217273073e-01, 9.3207777489897364e-02,
          -4.4805281134032071e-01, -3.7529597090415631e-02,
          3.1725034065507030e-02, -5.6868772994141795e-02,
          2.0910033291073198e-02, -1.8772228290519093e-02,
          7.1098440514589334e-01 ]
intactC: !!opencv-matrix
   rows: 1
   cols: 5
   dt: d
   data: [ 5.8068463280267379e-02, 2.1149576665253875e-01,
       3.9172298073011391e-01, 1.8743122559578931e-01,
       9.9609037438215281e-02 ]
intactNumEvents: 581008.
intactMaxVals: !!opencv-matrix
   rows: 1
   cols: 9
   dt: d
   data: [ 4.5000000000000000e+00, 4.5000000000000000e+00,
       4.5000000000000000e+00, 4.5000000000000000e+00,
       4.5000000000000000e+00, 4.5000000000000000e+00,
       4.5000000000000000e+00, 4.5000000000000000e+00,
       4.5000000000000000e+00 ]
intactScales: !!opencv-matrix
   rows: 1
   cols: 9
   dt: d
   data: [ 1., 1., 1., 1., 1., 1., 1., 1., 1. ]
CD19Gmmnames:
   - "CD19.Bue110.0"
   - "CD19.Bue110.1"
CD19Labels:
   - FSC-A
   - SSC-A
   - CD20
   - CD10
   - CD45
   - CD34
   - SYTO41
   - CD19
   - CD38
CD19Mu: !!opencv-matrix
   rows: 2
   cols: 9
   dt: d
   data: [ 1.1057018511878887e+00, 2.0275229737177153e-01,
       3.1965499453572512e+00, 8.2025369642180102e-01,
       2.6553865815544686e+00, 9.8793587441899922e-01,
       1.3814316902438517e+00, 3.0936167033514970e+00,
       1.5746495827059157e+00, 1.7132655378540576e+00,
       5.5362985862432124e-01, 2.0974242158546126e+00,
       9.3194435783385998e-01, 2.4408821807987375e+00,
       1.8429516426314168e+00, 2.0018914702736366e+00,
       2.9417809052854595e+00, 2.5788796693725007e+00 ]
CD19Sigma:
   - !!opencv-matrix
      rows: 9
      cols: 9
      dt: d
      data: [ 1.6182737788587222e-02, 4.0491771549327682e-03,
          1.5420102651332107e-03, 1.5769873089607001e-03,
          8.8030003835633062e-03, -4.3314998820286679e-03,
          2.4641411065782905e-03, 1.1582848336136973e-03,
          2.1381846758516442e-03, 4.0491771549327682e-03,
          3.0082405512081747e-03, 1.3462546045652903e-03,
          1.1457645435358598e-03, 3.1464709165405125e-03,
          -2.4690582902639355e-04, 3.6698596968822074e-04,
          1.1719387313142552e-03, 2.1913117182239439e-03,
          1.5420102651332107e-03, 1.3462546045652898e-03,
          1.7954386725409808e-02, 1.5414311750836826e-03,
          3.4994088699209455e-04, 7.0929825074500389e-04,
          -3.4599344060189056e-03, 7.7604255546836398e-03,
          6.1154654252428787e-03, 1.5769873089607010e-03,
          1.1457645435358598e-03, 1.5414311750836826e-03,
          3.2820355942616806e-02, 8.9311067689739568e-04,
          -3.2230991363141857e-03, -3.4046911836650907e-04,
          1.8165178093473633e-03, 3.0394293140420031e-03,
          8.8030003835633044e-03, 3.1464709165405125e-03,
          3.4994088699209422e-04, 8.9311067689739536e-04,
          2.3955688925608936e-02, -8.1436261901187083e-03,
          -1.0879123417386564e-03, 3.7108692199792881e-03,
          2.2954469453397241e-03, -4.3314998820286679e-03,
          -2.4690582902639344e-04, 7.0929825074500378e-04,
          -3.2230991363141866e-03, -8.1436261901187083e-03,
          2.3136513224949076e-01, 2.8980569690235506e-03,
          -1.4192374790388519e-02, -2.1620286123691357e-03,
          2.4641411065782905e-03, 3.6698596968822074e-04,
          -3.4599344060189051e-03, -3.4046911836650896e-04,
          -1.0879123417386564e-03, 2.8980569690235519e-03,
          7.4966208999406661e-03, -3.7954977111836442e-03,
          -1.5923251884346408e-03, 1.1582848336136968e-03,
          1.1719387313142557e-03, 7.7604255546836389e-03,
          1.8165178093473631e-03, 3.7108692199792881e-03,
          -1.4192374790388516e-02, -3.7954977111836455e-03,
          3.2215139715077147e-02, 4.0009294793434298e-03,
          2.1381846758516438e-03, 2.1913117182239439e-03,
          6.1154654252428787e-03, 3.0394293140420022e-03,
          2.2954469453397232e-03, -2.1620286123691375e-03,
          -1.5923251884346413e-03, 4.0009294793434298e-03,
          6.6823678124376465e-02 ]
   - !!opencv-matrix
      rows: 9
      cols: 9
      dt: d
      data: [ 3.9761554739505878e-01, 1.0169408062053245e-01,
          -6.0934656692298927e-01, -1.7839624992499126e-02,
          1.7386637516741607e-03, 7.1148568521084851e-02,
          6.9918884857818109e-02, -2.1540769987434913e-02,
          4.6900440336547450e-01, 1.0169408062053245e-01,
          5.9182355074574068e-02, -1.3814722856465916e-01,
          5.8827992418516014e-03, -8.2401435728768017e-03,
          8.9037486950430358e-02, 4.2710461967265703e-02,
          -9.5937404909358596e-03, 1.2940590437055388e-01,
          -6.0934656692298916e-01, -1.3814722856465916e-01,
          2.3263744221688638e+00, 1.0209884625900122e-01,
          1.6251495480158859e-01, -1.6529670588445129e-02,
          -7.1085231930012371e-02, 1.9417873951347814e-01,
          -1.3793902233114341e+00, -1.7839624992499126e-02,
          5.8827992418516014e-03, 1.0209884625900122e-01,
          8.2914955975348384e-02, 1.1538263692840169e-02,
          7.9251374117239228e-03, 9.1619032060539785e-03,
          1.1141229835889428e-02, -3.6820264404216735e-02,
          1.7386637516741616e-03, -8.2401435728768051e-03,
          1.6251495480158859e-01, 1.1538263692840169e-02,
          2.0448007672369395e-01, -2.0539524693494279e-01,
          -2.3502421286043049e-02, 7.2710770268162986e-02,
          1.8692895461782086e-02, 7.1148568521084851e-02,
          8.9037486950430358e-02, -1.6529670588445153e-02,
          7.9251374117239228e-03, -2.0539524693494277e-01,
          1.0590066656805019e+00, 2.3165251427115149e-01,
          -1.1244234222983646e-01, -8.4334879117842293e-02,
          6.9918884857818095e-02, 4.2710461967265703e-02,
          -7.1085231930012344e-02, 9.1619032060539750e-03,
          -2.3502421286043049e-02, 2.3165251427115149e-01,
          1.5838131695582369e-01, -2.2007667060554178e-02,
          6.8728902289616672e-02, -2.1540769987434913e-02,
          -9.5937404909358596e-03, 1.9417873951347808e-01,
          1.1141229835889428e-02, 7.2710770268162986e-02,
          -1.1244234222983648e-01, -2.2007667060554178e-02,
          8.8948918857334344e-02, -6.8449367051058738e-02,
          4.6900440336547450e-01, 1.2940590437055388e-01,
          -1.3793902233114341e+00, -3.6820264404216735e-02,
          1.8692895461782086e-02, -8.4334879117842307e-02,
          6.8728902289616672e-02, -6.8449367051058752e-02,
          1.1824132939504699e+00 ]
CD19C: !!opencv-matrix
   rows: 1
   cols: 2
   dt: d
   data: [ 4.0874707239188332e-02, 1.0636230204704384e-02 ]
CD19NumEvents: 31559.
CD19MaxVals: !!opencv-matrix
   rows: 1
   cols: 9
   dt: d
   data: [ 4.5000000000000000e+00, 4.5000000000000000e+00,
       4.5000000000000000e+00, 4.5000000000000000e+00,
       4.5000000000000000e+00, 4.5000000000000000e+00,
       4.5000000000000000e+00, 4.5000000000000000e+00,
       4.5000000000000000e+00 ]
CD19Scales: !!opencv-matrix
   rows: 1
   cols: 9
   dt: d
   data: [ 1., 1., 1., 1., 1., 1., 1., 1., 1. ]
blastGmmnames:
   - "blast.Bue110.0"
blastLabels:
   - FSC-A
   - SSC-A
   - CD20
   - CD10
   - CD45
   - CD34
   - SYTO41
   - CD19
   - CD38
blastMu: !!opencv-matrix
   rows: 1
   cols: 9
   dt: d
   data: [ 1.3810764551162722e+00, 3.9066514101895422e-01,
       8.8211058755640437e-01, 3.1716402130897601e+00,
       1.6129441357622245e+00, 2.6840209836714122e+00,
       1.5054306213301842e+00, 3.3945091107879026e+00,
       1.7858853364231613e+00 ]
blastSigma:
   - !!opencv-matrix
      rows: 9
      cols: 9
      dt: d
      data: [ 1.0159460906454752e-01, 4.5375046311402337e-02,
          4.7082896188749182e-02, 1.2940879317873091e-02,
          2.9381635743522629e-02, -5.4464733816372977e-02,
          2.6955999167427806e-02, 9.1650757826342178e-03,
          1.0928573569239147e-01, 4.5375046311402337e-02,
          3.1769406538338700e-02, 3.1402121026042312e-02,
          5.8664386056674908e-03, 1.6272570090137061e-02,
          -2.2560921896227971e-02, 1.4483166509064265e-02,
          -6.3420525680220915e-04, 4.6919830030058611e-02,
          4.7082896188749182e-02, 3.1402121026042312e-02,
          5.0531996427670978e-01, 1.2968659309846543e-02,
          6.1216020714741179e-02, -2.8765080654581460e-01,
          2.5027128806732735e-02, -1.3684318390320832e-02,
          1.2360258735165330e-01, 1.2940879317873091e-02,
          5.8664386056674908e-03, 1.2968659309846543e-02,
          9.8912283026826073e-02, 6.0394951741701702e-03,
          -1.0075447415016661e-01, -7.1411836532934928e-03,
          3.2755042168815432e-02, 3.1397367567054357e-02,
          2.9381635743522629e-02, 1.6272570090137061e-02,
          6.1216020714741179e-02, 6.0394951741701702e-03,
          2.9451917575360021e-02, -6.8643893638665410e-02,
          6.9377412710502325e-03, 3.9184343276975351e-03,
          5.8130338897177197e-02, -5.4464733816372977e-02,
          -2.2560921896227971e-02, -2.8765080654581460e-01,
          -1.0075447415016661e-01, -6.8643893638665410e-02,
          6.5973595721460521e-01, -6.1703892474108193e-03,
          -5.1883095339642034e-02, -2.1377014894850596e-01,
          2.6955999167427806e-02, 1.4483166509064265e-02,
          2.5027128806732735e-02, -7.1411836532934928e-03,
          6.9377412710502325e-03, -6.1703892474108193e-03,
          2.9621757376612896e-02, -1.7701790388687199e-02,
          1.9350666714338705e-02, 9.1650757826342178e-03,
          -6.3420525680220915e-04, -1.3684318390320832e-02,
          3.2755042168815432e-02, 3.9184343276975351e-03,
          -5.1883095339642034e-02, -1.7701790388687199e-02,
          7.3362765331062799e-02, 1.2737512566725555e-02,
          1.0928573569239147e-01, 4.6919830030058611e-02,
          1.2360258735165330e-01, 3.1397367567054357e-02,
          5.8130338897177197e-02, -2.1377014894850596e-01,
          1.9350666714338705e-02, 1.2737512566725555e-02,
          2.8513343935903662e-01 ]
blastC: !!opencv-matrix
   rows: 1
   cols: 1
   dt: d
   data: [ 1.6158885918265414e-04 ]
blastNumEvents: 99.
blastMaxVals: !!opencv-matrix
   rows: 1
   cols: 9
   dt: d
   data: [ 4.5000000000000000e+00, 4.5000000000000000e+00,
       4.5000000000000000e+00, 4.5000000000000000e+00,
       4.5000000000000000e+00, 4.5000000000000000e+00,
       4.5000000000000000e+00, 4.5000000000000000e+00,
       4.5000000000000000e+00 ]
blastScales: !!opencv-matrix
   rows: 1
   cols: 9
   dt: d
   data: [ 1., 1., 1., 1., 1., 1., 1., 1., 1. ]
