%YAML:1.0
---
groups:
   - intact
   - CD19
   - blast
intactGmmnames:
   - "intact.Bue110.0"
   - "intact.Bue110.1"
   - "intact.Bue110.2"
   - "intact.Bue110.3"
   - "intact.Bue110.4"
intactLabels:
   - FSC-A
   - SSC-A
   - CD20
   - CD10
   - CD45
   - CD34
   - SYTO41
   - CD19
   - CD38
intactMu: !!opencv-matrix
   rows: 5
   cols: 9
   dt: d
   data: [ 2.1734981898163159e+00, 2.9206492776908535e+00,
       1.1197230110448586e+00, 1.8003548782229510e+00,
       2.1766085974655720e+00, 1.8244010938141630e+00,
       1.7705386725919587e+00, 1.2127875498264442e+00,
       1.8781300923778959e+00, 8.3480175944878210e-01,
       2.3221278011933957e-01, 9.3844400011932383e-01,
       7.5605915982873351e-01, 1.3651776180603303e+00,
       1.1504652291365665e+00, 1.6327832731630967e+00,
       1.0204479429164199e+00, 1.2696712882915968e+00,
       1.1805419586504304e+00, 2.1058159127730186e-01,
       9.2612254742541611e-01, 7.5590320303253178e-01,
       2.5322894508559401e+00, 1.0783868553302456e+00,
       1.7057062452304497e+00, 1.0391881813910571e+00,
       2.0292151209670277e+00, 1.3818800147154482e+00,
       4.4341180367287653e-01, 9.7479037097087573e-01,
       7.9891851662482838e-01, 1.4134067505451229e+00,
       1.3898514143774225e+00, 1.9908120502946440e+00,
       1.0805119270549810e+00, 1.4318793466303190e+00,
       1.8986552423829044e+00, 8.4844017269432848e-01,
       1.0498068033732699e+00, 9.6235423064546755e-01,
       2.1534044526572633e+00, 1.7605948898325567e+00,
       2.0192314407466894e+00, 1.3104235300803919e+00,
       2.6092422024363096e+00 ]
intactSigma:
   - !!opencv-matrix
      rows: 9
      cols: 9
      dt: d
      data: [ 5.9061580358260833e-02, 1.2284876929596258e-01,
          1.2471648230270855e-02, -2.7533972320266730e-02,
          -8.3372149579216126e-03, 3.5553376370825708e-02,
          1.2834985455160975e-02, 7.4367111033462495e-03,
          3.3531716185495025e-02, 1.2284876929596258e-01,
          4.6995080563592490e-01, 1.9635153746130139e-02,
          4.2324774692986893e-02, 3.3284732241075372e-02,
          6.9562459752283118e-02, 1.8336771212281795e-02,
          1.7237492114059470e-02, 6.7679735969684213e-02,
          1.2471648230270851e-02, 1.9635153746130139e-02,
          4.5328840033003241e-02, -1.1654278348777927e-03,
          4.9117694194452809e-04, 1.5370283093980038e-02,
          4.0667765089147127e-03, 7.5238727561356567e-03,
          -7.5517634345969643e-04, -2.7533972320266730e-02,
          4.2324774692986893e-02, -1.1654278348777927e-03,
          2.5994486504927006e-01, 8.4592240683438957e-02,
          -2.6502870511542390e-02, -2.4145574986641476e-02,
          -9.2569813359294278e-04, -4.6100531410163841e-02,
          -8.3372149579216126e-03, 3.3284732241075372e-02,
          4.9117694194452776e-04, 8.4592240683438957e-02,
          4.7583149497217890e-02, -4.4101102403200131e-03,
          -1.0881216995637660e-02, 2.7564316897971618e-03,
          -1.7479876850470498e-02, 3.5553376370825708e-02,
          6.9562459752283118e-02, 1.5370283093980034e-02,
          -2.6502870511542390e-02, -4.4101102403200131e-03,
          1.0744250095238558e-01, 1.0152817456115966e-02,
          9.8287159885204756e-03, 1.8051907103531592e-02,
          1.2834985455160975e-02, 1.8336771212281795e-02,
          4.0667765089147136e-03, -2.4145574986641476e-02,
          -1.0881216995637660e-02, 1.0152817456115969e-02,
          1.2600682018213422e-02, 3.2823457618465358e-03,
          1.1893974289929563e-02, 7.4367111033462503e-03,
          1.7237492114059463e-02, 7.5238727561356567e-03,
          -9.2569813359294419e-04, 2.7564316897971605e-03,
          9.8287159885204756e-03, 3.2823457618465358e-03,
          4.3169005261149411e-02, 3.5903578592753850e-03,
          3.3531716185495018e-02, 6.7679735969684213e-02,
          -7.5517634345969675e-04, -4.6100531410163841e-02,
          -1.7479876850470498e-02, 1.8051907103531592e-02,
          1.1893974289929563e-02, 3.5903578592753837e-03,
          6.2305543660225851e-02 ]
   - !!opencv-matrix
      rows: 9
      cols: 9
      dt: d
      data: [ 4.4767427839187161e-03, 2.0205638167062013e-03,
          -1.6426845213286874e-04, 2.6969868060722191e-04,
          3.5222273968954005e-04, 1.9538124072372449e-03,
          6.9203006009345013e-04, -5.3366010968861257e-06,
          9.6620134009401738e-04, 2.0205638167062013e-03,
          2.5019179579470014e-03, -1.0723219928169970e-05,
          4.5293820407742868e-04, 3.7556383816529296e-04,
          2.0929255450629651e-03, 1.0213376898678776e-03,
          1.7866072373899983e-04, 9.3634379213180163e-04,
          -1.6426845213286865e-04, -1.0723219928169970e-05,
          1.8378888409994344e-02, 1.2609420128436894e-03,
          -1.2895597062836556e-05, -4.2938474372886228e-03,
          -7.4452075771764146e-05, -1.0622096596073882e-03,
          -1.3662239168418828e-03, 2.6969868060722191e-04,
          4.5293820407742879e-04, 1.2609420128436898e-03,
          3.6320114065747124e-02, 1.6077713008476761e-04,
          -8.6998449922031755e-03, -1.3397967670585305e-04,
          6.8154987688027525e-04, -2.3613324615900380e-04,
          3.5222273968954010e-04, 3.7556383816529312e-04,
          -1.2895597062836523e-05, 1.6077713008476774e-04,
          2.3636789532737439e-03, 3.7030941988014680e-04,
          -4.0505748287972558e-04, 9.5580868552368444e-05,
          1.2807246851903806e-04, 1.9538124072372449e-03,
          2.0929255450629651e-03, -4.2938474372886202e-03,
          -8.6998449922031738e-03, 3.7030941988014680e-04,
          9.1364748240618854e-02, 2.5554648434729381e-03,
          -4.1360294998628727e-03, 1.3327360794035607e-03,
          6.9203006009345013e-04, 1.0213376898678779e-03,
          -7.4452075771764078e-05, -1.3397967670585311e-04,
          -4.0505748287972553e-04, 2.5554648434729390e-03,
          1.1062172611979629e-02, 3.5050787695618249e-04,
          1.0392203344753044e-03, -5.3366010968861240e-06,
          1.7866072373899991e-04, -1.0622096596073882e-03,
          6.8154987688027503e-04, 9.5580868552368417e-05,
          -4.1360294998628718e-03, 3.5050787695618249e-04,
          8.3802528749681807e-03, 1.2673754877514707e-04,
          9.6620134009401738e-04, 9.3634379213180163e-04,
          -1.3662239168418828e-03, -2.3613324615900369e-04,
          1.2807246851903812e-04, 1.3327360794035603e-03,
          1.0392203344753042e-03, 1.2673754877514699e-04,
          4.1864529275654891e-03 ]
   - !!opencv-matrix
      rows: 9
      cols: 9
      dt: d
      data: [ 2.2232995645503996e-02, 7.1690419886899495e-03,
          -1.1747267237816822e-03, 1.1343336606638660e-03,
          1.0595255732330498e-02, -7.1769853354678951e-03,
          3.2801034765177635e-03, -1.0070653999774812e-03,
          -4.9013143107227517e-03, 7.1690419886899495e-03,
          5.5885568448913320e-03, -3.3997087291008985e-04,
          1.0375990712870218e-03, 5.9935017159929525e-03,
          -2.8992334819595510e-03, -1.9498472195927642e-04,
          -4.1476837319977456e-04, 1.8451475781358778e-03,
          -1.1747267237816822e-03, -3.3997087291008995e-04,
          3.0952186889995143e-02, 7.6261281340612408e-05,
          -1.3646839509065907e-03, -6.6271823068006930e-04,
          3.3296779074612416e-04, -7.1850284891164724e-04,
          -2.2207258134763749e-02, 1.1343336606638656e-03,
          1.0375990712870218e-03, 7.6261281340612462e-05,
          2.3917540353229644e-02, 8.4424269180139746e-04,
          -4.3954734851419314e-03, -2.3577190693021671e-04,
          -4.3938116970338126e-04, -1.1738442090478323e-03,
          1.0595255732330498e-02, 5.9935017159929516e-03,
          -1.3646839509065902e-03, 8.4424269180139746e-04,
          2.0882737104306808e-02, -6.5578662514860758e-03,
