%YAML:1.0
---
groups:
   - intact
   - CD19
   - blast
intactGmmnames:
   - "intact.Vie026.0"
   - "intact.Vie026.1"
   - "intact.Vie026.2"
   - "intact.Vie026.3"
   - "intact.Vie026.4"
intactLabels:
   - FSC-A
   - SSC-A
   - CD20
   - CD10
   - CD45
   - CD34
   - SYTO41
   - CD19
   - CD38
intactMu: !!opencv-matrix
   rows: 5
   cols: 9
   dt: d
   data: [ 2.1134131944197194e+00, 2.0538892927227650e+00,
       1.2723291634486951e+00, 1.1257841127033228e+00,
       2.6598944815048653e+00, 1.8729238625791260e+00,
       2.0363899158497678e+00, 1.3464381351965991e+00,
       2.0780189536335856e+00, 1.1628109991005828e+00,
       5.7254662388143773e-01, 1.1665721675252034e+00,
       8.3209196941688934e-01, 3.2089637614861184e+00,
       1.0889315148536909e+00, 1.9591195406546402e+00,
       1.2275391906560309e+00, 1.7308932757420392e+00,
       1.0275960834152187e+00, 6.5523206486508478e-01,
       1.1704934715137123e+00, 9.3958239286638789e-01,
       1.4145444397391174e+00, 1.2913009556911863e+00,
       2.2093634536999986e+00, 1.2320071669002752e+00,
       1.4489206398308305e+00, 2.1787561487204834e+00,
       3.6595724311994275e+00, 1.2015022962105786e+00,
       1.9684367311699822e+00, 2.7634318004364160e+00,
       1.5570651650623406e+00, 2.1334479062458973e+00,
       1.2563446821402442e+00, 1.8888818957739191e+00,
       1.5763388085458303e+00, 8.8462495979548206e-01,
       1.1518421761134217e+00, 8.1700921157558670e-01,
       3.3082704111936265e+00, 1.2337403516203591e+00,
       1.9918195584034832e+00, 1.2234098052972664e+00,
       3.1681630845616064e+00 ]
intactSigma:
   - !!opencv-matrix
      rows: 9
      cols: 9
      dt: d
      data: [ 7.6187468441593309e-01, 1.9285098361644329e-01,
          3.1234745946351609e-02, -2.7554467154713245e-02,
          1.2918444692088835e-01, -2.6669306816139236e-02,
          5.0884426777687473e-02, 3.9560603858665194e-02,
          1.9828552963183841e-02, 1.9285098361644326e-01,
          9.1219880245281659e-01, 3.1795940910536370e-02,
          1.4524767637635688e-01, 7.8909471179283097e-02,
          4.8136097401067328e-02, 8.0034496561873975e-02,
          4.2640203545695879e-02, 1.9590706642989039e-01,
          3.1234745946351606e-02, 3.1795940910536370e-02,
          1.6024316032668021e-01, 2.2274090499021085e-02,
          4.8465455933940207e-02, 4.5277085866386926e-03,
          8.1718768408981166e-03, 1.1852721855370892e-01,
          -1.5543311317913584e-03, -2.7554467154713252e-02,
          1.4524767637635688e-01, 2.2274090499021085e-02,
          1.9209067892676715e-01, 6.6577964372256840e-02,
          1.0309966147777795e-02, 4.7516840170829182e-02,
          2.7291018101788970e-02, 4.3206218886842243e-02,
          1.2918444692088835e-01, 7.8909471179283097e-02,
          4.8465455933940207e-02, 6.6577964372256840e-02,
          4.5673902040406122e-01, 4.0713516463584835e-02,
          8.3108340721021343e-02, 5.0247443111098467e-02,
          2.4274360588801150e-01, -2.6669306816139236e-02,
          4.8136097401067328e-02, 4.5277085866386917e-03,
          1.0309966147777797e-02, 4.0713516463584835e-02,
          4.5995321624646524e-01, -1.2553348357709855e-02,
          6.9126972956417799e-03, 1.0084246611917262e-01,
          5.0884426777687508e-02, 8.0034496561873933e-02,
          8.1718768408981148e-03, 4.7516840170829182e-02,
          8.3108340721021343e-02, -1.2553348357709855e-02,
          1.1407795588018718e-01, 7.7960766642044682e-03,
          9.0221543983594860e-02, 3.9560603858665194e-02,
          4.2640203545695879e-02, 1.1852721855370892e-01,
          2.7291018101788977e-02, 5.0247443111098467e-02,
          6.9126972956417825e-03, 7.7960766642044682e-03,
          1.2962211251834888e-01, 1.2576636770291701e-02,
          1.9828552963183844e-02, 1.9590706642989039e-01,
          -1.5543311317913595e-03, 4.3206218886842243e-02,
          2.4274360588801150e-01, 1.0084246611917262e-01,
          9.0221543983594860e-02, 1.2576636770291701e-02,
          4.0860921893144408e-01 ]
   - !!opencv-matrix
      rows: 9
      cols: 9
      dt: d
      data: [ 6.0663391066875037e-02, 2.3450904606530855e-02,
          -2.0139397949763774e-04, 1.9593123423252436e-03,
          1.2841397726749720e-02, -1.0452720628162933e-03,
          1.0454853575555910e-02, 7.5324586310693734e-05,
          -2.4128077872331236e-03, 2.3450904606530855e-02,
          3.5699098611079984e-02, 3.2040147346280113e-04,
          1.9118721033178699e-03, 1.3080164068989793e-02,
          -5.6190058004213796e-04, 1.1220284330145621e-02,
          3.4277941828396745e-04, -1.4871202231242076e-02,
          -2.0139397949763755e-04, 3.2040147346280113e-04,
          5.4185275216486568e-03, 1.9627076101345728e-05,
          3.3731054624036122e-05, -1.9357108413356166e-03,
          1.3505978197924368e-04, -2.5851450461519560e-04,
          -6.1674389182585438e-04, 1.9593123423252428e-03,
          1.9118721033178697e-03, 1.9627076101345718e-05,
          2.4585513092524793e-02, 6.3354125609720426e-04,
          2.2438929912913918e-03, 5.9802593494343416e-04,
          -5.1660214021039658e-04, -1.8901805904418824e-03,
          1.2841397726749720e-02, 1.3080164068989793e-02,
          3.3731054624036176e-05, 6.3354125609720404e-04,
          1.9521615604132670e-02, -1.3357558032670919e-05,
          3.0807718148739192e-03, 9.2507627794967650e-05,
          1.9659236899434748e-03, -1.0452720628162935e-03,
          -5.6190058004213774e-04, -1.9357108413356171e-03,
          2.2438929912913922e-03, -1.3357558032670920e-05,
          1.0361541081431586e-01, 1.2231029930352889e-04,
          -7.3986911392342923e-03, 5.3862519410317090e-03,
          1.0454853575555910e-02, 1.1220284330145621e-02,
          1.3505978197924366e-04, 5.9802593494343427e-04,
          3.0807718148739183e-03, 1.2231029930352894e-04,
          1.7991296049972311e-02, 3.4860974977058242e-04,
          -6.6404952161372068e-03, 7.5324586310693734e-05,
          3.4277941828396723e-04, -2.5851450461519549e-04,
          -5.1660214021039658e-04, 9.2507627794967596e-05,
          -7.3986911392342923e-03, 3.4860974977058269e-04,
          4.5803248458847210e-03, 8.9836389247112392e-04,
          -2.4128077872331232e-03, -1.4871202231242074e-02,
          -6.1674389182585470e-04, -1.8901805904418824e-03,
          1.9659236899434748e-03, 5.3862519410317099e-03,
          -6.6404952161372086e-03, 8.9836389247112413e-04,
          1.8548103365058496e-01 ]
   - !!opencv-matrix
      rows: 9
      cols: 9
      dt: d
      data: [ 9.4617820348577020e-02, 3.8114520042712943e-02,
          9.9706760185561127e-04, 1.2440300040710943e-02,
          9.2127055672839367e-03, 1.1350678677912540e-02,
          1.8482702035694406e-02, 1.3640602801544709e-03,
          2.4975860833960417e-02, 3.8114520042712943e-02,
          5.5477071446411189e-02, 1.2387806103201138e-03,
          2.2060243320414442e-02, 1.7212349747643841e-02,
          1.9960407857880953e-02, 2.3045731377753998e-02,
          1.8199427637747840e-03, 4.3950939783272608e-02,
          9.9706760185561127e-04, 1.2387806103201138e-03,
          4.5990700205916328e-03, 5.4600269091102996e-04,
          4.2253499737281216e-05, -3.3086753284829412e-04,
          1.0024917894837159e-03, -3.1641331615650075e-04,
          1.2918279050212705e-03, 1.2440300040710946e-02,
          2.2060243320414445e-02, 5.4600269091103007e-04,
          1.0637707488921498e-01, 1.5756874928410734e-02,
          1.6872275518134104e-02, 1.5183702069239545e-02,
          7.4985589464895681e-04, 4.9774417698341067e-02,
          9.2127055672839367e-03, 1.7212349747643841e-02,
          4.2253499737281244e-05, 1.5756874928410734e-02,
          4.0241884850045248e-02, 1.3045167630074617e-02,
          6.8106702264008499e-03, 1.4433138665952223e-03,
