%YAML:1.0
---
groups:
   - intact
   - CD19
   - blast
intactGmmnames:
   - "intact.Vie024.0"
   - "intact.Vie024.1"
   - "intact.Vie024.2"
   - "intact.Vie024.3"
   - "intact.Vie024.4"
intactLabels:
   - FSC-A
   - SSC-A
   - CD20
   - CD10
   - CD45
   - CD34
   - SYTO41
   - CD19
   - CD38
intactMu: !!opencv-matrix
   rows: 5
   cols: 9
   dt: d
   data: [ 1.5855642284888305e+00, 5.3999908249577366e-01,
       6.6767266508918988e-01, 6.5328036939344891e-01,
       3.1174340015372644e+00, 9.0487661911750061e-01,
       2.2312614745946724e+00, 7.8003889429880557e-01,
       3.1717023093150014e+00, 3.1360756610723213e+00,
       3.1156715031564084e+00, 9.7110341050766669e-01,
       1.9792074145502405e+00, 2.6532216544624641e+00,
       1.1139782415035291e+00, 2.3937550148460129e+00,
       8.6014476145268570e-01, 2.2658430344331011e+00,
       1.5399145770432561e+00, 4.3102273340696068e-01,
       7.6109388082912177e-01, 7.1675173325791164e-01,
       3.1120356272244423e+00, 9.0450149285173087e-01,
       2.2651714428421488e+00, 7.2142097319519838e-01,
       1.4957052704400635e+00, 1.8596664108837162e+00,
       9.2066720672501767e-01, 9.3988236927565383e-01,
       1.1897472176222561e+00, 2.5036044322872604e+00,
       1.1210395527096764e+00, 2.4309475846937989e+00,
       9.4480970505265938e-01, 2.3053054776093775e+00,
       1.3064827181285923e+00, 2.9298739250005512e-01,
       6.6961860154115715e-01, 6.5350066021349507e-01,
       3.0704018746132453e+00, 9.0934273577584757e-01,
       2.1573899597062063e+00, 7.2509061088460292e-01,
       2.3010699480402690e+00 ]
intactSigma:
   - !!opencv-matrix
      rows: 9
      cols: 9
      dt: d
      data: [ 6.3314406572516010e-02, 1.2418060651412682e-02,
          2.3255604653095465e-03, 1.6318526376364788e-03,
          3.3635689693776419e-03, -1.6235023178462562e-03,
          3.1511662552459806e-03, 5.5425218206438930e-03,
          2.5576310166405006e-02, 1.2418060651412682e-02,
          1.5917731546564774e-02, -1.3365153888539299e-03,
          2.4058804521044167e-04, 3.6010108724127952e-03,
          -4.2878515426844410e-04, 4.5898963717513376e-03,
          5.0053860510005394e-03, 2.1027797681759625e-02,
          2.3255604653095448e-03, -1.3365153888539295e-03,
          3.0324634620560714e-01, -1.1203302592918550e-03,
          -2.1220556937953905e-04, 3.9555978423479182e-04,
          -1.9659127886936609e-03, -1.3190004809960510e-03,
          -2.4219570026102941e-03, 1.6318526376364788e-03,
          2.4058804521044172e-04, -1.1203302592918542e-03,
          2.7130469350619735e-02, 1.2612345238112428e-03,
          6.1844404254946970e-04, 3.6203661007680590e-04,
          1.2833554248346342e-03, 1.9111781672099969e-03,
          3.3635689693776419e-03, 3.6010108724127948e-03,
          -2.1220556937953916e-04, 1.2612345238112428e-03,
          1.0906525018473582e-02, 4.8646985376810139e-06,
          1.8133915567215754e-03, 4.4591528185618110e-04,
          3.0564273642355120e-03, -1.6235023178462562e-03,
          -4.2878515426844421e-04, 3.9555978423479182e-04,
          6.1844404254946981e-04, 4.8646985376810258e-06,
          6.7713095888208303e-03, -8.2435486627761774e-05,
          -6.0166301663609938e-03, -2.3231058139985159e-03,
          3.1511662552459797e-03, 4.5898963717513376e-03,
          -1.9659127886936627e-03, 3.6203661007680601e-04,
          1.8133915567215754e-03, -8.2435486627761517e-05,
          1.9189517695074067e-02, 2.5617716525365838e-03,
          8.1993586456825338e-03, 5.5425218206438930e-03,
          5.0053860510005377e-03, -1.3190004809960510e-03,
          1.2833554248346342e-03, 4.4591528185618131e-04,
          -6.0166301663609947e-03, 2.5617716525365838e-03,
          4.4638740521949292e-02, 1.6311929456446619e-02,
          2.5576310166405006e-02, 2.1027797681759625e-02,
          -2.4219570026102924e-03, 1.9111781672099951e-03,
          3.0564273642355120e-03, -2.3231058139985159e-03,
          8.1993586456825356e-03, 1.6311929456446619e-02,
          1.0602047005737816e-01 ]
   - !!opencv-matrix
      rows: 9
      cols: 9
      dt: d
      data: [ 2.7118594998712825e-01, 1.2135357022486694e-01,
          2.5614210022362721e-02, -1.1953882518154159e-02,
          -1.3918774049772986e-03, 1.4397486140020068e-02,
          5.7747786898596368e-03, 1.1262257148556925e-02,
          1.6018886907160242e-02, 1.2135357022486694e-01,
          3.7338404595385782e-01, 2.1735201270659046e-02,
          4.6131368002750653e-02, 1.9765699083974870e-02,
          2.7463740722016849e-02, 9.2201721780823601e-03,
          1.6942444557901618e-02, 3.7425935646796762e-02,
          2.5614210022362721e-02, 2.1735201270659046e-02,
          8.7452820598834399e-02, 1.0022839522918746e-03,
          1.2686175526966193e-03, 5.5412916724104722e-03,
          3.7323269119606899e-03, -2.0607300700709518e-03,
          2.3357759308964663e-03, -1.1953882518154159e-02,
          4.6131368002750653e-02, 1.0022839522918756e-03,
          9.2661755509926350e-02, 1.9139774877993433e-02,
          1.7996646061085033e-03, -2.9840507827221144e-03,
          1.5956824154929976e-03, 1.9755871161847008e-03,
          -1.3918774049772981e-03, 1.9765699083974863e-02,
          1.2686175526966184e-03, 1.9139774877993433e-02,
          1.2331943149081060e-02, 1.6903560685599284e-03,
          -8.9597112578125780e-05, 1.9085530946245271e-03,
          2.5299722155431870e-04, 1.4397486140020068e-02,
          2.7463740722016849e-02, 5.5412916724104722e-03,
          1.7996646061085037e-03, 1.6903560685599284e-03,
          1.9488568483255597e-02, 2.5930872101604819e-03,
          -7.4416921406957092e-03, 4.1134498561135281e-03,
          5.7747786898596351e-03, 9.2201721780823601e-03,
          3.7323269119606882e-03, -2.9840507827221144e-03,
          -8.9597112578125644e-05, 2.5930872101604810e-03,
          1.3929052119074338e-02, 1.6094389499177188e-03,
          5.3338261283623813e-04, 1.1262257148556921e-02,
          1.6942444557901618e-02, -2.0607300700709518e-03,
          1.5956824154929952e-03, 1.9085530946245271e-03,
          -7.4416921406957092e-03, 1.6094389499177188e-03,
          7.4836358995401309e-02, 9.8317546180106373e-04,
          1.6018886907160246e-02, 3.7425935646796769e-02,
          2.3357759308964654e-03, 1.9755871161846999e-03,
          2.5299722155431870e-04, 4.1134498561135281e-03,
          5.3338261283623813e-04, 9.8317546180106373e-04,
          2.6399615321765893e-02 ]
   - !!opencv-matrix
      rows: 9
      cols: 9
      dt: d
      data: [ 8.5743219103599250e-02, 5.3189615440739739e-03,
          3.6937861982791601e-03, -1.3059925621271252e-03,
          2.3095823588749876e-03, 1.4483496593856594e-04,
          3.3690349678294359e-03, 2.5917824783216830e-03,
          2.0923528524078821e-03, 5.3189615440739739e-03,
          1.1123180322364071e-02, 1.3856300245801245e-03,
          -1.9092775678543868e-03, 3.4005501866508181e-03,
          5.3092772489958051e-04, 1.5412872466308289e-03,
          1.4161874584960432e-03, 4.5290375118983064e-03,
          3.6937861982791601e-03, 1.3856300245801241e-03,
          8.9638027812607338e-02, -1.2564795728704314e-03,
          -4.3580867707698765e-03, -1.1165028611920473e-03,
          -2.3202554828702718e-03, -3.3396982199795340e-03,
          -3.9226098970683528e-02, -1.3059925621271250e-03,
          -1.9092775678543877e-03, -1.2564795728704312e-03,
          4.6639175222730096e-02, -8.5340586298827481e-04,
          5.7705737399164176e-04, -2.4501157873198960e-03,
          -1.6080171377416488e-03, -5.0953135782814511e-03,
          2.3095823588749876e-03, 3.4005501866508168e-03,
          -4.3580867707698765e-03, -8.5340586298827449e-04,
          1.2212546528666143e-02, 3.5478360343295747e-04,
