%YAML:1.0
---
groups:
   - intact
   - CD19
   - blast
intactGmmnames:
   - "intact.Vie003.0"
   - "intact.Vie003.1"
   - "intact.Vie003.2"
   - "intact.Vie003.3"
   - "intact.Vie003.4"
intactLabels:
   - FSC-A
   - SSC-A
   - CD20
   - CD10
   - CD45
   - CD34
   - SYTO41
   - CD19
   - CD38
intactMu: !!opencv-matrix
   rows: 5
   cols: 9
   dt: d
   data: [ 8.5638257660306316e-01, 3.8435511030387848e-01,
       1.2102679958242717e+00, 9.2267722356787463e-01,
       1.2841015317391089e+00, 1.3073641249592078e+00,
       3.0144586548828478e+00, 1.0114743248916016e+00,
       1.3175137850625160e+00, 2.9312161949897653e+00,
       3.1717378279852499e+00, 1.2652549094411392e+00,
       2.5053540574253255e+00, 2.8806532718644138e+00,
       1.6343246100022635e+00, 2.9138353746421743e+00,
       1.0961248928370815e+00, 1.8940145400115656e+00,
       1.1024342997475620e+00, 3.2628197691135213e-01,
       1.2076683888017379e+00, 9.2793083666292708e-01,
       3.4402202676558060e+00, 1.2375776560215770e+00,
       2.8033688689446352e+00, 1.0035427808043762e+00,
       2.0376138386346248e+00, 2.8488944270923189e+00,
       2.9487449172042814e+00, 1.2965070080146959e+00,
       1.1412200660895135e+00, 2.7997032337920604e+00,
       1.7045253005089824e+00, 2.9404637901668429e+00,
       1.1063253916306304e+00, 2.2015775451274844e+00,
       1.3751478186704349e+00, 8.4094444578145311e-01,
       1.2401683647966606e+00, 1.1715021343942735e+00,
       2.0683458541035731e+00, 1.5290869652738592e+00,
       3.1030100770851128e+00, 1.0886314338970877e+00,
       2.1218882153047116e+00 ]
intactSigma:
   - !!opencv-matrix
      rows: 9
      cols: 9
      dt: d
      data: [ 6.3338504260474729e-02, 1.5593259332379655e-02,
          2.2499776968541612e-04, 4.8136030700418229e-04,
          2.8715901319606451e-04, 1.4016675361625574e-03,
          6.1295279688282424e-05, -1.5570658606097766e-04,
          3.7003820859633219e-03, 1.5593259332379655e-02,
          1.1986557867968576e-02, 3.6235786239422401e-04,
          1.4162459667056944e-03, 3.8364379367556546e-03,
          2.5231676167394930e-03, 7.6653112919729304e-03,
          8.9598810461873535e-04, 5.9189100384611686e-03,
          2.2499776968541612e-04, 3.6235786239422401e-04,
          3.4147533227567649e-03, 1.4331691962239307e-04,
          3.1297022493665278e-04, -4.8679034628520225e-04,
          6.8814096056960547e-04, -2.4487793033509732e-04,
          1.3676064171114192e-04, 4.8136030700418196e-04,
          1.4162459667056944e-03, 1.4331691962239304e-04,
          1.9033823206775994e-02, 3.4278632278513608e-03,
          2.4316008962053841e-03, 2.0506909343979683e-03,
          1.4122975053675565e-05, 2.3319219468253072e-03,
          2.8715901319606489e-04, 3.8364379367556555e-03,
          3.1297022493665289e-04, 3.4278632278513621e-03,
          3.6553058220453773e-02, 2.0999002224383009e-03,
          3.7357173325542948e-03, 5.5723843996595423e-04,
          7.1631908838201922e-03, 1.4016675361625574e-03,
          2.5231676167394930e-03, -4.8679034628520208e-04,
          2.4316008962053841e-03, 2.0999002224383017e-03,
          3.9264076390881635e-02, 3.5379235325861133e-03,
          -8.7057744874367415e-03, 1.5069622399960956e-03,
          6.1295279688282451e-05, 7.6653112919729304e-03,
          6.8814096056960558e-04, 2.0506909343979683e-03,
          3.7357173325542948e-03, 3.5379235325861133e-03,
          2.5792376144764057e-02, 1.2165306370927941e-03,
          5.7379004620687147e-03, -1.5570658606097780e-04,
          8.9598810461873470e-04, -2.4487793033509732e-04,
          1.4122975053675606e-05, 5.5723843996595434e-04,
          -8.7057744874367415e-03, 1.2165306370927941e-03,
          1.8372862184457526e-02, 1.4761505897004415e-03,
          3.7003820859633219e-03, 5.9189100384611686e-03,
          1.3676064171114184e-04, 2.3319219468253072e-03,
          7.1631908838201922e-03, 1.5069622399960961e-03,
          5.7379004620687147e-03, 1.4761505897004409e-03,
          1.3283976377099011e-02 ]
   - !!opencv-matrix
      rows: 9
      cols: 9
      dt: d
      data: [ 3.4124845082466126e-01, 2.0233129514885728e-01,
          8.0189610530154807e-03, 2.9054282109502994e-02,
          2.0171288934593981e-02, 2.4280782914952524e-02,
          -1.3714080933551281e-02, 6.5947207191089357e-03,
          2.4156215513669428e-02, 2.0233129514885728e-01,
          3.6662749919305648e-01, 9.4077411077633094e-03,
          4.4632834349192317e-02, 2.9236793269145911e-02,
          4.1507974750052301e-02, 2.7777878342589890e-03,
          6.7261637970155875e-03, 4.4750251357412667e-02,
          8.0189610530154807e-03, 9.4077411077633094e-03,
          7.8418630050483985e-03, 2.3223356521434365e-05,
          1.0051234271933312e-03, 2.8581885198953648e-03,
          1.0021048627206126e-03, 1.9660878404585905e-04,
          9.7252908175259219e-04, 2.9054282109503005e-02,
          4.4632834349192317e-02, 2.3223356521434822e-05,
          1.5051534940216799e-01, 3.4688902825125725e-02,
          1.1146448003728593e-03, -2.2083342653879737e-04,
          5.2759944298728717e-03, -1.9636537953380451e-03,
          2.0171288934593981e-02, 2.9236793269145911e-02,
          1.0051234271933312e-03, 3.4688902825125725e-02,
          2.5448436321587678e-02, 6.3176733401654368e-03,
          -1.2675805544932366e-03, 3.1458519126848650e-03,
          3.6423852744611727e-03, 2.4280782914952524e-02,
          4.1507974750052287e-02, 2.8581885198953648e-03,
          1.1146448003728593e-03, 6.3176733401654368e-03,
          1.2444044231388098e-01, 7.4042755573198414e-03,
          -2.3177358486635328e-02, 4.1695791388806462e-03,
          -1.3714080933551281e-02, 2.7777878342589882e-03,
          1.0021048627206130e-03, -2.2083342653879742e-04,
          -1.2675805544932366e-03, 7.4042755573198405e-03,
          1.2269141284419340e-02, 1.2110034916359101e-03,
          3.2641522035743335e-04, 6.5947207191089357e-03,
          6.7261637970155901e-03, 1.9660878404585913e-04,
          5.2759944298728725e-03, 3.1458519126848637e-03,
          -2.3177358486635328e-02, 1.2110034916359097e-03,
          4.0822574337268512e-02, 2.0624761515006850e-03,
          2.4156215513669439e-02, 4.4750251357412667e-02,
          9.7252908175259230e-04, -1.9636537953380438e-03,
          3.6423852744611727e-03, 4.1695791388806471e-03,
          3.2641522035743335e-04, 2.0624761515006850e-03,
          3.1995018237899360e-02 ]
   - !!opencv-matrix
      rows: 9
      cols: 9
      dt: d
      data: [ 7.6108171921282539e-02, 1.2238189678597227e-02,
          9.5393507189050445e-04, -1.7716515549277812e-04,
          1.2937116274009413e-02, -1.6000715982703007e-03,
          -2.5120188246482579e-02, -9.3525131635634738e-04,
          -1.2940537005785198e-03, 1.2238189678597229e-02,
          6.9397864993548360e-03, 6.6762769748431820e-04,
          2.0962138565592839e-04, 7.2496906834486367e-03,
          1.0418266437847840e-03, -4.0609331435756220e-03,
          3.4834834047613476e-04, -2.6586673274691217e-03,
          9.5393507189050445e-04, 6.6762769748431787e-04,
          6.9592665822029720e-03, 8.3542818962826043e-05,
          6.3616093187085368e-04, -3.9937910540638013e-04,
          -2.8691474711675522e-04, -3.9257348268749686e-04,
          -1.3332551994181432e-03, -1.7716515549277839e-04,
          2.0962138565592831e-04, 8.3542818962826083e-05,
          1.0527907669623453e-02, 5.2885683528298272e-04,
          1.6440919707438517e-03, 3.0433918506353068e-04,
          -1.3657556035786848e-04, -4.3574124907398617e-03,
          1.2937116274009413e-02, 7.2496906834486367e-03,
          6.3616093187085368e-04, 5.2885683528298250e-04,
          1.4823024727853561e-02, 1.6954934451961132e-03,
          -4.3965559529579763e-03, 1.0717337740164263e-03,
