%YAML:1.0
---
groups:
   - intact
   - CD19
   - blast
intactGmmnames:
   - "intact.Vie020.0"
   - "intact.Vie020.1"
   - "intact.Vie020.2"
   - "intact.Vie020.3"
   - "intact.Vie020.4"
intactLabels:
   - FSC-A
   - SSC-A
   - CD20
   - CD10
   - CD45
   - CD34
   - SYTO41
   - CD19
   - CD38
intactMu: !!opencv-matrix
   rows: 5
   cols: 9
   dt: d
   data: [ 1.2398787719238169e+00, 3.3994007746831328e-01,
       6.9936379585818909e-01, 6.8355786084346370e-01,
       3.2218303268856561e+00, 7.2262947035318870e-01,
       2.7356762052564161e+00, 7.3212109724390717e-01,
       2.2938336853983405e+00, 2.8903965167398833e+00,
       3.4113043659483888e+00, 9.6850385970025432e-01,
       2.6605618382003628e+00, 2.9133276637664882e+00,
       1.1669548217419345e+00, 2.7512259339067127e+00,
       1.2280769635964015e+00, 2.3542495440742668e+00,
       1.5419257853199320e+00, 5.5287280853791698e-01,
       7.1385858070092123e-01, 6.8444525480501495e-01,
       3.3169036794402866e+00, 7.1143978103289285e-01,
       2.5543229721225496e+00, 8.0156109272642706e-01,
       3.2733456723576357e+00, 3.1519801812738617e+00,
       2.5545474942765045e+00, 9.1834094952999989e-01,
       1.0790317076450140e+00, 2.7535470792710837e+00,
       1.2221726370767774e+00, 2.7648520393970357e+00,
       9.2524521817323635e-01, 2.7422095108787667e+00,
       1.6259463229420008e+00, 6.8146840070642645e-01,
       8.9562750582995598e-01, 9.7529454253199932e-01,
       2.3214624393040224e+00, 1.0847041838332085e+00,
       2.9878026957484942e+00, 8.9658787578532828e-01,
       2.5396080693332985e+00 ]
intactSigma:
   - !!opencv-matrix
      rows: 9
      cols: 9
      dt: d
      data: [ 1.0458653331139300e-01, 1.9421953565051778e-02,
          3.1552628448503870e-03, 1.7674503645301507e-03,
          2.0449755091841562e-02, -9.0605307476036151e-03,
          -4.8687781934440608e-02, 1.2967530261195463e-03,
          -5.4170384639380099e-02, 1.9421953565051782e-02,
          1.0846205710234216e-02, 1.6585946346986697e-03,
          1.1206723967141536e-03, 8.8029735695868104e-03,
          -1.5112295710095690e-04, -1.1515336161935862e-02,
          1.1268503670464134e-03, -1.9117762968559982e-02,
          3.1552628448503857e-03, 1.6585946346986706e-03,
          1.0007187740294228e-01, 4.6247065309665451e-05,
          -6.6679689515968169e-05, 1.5313735881850058e-03,
          -5.1813706832055332e-04, -1.9770495035035295e-03,
          -1.6975590315799285e-02, 1.7674503645301507e-03,
          1.1206723967141536e-03, 4.6247065309665438e-05,
          2.0954800945878010e-02, 1.7401376180566626e-03,
          2.0724402458790403e-03, -9.1262224928815520e-04,
          4.4977398621753314e-04, -5.4088466760080743e-03,
          2.0449755091841562e-02, 8.8029735695868104e-03,
          -6.6679689515968373e-05, 1.7401376180566630e-03,
          1.7754943139332940e-02, -5.7779323247716496e-04,
          -1.2221220269005489e-02, 1.1014035824780076e-03,
          -1.3673328078287434e-02, -9.0605307476036151e-03,
          -1.5112295710095676e-04, 1.5313735881850058e-03,
          2.0724402458790394e-03, -5.7779323247716507e-04,
          3.5269712509685205e-02, 7.6812574740559988e-03,
          -8.6829047296794176e-03, -1.7787288675462955e-03,
          -4.8687781934440615e-02, -1.1515336161935862e-02,
          -5.1813706832055234e-04, -9.1262224928815520e-04,
          -1.2221220269005491e-02, 7.6812574740559988e-03,
          4.1569861766822473e-02, -1.5024171047473191e-05,
          2.2715885925054451e-02, 1.2967530261195459e-03,
          1.1268503670464132e-03, -1.9770495035035304e-03,
          4.4977398621753303e-04, 1.1014035824780072e-03,
          -8.6829047296794176e-03, -1.5024171047473461e-05,
          4.2713385624477233e-02, 3.4814369205102844e-04,
          -5.4170384639380099e-02, -1.9117762968559982e-02,
          -1.6975590315799285e-02, -5.4088466760080734e-03,
          -1.3673328078287432e-02, -1.7787288675462942e-03,
          2.2715885925054448e-02, 3.4814369205102725e-04,
          3.1849972697548173e-01 ]
   - !!opencv-matrix
      rows: 9
      cols: 9
      dt: d
      data: [ 3.0098130247011123e-01, 1.2543838215775996e-01,
          4.2545025146676838e-03, -1.7344512827554788e-02,
          1.2191680680214965e-03, 2.3390199188620155e-02,
          -1.6502236264002448e-02, -1.7255306669744227e-02,
          1.9637714675596697e-02, 1.2543838215775996e-01,
          3.5345181330085390e-01, 1.6650816745697399e-02,
          7.3181129208461870e-02, 3.0211260466371421e-02,
          1.8334260037618181e-02, -4.6757230626272468e-02,
          3.1359584858720001e-02, 2.5518527875339751e-02,
          4.2545025146676855e-03, 1.6650816745697392e-02,
          1.3322646147743328e-01, 2.2931616858227099e-02,
          1.7652488012389715e-02, 4.1253186504450437e-02,
          1.1863567771067108e-02, 3.6029229015319207e-02,
          1.4281265748431837e-02, -1.7344512827554788e-02,
          7.3181129208461870e-02, 2.2931616858227102e-02,
          1.4561536289829663e-01, 3.5783902481038979e-02,
          1.8004158808702434e-02, -7.0477938263355452e-03,
          1.0091247082317922e-01, 4.7903918471531026e-03,
          1.2191680680214961e-03, 3.0211260466371421e-02,
          1.7652488012389715e-02, 3.5783902481038979e-02,
          2.5476106320567900e-02, 1.8914648427324314e-02,
          -3.1911782167113787e-03, 3.5525230531345223e-02,
          8.3526784399923799e-03, 2.3390199188620144e-02,
          1.8334260037618188e-02, 4.1253186504450430e-02,
          1.8004158808702434e-02, 1.8914648427324314e-02,
          1.6476732414734546e-01, 1.2590960423379500e-02,
          1.9413476502584553e-02, 1.6977165022295636e-02,
          -1.6502236264002448e-02, -4.6757230626272468e-02,
          1.1863567771067108e-02, -7.0477938263355452e-03,
          -3.1911782167113791e-03, 1.2590960423379500e-02,
          5.7651115719920036e-02, 1.2201702791869924e-02,
          3.3611270588498241e-03, -1.7255306669744223e-02,
          3.1359584858720008e-02, 3.6029229015319214e-02,
          1.0091247082317922e-01, 3.5525230531345223e-02,
          1.9413476502584560e-02, 1.2201702791869922e-02,
          1.7608279058615739e-01, 1.7695563850149591e-02,
          1.9637714675596701e-02, 2.5518527875339751e-02,
          1.4281265748431833e-02, 4.7903918471531009e-03,
          8.3526784399923799e-03, 1.6977165022295640e-02,
          3.3611270588498241e-03, 1.7695563850149587e-02,
          3.2311051290500964e-02 ]
   - !!opencv-matrix
      rows: 9
      cols: 9
      dt: d
      data: [ 6.4718458690981973e-02, 7.3299033224898608e-03,
          -5.5406986071273321e-03, -4.7000057145685670e-04,
          -3.0826376090088470e-04, -3.5904009273941611e-03,
          -1.2238866497151004e-02, 2.1741268124037165e-03,
          2.6788207689845598e-03, 7.3299033224898608e-03,
          1.0919750116282032e-02, -2.4659395817087644e-03,
          9.4508623886216923e-04, 4.8295934073280455e-03,
          2.3911766478014653e-03, -1.4706535691374155e-03,
          2.0975962287990775e-03, 9.3805479287901016e-03,
          -5.5406986071273347e-03, -2.4659395817087631e-03,
          3.1031374064899248e-01, 1.8444007300954953e-03,
          8.6861181411316028e-04, -8.2373260570626193e-04,
          6.3440151283605771e-03, -4.9266590463192938e-03,
          -1.6917659859613230e-03, -4.7000057145685589e-04,
          9.4508623886216923e-04, 1.8444007300954944e-03,
          2.8444563683445077e-02, 2.9435305492237418e-03,
          5.6616545839507197e-03, 1.6766443739295379e-03,
          -1.0839384069327418e-03, 2.5630330779371205e-03,
          -3.0826376090088513e-04, 4.8295934073280455e-03,
          8.6861181411316071e-04, 2.9435305492237413e-03,
          1.7875766689635048e-02, 3.8328376178158562e-03,
