%YAML:1.0
---
groups:
   - intact
   - CD19
   - blast
intactGmmnames:
   - "intact.Vie003.0"
   - "intact.Vie003.1"
   - "intact.Vie003.2"
   - "intact.Vie003.3"
   - "intact.Vie003.4"
intactLabels:
   - FSC-A
   - SSC-A
   - CD20
   - CD10
   - CD45
   - CD34
   - SYTO41
   - CD19
   - CD38
intactMu: !!opencv-matrix
   rows: 5
   cols: 9
   dt: d
   data: [ 1.5061766169900639e+00, 7.2756058113480682e-01,
       9.2530190669004742e-01, 9.8874976985843999e-01,
       1.8640364905513374e+00, 1.1331792887549152e+00,
       3.1501510218209381e+00, 9.2385906556784880e-01,
       2.1099975669975528e+00, 2.0727978236312046e+00,
       1.3601352299769753e+00, 1.1081424909951647e+00,
       1.2715242223827599e+00, 2.5745881751037927e+00,
       1.4445379266991480e+00, 2.9728346575863269e+00,
       1.1492603465205145e+00, 2.6755544739611512e+00,
       3.3795489429014758e+00, 3.0020038757466141e+00,
       1.1323698662293888e+00, 2.0582362910558505e+00,
       2.7610028392342985e+00, 1.3986427122063922e+00,
       2.7804548229353800e+00, 1.0476239953629163e+00,
       2.3457266320461150e+00, 9.3478861585365758e-01,
       3.6948884243137292e-01, 7.9159489117884263e-01,
       7.1881923375160239e-01, 1.2955005237866060e+00,
       8.9602566504367176e-01, 2.7958098068154889e+00,
       7.4440766189970331e-01, 1.4385546320671323e+00,
       1.2672012529527497e+00, 3.0814201981987238e-01,
       6.6856020550549389e-01, 7.2987663909964862e-01,
       3.2965351989500125e+00, 7.0612580330149721e-01,
       2.7652772572405850e+00, 7.6112593779719240e-01,
       2.4384446128392701e+00 ]
intactSigma:
   - !!opencv-matrix
      rows: 9
      cols: 9
      dt: d
      data: [ 4.1298974523264298e-01, 1.1393961008220677e-01,
          3.7581880307806549e-02, 4.1032903425822248e-02,
          5.5623725557664871e-02, 3.7364000982855958e-02,
          1.0965450145150831e-03, 2.5439508273895017e-02,
          8.1820146641291461e-02, 1.1393961008220675e-01,
          7.6420515937537042e-02, 2.8001311659388541e-02,
          4.5945340311881737e-02, 6.2159654036677316e-02,
          3.6650424815037497e-02, 3.1174666047329790e-02,
          2.7041034859378300e-02, 8.6276885568245476e-02,
          3.7581880307806556e-02, 2.8001311659388534e-02,
          1.1494826490334845e-01, 3.0307166127752781e-02,
          2.9823093894684995e-02, 3.0604628419213381e-02,
          1.8635607274015375e-02, 2.2398712154609601e-02,
          3.8161290906336735e-02, 4.1032903425822255e-02,
          4.5945340311881737e-02, 3.0307166127752781e-02,
          1.2378929057380403e-01, 6.2935072759682159e-02,
          3.8165226447764426e-02, 3.1495480761145701e-02,
          2.9673770544132210e-02, 9.2450172569743291e-02,
          5.5623725557664871e-02, 6.2159654036677316e-02,
          2.9823093894684995e-02, 6.2935072759682159e-02,
          1.1088088424881545e-01, 4.3666947975810978e-02,
          3.6564822874967831e-02, 3.3802410259144440e-02,
          1.4165777358880868e-01, 3.7364000982855958e-02,
          3.6650424815037497e-02, 3.0604628419213378e-02,
          3.8165226447764426e-02, 4.3666947975810957e-02,
          8.0441411350221800e-02, 3.6580762385476424e-02,
          8.4321932199714258e-03, 5.5645781545903661e-02,
          1.0965450145150818e-03, 3.1174666047329790e-02,
          1.8635607274015375e-02, 3.1495480761145701e-02,
          3.6564822874967831e-02, 3.6580762385476424e-02,
          6.6266680637245126e-02, 1.4315431171701398e-02,
          3.5570449021746400e-02, 2.5439508273895028e-02,
          2.7041034859378300e-02, 2.2398712154609601e-02,
          2.9673770544132207e-02, 3.3802410259144426e-02,
          8.4321932199714258e-03, 1.4315431171701394e-02,
          1.0521292625678080e-01, 4.8622584426888653e-02,
          8.1820146641291461e-02, 8.6276885568245476e-02,
          3.8161290906336742e-02, 9.2450172569743291e-02,
          1.4165777358880868e-01, 5.5645781545903654e-02,
          3.5570449021746400e-02, 4.8622584426888653e-02,
          2.4857543422974959e-01 ]
   - !!opencv-matrix
      rows: 9
      cols: 9
      dt: d
      data: [ 8.5351006878555258e-01, 4.4194406871828945e-01,
          2.1006503128477752e-02, 1.3711945461470498e-01,
          1.0154075990110187e-01, 4.1285119293281887e-02,
          9.8216719043664955e-02, 6.6475513599184327e-02,
          1.4885544877920315e-01, 4.4194406871828945e-01,
          7.3338510081444663e-01, 9.1824072616583791e-02,
          1.8719859337561418e-01, 9.3504671018809785e-02,
          1.2088690627415144e-01, 1.1943566900005950e-01,
          1.0936026379761957e-01, 1.7106551145988338e-01,
          2.1006503128477749e-02, 9.1824072616583763e-02,
          4.2105988702441788e-01, 7.8428876274791517e-02,
          2.0577095517621637e-02, 1.3103979186253703e-01,
          3.8400621068292971e-02, 1.4438011601680154e-01,
          -4.3034863327612638e-02, 1.3711945461470504e-01,
          1.8719859337561418e-01, 7.8428876274791517e-02,
          3.1573642550392511e-01, 5.6483187724133480e-02,
          8.2370881498390280e-02, 3.7803343987767864e-02,
          9.9550845599382473e-02, 2.9874828761694169e-02,
          1.0154075990110187e-01, 9.3504671018809771e-02,
          2.0577095517621640e-02, 5.6483187724133480e-02,
          4.0735787686666486e-01, 5.9179308697703221e-02,
          3.3130566205074263e-02, 4.4175403104003245e-02,
          3.2064654751051941e-01, 4.1285119293281887e-02,
          1.2088690627415141e-01, 1.3103979186253703e-01,
          8.2370881498390280e-02, 5.9179308697703221e-02,
          3.3903542779651474e-01, 6.4060005131599457e-02,
          1.0102249822249591e-01, 1.3379682989062730e-01,
          9.8216719043664941e-02, 1.1943566900005950e-01,
          3.8400621068292964e-02, 3.7803343987767857e-02,
          3.3130566205074263e-02, 6.4060005131599457e-02,
          1.8894798433581370e-01, 2.7968781224980515e-02,
          6.8946439607078733e-02, 6.6475513599184327e-02,
          1.0936026379761959e-01, 1.4438011601680154e-01,
          9.9550845599382487e-02, 4.4175403104003252e-02,
          1.0102249822249591e-01, 2.7968781224980515e-02,
          2.1969044926660186e-01, 6.4204442365374481e-02,
          1.4885544877920315e-01, 1.7106551145988338e-01,
          -4.3034863327612652e-02, 2.9874828761694183e-02,
          3.2064654751051946e-01, 1.3379682989062727e-01,
          6.8946439607078719e-02, 6.4204442365374481e-02,
          7.5523812113122624e-01 ]
   - !!opencv-matrix
      rows: 9
      cols: 9
      dt: d
      data: [ 2.9750201625604050e-01, 1.8529103767666802e-01,
          3.1579250228869440e-02, 1.1737033891601800e-02,
          1.2042457731986891e-02, 2.7209835801046633e-02,
          -1.9829080091065598e-02, 1.1467085699105760e-02,
          1.4142540076116568e-02, 1.8529103767666802e-01,
          4.1344123214735828e-01, 3.2861213438562166e-02,
          1.5861581361836785e-01, 3.2485386361258070e-02,
          3.1736367325955021e-02, -1.5497188320377673e-02,
          2.7516636355155215e-02, 7.5539949752895588e-03,
          3.1579250228869447e-02, 3.2861213438562159e-02,
          1.0330253503956563e-01, -6.9003213357425059e-03,
          4.4050329978763403e-03, 2.9913278465360113e-02,
          4.9039634215954208e-03, 1.0385065734741518e-02,
          4.5470187496551044e-03, 1.1737033891601804e-02,
          1.5861581361836785e-01, -6.9003213357425016e-03,
          4.7364370676828033e-01, 4.3722585502402350e-02,
          -1.8962978901032209e-02, -1.0591414309873154e-02,
          2.4945043084363187e-02, -6.8160862325933491e-02,
          1.2042457731986891e-02, 3.2485386361258070e-02,
          4.4050329978763420e-03, 4.3722585502402350e-02,
          1.5954578695088435e-02, 3.3268145985561755e-03,
          -2.1103457699437347e-03, 7.7924365072392062e-03,
