%YAML:1.0
---
groups:
   - intact
   - CD19
   - blast
intactGmmnames:
   - "intact.Vie014.0"
   - "intact.Vie014.1"
   - "intact.Vie014.2"
   - "intact.Vie014.3"
   - "intact.Vie014.4"
intactLabels:
   - FSC-A
   - SSC-A
   - CD20
   - CD10
   - CD45
   - CD34
   - SYTO41
   - CD19
   - CD38
intactMu: !!opencv-matrix
   rows: 5
   cols: 9
   dt: d
   data: [ 1.6835453787205799e+00, 5.5523891519107360e-01,
       9.5373681151467482e-01, 7.8658594667112214e-01,
       3.3445365325442817e+00, 1.0189970913245487e+00,
       2.7445707515091180e+00, 1.0476001478168302e+00,
       2.4070648515667101e+00, 9.6096712316042165e-01,
       2.7941562869625913e-01, 8.0244942784331674e-01,
       7.0456596867591781e-01, 3.1721726540343411e+00,
       9.0905098260472528e-01, 2.6686309254370926e+00,
       8.3035860698108066e-01, 2.0127850399791249e+00,
       1.4473474034421754e+00, 4.1501555752979474e-01,
       7.6578564012670181e-01, 7.0172461656217588e-01,
       3.2617452702659997e+00, 7.4853796707327969e-01,
       2.4311678051964005e+00, 8.1805966542110620e-01,
       1.9892304452633891e+00, 2.5712258244657820e+00,
       2.2009947350246275e+00, 1.1134004605169008e+00,
       1.9073913264983380e+00, 2.8498964440665802e+00,
       1.4266660240709617e+00, 2.7118578420054762e+00,
       1.2001153181321025e+00, 2.3452296237003445e+00,
       1.1574192818468250e+00, 4.8110754736860417e-01,
       7.5852850141977934e-01, 8.8898731756567129e-01,
       1.4634695307053005e+00, 9.7213363666043717e-01,
       2.7285312196532576e+00, 8.2888388497522569e-01,
       1.7912791985796470e+00 ]
intactSigma:
   - !!opencv-matrix
      rows: 9
      cols: 9
      dt: d
      data: [ 4.0418090931479050e-01, 6.7244987703074230e-02,
          -1.4173162241230377e-02, 2.5617204508085502e-02,
          6.6589393741354821e-02, 6.7386540825531112e-03,
          2.4968121443329525e-02, -7.2840185002859441e-05,
          6.2497378342695156e-02, 6.7244987703074216e-02,
          3.4052875915729482e-02, -7.1326382743055871e-03,
          1.2283617516977065e-02, 1.9185638866829731e-02,
          1.1667921914503830e-02, 1.5306147243410740e-02,
          -5.5169794565146152e-03, 1.4985186709267200e-02,
          -1.4173162241230377e-02, -7.1326382743055888e-03,
          2.6945842063729364e-01, -1.4861643534332285e-04,
          3.3654844170402289e-03, 1.4229820547495599e-03,
          1.3664667500204548e-03, 2.9760779892119799e-02,
          -4.3438670210477676e-02, 2.5617204508085495e-02,
          1.2283617516977065e-02, -1.4861643534332420e-04,
          4.0934869550905466e-02, 1.3894694750182426e-02,
          2.1048696910215527e-02, 2.1165419570927144e-02,
          -3.6363714806767188e-04, -6.8447885544955546e-03,
          6.6589393741354821e-02, 1.9185638866829734e-02,
          3.3654844170402281e-03, 1.3894694750182426e-02,
          2.9650404680553782e-02, 1.4957621127762447e-02,
          2.3639978541916441e-02, 3.3878570830155893e-04,
          1.3578685261188697e-02, 6.7386540825531104e-03,
          1.1667921914503833e-02, 1.4229820547495596e-03,
          2.1048696910215541e-02, 1.4957621127762447e-02,
          8.9123084963429744e-02, 4.9372322958538752e-02,
          -8.6424047325883054e-03, -3.8805402724883885e-02,
          2.4968121443329529e-02, 1.5306147243410744e-02,
          1.3664667500204529e-03, 2.1165419570927144e-02,
          2.3639978541916441e-02, 4.9372322958538752e-02,
          6.7236163798308851e-02, -1.2172267530668508e-02,
          -2.3103691074705140e-02, -7.2840185002857435e-05,
          -5.5169794565146160e-03, 2.9760779892119799e-02,
          -3.6363714806767166e-04, 3.3878570830155996e-04,
          -8.6424047325883071e-03, -1.2172267530668510e-02,
          1.3561373799950416e-01, 5.9275866617505845e-04,
          6.2497378342695142e-02, 1.4985186709267200e-02,
          -4.3438670210477690e-02, -6.8447885544955563e-03,
          1.3578685261188697e-02, -3.8805402724883885e-02,
          -2.3103691074705140e-02, 5.9275866617505845e-04,
          2.5488639458588086e-01 ]
   - !!opencv-matrix
      rows: 9
      cols: 9
      dt: d
      data: [ 4.7664394266460901e-02, -5.9972133182255240e-04,
          -2.0596757772231421e-03, -2.1905742427007192e-03,
          1.3954226629461599e-03, -1.4378389952136203e-02,
          -1.9567485701681871e-02, -1.2272349477853838e-03,
          1.3523706481848252e-02, -5.9972133182255262e-04,
          3.1778863850246324e-03, 7.5219978458001928e-04,
          1.0049549877746656e-03, 1.3777949208743613e-03,
          3.3790871049976250e-03, 2.0148981570008401e-03,
          1.3293910911397248e-03, -1.0051823237660403e-02,
          -2.0596757772231443e-03, 7.5219978458001950e-04,
          8.7332009906079366e-02, 2.7769880443817612e-04,
          5.9288596669293666e-04, 1.2336790490437019e-03,
          2.2458748109809583e-03, 1.0225611718855110e-03,
          -7.6420363608820756e-03, -2.1905742427007192e-03,
          1.0049549877746656e-03, 2.7769880443817579e-04,
          1.7904890548616274e-02, 9.6817170327221779e-04,
          3.9652139578494556e-03, 2.3110630307759230e-03,
          2.3866166309988621e-04, -7.8302073679574931e-03,
          1.3954226629461603e-03, 1.3777949208743613e-03,
          5.9288596669293645e-04, 9.6817170327221779e-04,
          3.9678575719623022e-03, 1.6858126810391410e-03,
          -1.9291062520769935e-04, 9.8242190254120240e-04,
          -7.1964205745461132e-03, -1.4378389952136203e-02,
          3.3790871049976250e-03, 1.2336790490437024e-03,
          3.9652139578494547e-03, 1.6858126810391403e-03,
          4.2281495930017968e-02, 1.2164337275167889e-02,
          -7.2015570205528224e-03, -2.3081629930741848e-02,
          -1.9567485701681871e-02, 2.0148981570008401e-03,
          2.2458748109809574e-03, 2.3110630307759238e-03,
          -1.9291062520769944e-04, 1.2164337275167889e-02,
          1.5522290491769361e-02, 2.0393388556864786e-03,
          -1.8339097620460886e-02, -1.2272349477853840e-03,
          1.3293910911397248e-03, 1.0225611718855125e-03,
          2.3866166309988607e-04, 9.8242190254120196e-04,
          -7.2015570205528215e-03, 2.0393388556864786e-03,
          5.9238768366516828e-02, -5.2415898530742393e-03,
          1.3523706481848252e-02, -1.0051823237660407e-02,
          -7.6420363608820799e-03, -7.8302073679574966e-03,
          -7.1964205745461123e-03, -2.3081629930741851e-02,
          -1.8339097620460886e-02, -5.2415898530742376e-03,
          2.0527076789997611e-01 ]
   - !!opencv-matrix
      rows: 9
      cols: 9
      dt: d
      data: [ 8.4196877131227657e-02, 1.6012425683484093e-02,
          -3.6444629132735330e-03, 7.1883378542522908e-04,
          1.2942556681276546e-02, -6.9038461511931187e-03,
          4.2628365621910809e-03, 2.1974548969715341e-03,
          1.4350196815329279e-02, 1.6012425683484093e-02,
          1.3486175874416936e-02, -2.7916763540543166e-03,
          1.0584071838753214e-03, 8.7588145102662895e-03,
          -1.7233714642102456e-03, 3.0627027503527318e-03,
          2.6648529591969945e-03, 1.6918121089276112e-02,
          -3.6444629132735343e-03, -2.7916763540543166e-03,
          1.0465948755946181e-01, 7.2467903198809129e-05,
          -1.0980943546328547e-03, 3.3717185137608690e-03,
          2.5617122136776621e-04, -4.5805111615643867e-03,
          -3.2339312203476196e-02, 7.1883378542522962e-04,
          1.0584071838753209e-03, 7.2467903198809007e-05,
          2.8545579698553300e-02, 1.1524081765083903e-03,
          2.7465673116395836e-03, 7.4479290441860878e-04,
          6.0734700931812553e-04, 5.5414529248185344e-04,
          1.2942556681276546e-02, 8.7588145102662877e-03,
          -1.0980943546328552e-03, 1.1524081765083905e-03,
          1.2429162429145400e-02, -1.9028573573183973e-03,
