%YAML:1.0
---
groups:
   - intact
   - CD19
   - blast
intactGmmnames:
   - "intact.Vie015.0"
   - "intact.Vie015.1"
   - "intact.Vie015.2"
   - "intact.Vie015.3"
   - "intact.Vie015.4"
intactLabels:
   - FSC-A
   - SSC-A
   - CD20
   - CD10
   - CD45
   - CD34
   - SYTO41
   - CD19
   - CD38
intactMu: !!opencv-matrix
   rows: 5
   cols: 9
   dt: d
   data: [ 9.7728311213197683e-01, 4.0433361999504569e-01,
       1.2069595652783249e+00, 8.1413362538992828e-01,
       3.1088531096327725e+00, 1.2278817927144556e+00,
       2.5007246813176063e+00, 9.1801350956034056e-01,
       1.5984980846649772e+00, 2.0223123171411856e+00,
       1.8808147914547448e+00, 1.4000557960452751e+00,
       1.3725662714917604e+00, 2.4467346992116434e+00,
       1.7404561558794436e+00, 2.5298016746430445e+00,
       1.2185170535003853e+00, 1.9305805805023253e+00,
       1.2021376885628350e+00, 6.2176266228953614e-01,
       1.2205644487008533e+00, 8.2396965363235786e-01,
       3.1658845172231529e+00, 1.2426688280477465e+00,
       2.4564708395934014e+00, 9.3895523225182176e-01,
       2.6551449581394793e+00, 1.0169176214861479e+00,
       5.7131246585760886e-01, 1.2293778202077750e+00,
       1.2170037156661293e+00, 1.4849485396209992e+00,
       1.3230251304166811e+00, 2.6812035754265997e+00,
       9.9498764199321421e-01, 1.4861073000349363e+00,
       2.3749920568013754e+00, 3.5188374323050109e+00,
       1.2571406809436509e+00, 2.2746559739822696e+00,
       2.7925073194078376e+00, 1.7387355709828485e+00,
       2.5372145382836502e+00, 1.0664865003126380e+00,
       1.8435171040248424e+00 ]
intactSigma:
   - !!opencv-matrix
      rows: 9
      cols: 9
      dt: d
      data: [ 7.8976317248126010e-02, 2.7247579450562429e-02,
          5.2510132601955373e-04, 6.3604908498907499e-04,
          8.2630213815941805e-03, -1.4539348781515688e-02,
          -1.9256216232853712e-02, -4.4933619471605637e-04,
          -3.2458063543911876e-02, 2.7247579450562425e-02,
          2.3903785746842116e-02, 3.4322361152252557e-04,
          1.8629174090294698e-03, 7.8556483310233769e-03,
          -3.5076702990997858e-03, -5.5325631007115857e-03,
          1.3022061052990349e-03, -1.6441487066942092e-02,
          5.2510132601955341e-04, 3.4322361152252557e-04,
          4.7239691861716854e-03, 5.7852798805520798e-04,
          -1.5244060904604798e-06, -1.0498053979317895e-03,
          -1.6322927367886373e-04, -4.7592069631889611e-04,
          -1.4054257028250367e-03, 6.3604908498907499e-04,
          1.8629174090294695e-03, 5.7852798805520798e-04,
          3.2025430468093606e-02, -4.0943222596254614e-04,
          8.9748433868012804e-04, 3.9338524949948341e-04,
          -1.5027597652201525e-04, -4.2277814716105587e-03,
          8.2630213815941822e-03, 7.8556483310233786e-03,
          -1.5244060904604901e-06, -4.0943222596254603e-04,
          1.6019542125931270e-02, -1.1427981961781387e-04,
          -1.4294880019666259e-03, 1.6926206288532536e-04,
          8.7699672201949270e-04, -1.4539348781515688e-02,
          -3.5076702990997867e-03, -1.0498053979317891e-03,
          8.9748433868012815e-04, -1.1427981961781374e-04,
          8.6489046943321490e-02, 6.8976657096225195e-03,
          -1.8040389854611424e-02, 2.8735661436846910e-03,
          -1.9256216232853712e-02, -5.5325631007115865e-03,
          -1.6322927367886373e-04, 3.9338524949948341e-04,
          -1.4294880019666261e-03, 6.8976657096225160e-03,
          1.4925074978054354e-02, 8.1298318255225378e-04,
          7.5582588655831616e-03, -4.4933619471605529e-04,
          1.3022061052990344e-03, -4.7592069631889605e-04,
          -1.5027597652201495e-04, 1.6926206288532525e-04,
          -1.8040389854611424e-02, 8.1298318255225432e-04,
          5.1934292619072162e-02, 6.4837670969541229e-05,
          -3.2458063543911869e-02, -1.6441487066942092e-02,
          -1.4054257028250374e-03, -4.2277814716105587e-03,
          8.7699672201949270e-04, 2.8735661436846902e-03,
          7.5582588655831616e-03, 6.4837670969540660e-05,
          8.8059924300605066e-02 ]
   - !!opencv-matrix
      rows: 9
      cols: 9
      dt: d
      data: [ 8.4506994403554359e-01, 5.7555790246704241e-01,
          -4.7303194284906702e-02, -8.9358259443853810e-02,
          -8.0886819452553362e-03, 1.3289661992054036e-01,
          -4.2652453435580516e-02, -2.7468093779276708e-02,
          5.4025247879638021e-02, 5.7555790246704241e-01,
          1.1522593815366720e+00, -6.1639917396945437e-02,
          1.5895152250047239e-02, -2.5386924566677401e-02,
          1.9426678379190480e-02, -4.2099121630015883e-02,
          -2.7823298953652580e-02, 6.0413165338848537e-02,
          -4.7303194284906702e-02, -6.1639917396945437e-02,
          2.2685162664579195e-01, 8.8938757384693978e-02,
          5.6364866334029255e-02, 4.9357008716851079e-02,
          6.4938198051583008e-03, 1.9572053970595996e-01,
          2.5490753177542423e-02, -8.9358259443853810e-02,
          1.5895152250047253e-02, 8.8938757384693978e-02,
          3.1999572806289750e-01, 5.5564885235577559e-02,
          -2.6152927616663098e-03, 4.3103681007235134e-02,
          1.2341879433000946e-01, 3.0260605756892097e-02,
          -8.0886819452553414e-03, -2.5386924566677401e-02,
          5.6364866334029248e-02, 5.5564885235577559e-02,
          3.1727141805898457e-01, 1.6962938864254876e-02,
          4.3630857501910404e-02, 6.8198054129114838e-02,
          6.6797188573227306e-02, 1.3289661992054036e-01,
          1.9426678379190473e-02, 4.9357008716851079e-02,
          -2.6152927616663138e-03, 1.6962938864254869e-02,
          3.6945450470065777e-01, -1.2802669221587024e-02,
          1.7592317854724870e-02, 5.4040968962693094e-02,
          -4.2652453435580502e-02, -4.2099121630015883e-02,
          6.4938198051583008e-03, 4.3103681007235141e-02,
          4.3630857501910411e-02, -1.2802669221587024e-02,
          1.0797397797739249e-01, 1.6974769070378475e-02,
          5.6922055456225300e-02, -2.7468093779276708e-02,
          -2.7823298953652580e-02, 1.9572053970595996e-01,
          1.2341879433000949e-01, 6.8198054129114824e-02,
          1.7592317854724870e-02, 1.6974769070378475e-02,
          3.2833561257037613e-01, 6.6500783781760844e-02,
          5.4025247879638041e-02, 6.0413165338848537e-02,
          2.5490753177542423e-02, 3.0260605756892107e-02,
          6.6797188573227306e-02, 5.4040968962693094e-02,
          5.6922055456225300e-02, 6.6500783781760844e-02,
          2.7932636286342810e-01 ]
   - !!opencv-matrix
      rows: 9
      cols: 9
      dt: d
      data: [ 9.1607940911244939e-02, 3.9182391638438403e-02,
          -1.6059411329108675e-03, 1.7727733715670680e-03,
          1.3429278918456125e-02, -9.1488861038816240e-03,
          -4.3518044978456249e-03, -3.1759478795207749e-03,
          4.7867948250759289e-02, 3.9182391638438403e-02,
          4.4621986132097988e-02, -1.6402522954959619e-03,
          8.9156891098665799e-04, 1.4418704841763601e-02,
          -1.7155908491412548e-03, -1.2599790526908541e-03,
          5.0485854646019227e-04, 4.4043005619328321e-02,
          -1.6059411329108677e-03, -1.6402522954959617e-03,
          1.1587392825561064e-02, 9.7073150720323792e-04,
          -3.6728753981472883e-04, -1.2458672839911178e-03,
          8.4124532808944105e-04, -6.5458836280328469e-06,
          -4.6642644927752837e-03, 1.7727733715670693e-03,
          8.9156891098665799e-04, 9.7073150720323792e-04,
          3.2819008044319566e-02, 1.2600777344530885e-03,
          4.1739626093882055e-03, 1.7730834218429162e-03,
          8.5087897778672258e-04, -6.5622067775180412e-04,
          1.3429278918456123e-02, 1.4418704841763601e-02,
          -3.6728753981472850e-04, 1.2600777344530887e-03,
          1.8934370735440006e-02, 1.0110779643566937e-03,
