%YAML:1.0
---
groups:
   - intact
   - CD19
   - blast
intactGmmnames:
   - "intact.Vie024.0"
   - "intact.Vie024.1"
   - "intact.Vie024.2"
   - "intact.Vie024.3"
   - "intact.Vie024.4"
intactLabels:
   - FSC-A
   - SSC-A
   - CD20
   - CD10
   - CD45
   - CD34
   - SYTO41
   - CD19
   - CD38
intactMu: !!opencv-matrix
   rows: 5
   cols: 9
   dt: d
   data: [ 1.1075143889661867e+00, 5.3113062959486701e-01,
       1.1686276475446498e+00, 9.4096625472949702e-01,
       3.1989501617699783e+00, 1.2379282856527805e+00,
       1.7484325938356655e+00, 9.5470091249720279e-01,
       1.2036955783154519e+00, 2.0115019300265464e+00,
       3.3685184804992487e+00, 1.1946690777490945e+00,
       1.8722429054944134e+00, 2.6641149266519415e+00,
       1.4058745748871566e+00, 2.0942626267111231e+00,
       9.9632212705533230e-01, 1.8827333025937156e+00,
       1.3026572341605451e+00, 9.3863575022024426e-01,
       1.2224702182131018e+00, 1.1787256800566897e+00,
       2.3501455847311674e+00, 1.4088477693299286e+00,
       1.9228839946861824e+00, 1.0312647302615878e+00,
       1.8707241233381684e+00, 1.1716032663347029e+00,
       6.4103705545963841e-01, 1.1768855723992682e+00,
       9.1084598785713777e-01, 3.2394467787486168e+00,
       1.2688890866197080e+00, 1.7651016889448843e+00,
       9.6450169416026732e-01, 2.4676122449219777e+00,
       9.1474020416664603e-01, 3.7054879950982184e-01,
       1.1607933555823864e+00, 9.0780819838160531e-01,
       3.1836008547457331e+00, 1.2261620761646177e+00,
       1.7027733022964735e+00, 9.5593854624316088e-01,
       1.9008032815441405e+00 ]
intactSigma:
   - !!opencv-matrix
      rows: 9
      cols: 9
      dt: d
      data: [ 5.1573006160435086e-02, 7.0658101751627286e-03,
          9.1269949909522185e-04, 3.3841891024091481e-04,
          3.5546969349340031e-04, -1.0272691196286040e-03,
          5.6340081357945989e-03, 3.4023353932637756e-04,
          -2.7061676979136780e-03, 7.0658101751627303e-03,
          1.6348220164148827e-02, 4.4372197749350297e-04,
          -1.0757775585372028e-03, 3.6919139300843930e-03,
          -6.3483187393231452e-04, 6.3583477358347780e-03,
          8.0105376748739246e-04, 1.5408421569578046e-04,
          9.1269949909522153e-04, 4.4372197749350297e-04,
          4.5141720547491170e-03, -1.3003412833173449e-04,
          -2.4463475314219594e-04, -7.5244390767522480e-04,
          -2.0399029529446518e-04, -3.5236392929198854e-04,
          -7.9903290708628518e-04, 3.3841891024091481e-04,
          -1.0757775585372028e-03, -1.3003412833173454e-04,
          1.9460207586580631e-02, -9.8978356669246741e-04,
          6.6281754045473620e-04, -1.0461524213447404e-03,
          -6.1046460267712957e-04, -2.7377460420343258e-04,
          3.5546969349340031e-04, 3.6919139300843930e-03,
          -2.4463475314219604e-04, -9.8978356669246698e-04,
          1.3730110588093338e-02, 4.5060517664214050e-04,
          1.7500494627736860e-03, 7.3805908423888822e-04,
          3.7623577761043895e-03, -1.0272691196286034e-03,
          -6.3483187393231473e-04, -7.5244390767522490e-04,
          6.6281754045473620e-04, 4.5060517664214077e-04,
          2.6365953698002723e-02, -5.6234339221601236e-04,
          -8.1391455205578906e-03, -4.4537234404785263e-04,
          5.6340081357946006e-03, 6.3583477358347780e-03,
          -2.0399029529446518e-04, -1.0461524213447404e-03,
          1.7500494627736862e-03, -5.6234339221601225e-04,
          2.7871580071833570e-02, 5.1116258258115390e-04,
          -1.2023046505462251e-03, 3.4023353932637746e-04,
          8.0105376748739246e-04, -3.5236392929198864e-04,
          -6.1046460267712957e-04, 7.3805908423888822e-04,
          -8.1391455205578906e-03, 5.1116258258115401e-04,
          1.9218885137871646e-02, 4.7092448535888574e-04,
          -2.7061676979136771e-03, 1.5408421569578024e-04,
          -7.9903290708628508e-04, -2.7377460420343279e-04,
          3.7623577761043895e-03, -4.4537234404785306e-04,
          -1.2023046505462251e-03, 4.7092448535888552e-04,
          1.3266662501196822e-02 ]
   - !!opencv-matrix
      rows: 9
      cols: 9
      dt: d
      data: [ 1.7775310589130619e-01, 1.1551136722573317e-01,
          1.9865955990130443e-03, -3.7315747483679666e-03,
          -2.6976666218805618e-03, 9.8754159139284210e-03,
          1.8939880590087665e-04, 3.1449341260434763e-03,
          1.7411178558711535e-02, 1.1551136722573317e-01,
          3.1724030792511249e-01, 3.9267209996435891e-03,
          3.4371603281324860e-02, 1.1968018663600736e-02,
          1.6689086581382483e-02, 6.8002259995875551e-03,
          5.4787107251814291e-03, 4.8348450529355776e-02,
          1.9865955990130452e-03, 3.9267209996435891e-03,
          7.0050537341768797e-03, 7.8150900705773927e-04,
          1.9450689059652374e-04, -1.8866021157293816e-03,
          6.4425766263361169e-04, -4.5469684153661457e-04,
          3.9267401513656155e-06, -3.7315747483679679e-03,
          3.4371603281324867e-02, 7.8150900705773873e-04,
          1.2781571827767399e-01, 2.4787735014631426e-02,
          -1.5038288752071366e-03, -2.0127973781088387e-03,
          3.4859981881284773e-03, 4.3741061754943656e-03,
          -2.6976666218805618e-03, 1.1968018663600736e-02,
          1.9450689059652388e-04, 2.4787735014631426e-02,
          1.9328693629254767e-02, -2.6926471337145822e-04,
          5.4205275294292535e-04, 1.4789396145679183e-03,
          1.7625011782903912e-04, 9.8754159139284210e-03,
          1.6689086581382479e-02, -1.8866021157293823e-03,
          -1.5038288752071368e-03, -2.6926471337145822e-04,
          7.0880262962914123e-02, 1.6982661667005873e-03,
          -1.9565216367186049e-02, 4.3885060891225456e-03,
          1.8939880590087695e-04, 6.8002259995875551e-03,
          6.4425766263361190e-04, -2.0127973781088391e-03,
          5.4205275294292535e-04, 1.6982661667005873e-03,
          1.3268711599512978e-02, 2.3438782183155836e-04,
          -2.1969625746759406e-04, 3.1449341260434758e-03,
          5.4787107251814265e-03, -4.5469684153661420e-04,
          3.4859981881284782e-03, 1.4789396145679183e-03,
          -1.9565216367186049e-02, 2.3438782183155823e-04,
          3.2122596788928669e-02, 1.8613375325049961e-03,
          1.7411178558711535e-02, 4.8348450529355762e-02,
          3.9267401513656070e-06, 4.3741061754943647e-03,
          1.7625011782903887e-04, 4.3885060891225456e-03,
          -2.1969625746759400e-04, 1.8613375325049969e-03,
          3.1879240047100701e-02 ]
   - !!opencv-matrix
      rows: 9
      cols: 9
      dt: d
      data: [ 5.5576870347671647e-01, 3.1348921459991341e-01,
          3.7618056102849691e-02, 5.4430850664044177e-02,
          3.2433469465073855e-01, 1.2689318690023451e-02,
          2.1496286154762862e-02, 4.5075450619620400e-02,
          1.7389504630441491e-01, 3.1348921459991341e-01,
          5.7753407988917616e-01, 6.5602757182641330e-02,
          9.8005062268908788e-02, 2.2002399250825086e-01,
          7.4543575392036002e-02, 3.6878772642957185e-02,
          8.1909846303038325e-02, 1.8043933385910152e-01,
          3.7618056102849691e-02, 6.5602757182641330e-02,
          8.9674579522209197e-02, 2.6840749068446648e-02,
          5.0094557665977965e-02, 2.5011415024227508e-02,
          1.1726432012971150e-02, 6.7952183997095336e-02,
          -1.0919301649059399e-02, 5.4430850664044177e-02,
          9.8005062268908774e-02, 2.6840749068446648e-02,
          2.5515301838019533e-01, 1.3270447602702456e-01,
          4.3451154431105948e-02, 2.3178033424730279e-02,
          3.9727196455281721e-02, 6.0505445640291842e-03,
          3.2433469465073855e-01, 2.2002399250825086e-01,
          5.0094557665977965e-02, 1.3270447602702456e-01,
          6.5827556985065339e-01, 3.5314030843637378e-02,
