%YAML:1.0
---
groups:
   - intact
   - CD19
   - blast
intactGmmnames:
   - "intact.Vie016.0"
   - "intact.Vie016.1"
   - "intact.Vie016.2"
   - "intact.Vie016.3"
   - "intact.Vie016.4"
intactLabels:
   - FSC-A
   - SSC-A
   - CD20
   - CD10
   - CD45
   - CD34
   - SYTO41
   - CD19
   - CD38
intactMu: !!opencv-matrix
   rows: 5
   cols: 9
   dt: d
   data: [ 1.5961723517850956e+00, 6.3861288832542995e-01,
       1.0562600748505742e+00, 8.9824665506081058e-01,
       3.2653069316382841e+00, 1.3015466541264182e+00,
       3.1328828109279256e+00, 9.5120881551087222e-01,
       2.3712911460029820e+00, 2.3016922687852364e+00,
       1.9955834453774248e+00, 1.0790336074459952e+00,
       1.3414816920087633e+00, 2.3721451483764033e+00,
       1.5516078933099349e+00, 3.2940535788844900e+00,
       1.0408808978466693e+00, 1.8360900290354183e+00,
       9.3570832865052656e-01, 4.2074365519732820e-01,
       9.9867255776169361e-01, 9.1271579530512637e-01,
       1.5053979087884553e+00, 1.2852665124365443e+00,
       3.3749961200467955e+00, 9.1690103450820526e-01,
       1.3021774506388324e+00, 1.8888557681099347e+00,
       1.2815741521426656e+00, 2.1426702761981846e+00,
       1.6066745073408264e+00, 2.7292181795832491e+00,
       1.9535612944167822e+00, 3.3426969921342407e+00,
       2.0470435873765078e+00, 2.2069653121450026e+00,
       6.5529233713300217e-01, 4.3388187866972133e-01,
       1.0524618143592475e+00, 9.4386835445914341e-01,
       3.1807225185114190e+00, 1.4153282399410274e+00,
       3.4948998996360956e+00, 9.4415090984505101e-01,
       2.0859087375740861e+00 ]
intactSigma:
   - !!opencv-matrix
      rows: 9
      cols: 9
      dt: d
      data: [ 3.9662280836209657e-01, 2.0257137868402810e-03,
          -1.9934641872434072e-02, -2.7369375019334286e-02,
          3.7583727051630302e-02, -5.5604236988588671e-02,
          -1.1804870507273948e-01, -1.0769022410586878e-02,
          7.4932581828196648e-02, 2.0257137868402802e-03,
          5.4574606155080752e-02, -4.5087557604029321e-04,
          6.8320645457245329e-03, 9.7624700094358450e-03,
          1.9182462767183571e-02, 1.4068801306361461e-02,
          5.1145701186035980e-03, 6.4542347986297766e-02,
          -1.9934641872434072e-02, -4.5087557604029353e-04,
          6.6564499297678423e-02, 1.7272856804912272e-03,
          1.1592690892528869e-03, 1.6076802139292894e-03,
          9.4780405023239048e-03, 9.6362598048995850e-04,
          -1.7994462699107764e-02, -2.7369375019334282e-02,
          6.8320645457245312e-03, 1.7272856804912270e-03,
          5.2342752940379940e-02, -2.3876807852252460e-03,
          1.7583064534126416e-02, 1.9032576341793620e-02,
          5.5087219505136819e-03, -9.8572451496049748e-03,
          3.7583727051630302e-02, 9.7624700094358467e-03,
          1.1592690892528875e-03, -2.3876807852252465e-03,
          3.3173470715131451e-02, -4.4536993318510642e-03,
          -1.3711480634869036e-02, -1.2246265761382488e-03,
          3.0727836494063174e-02, -5.5604236988588698e-02,
          1.9182462767183571e-02, 1.6076802139292912e-03,
          1.7583064534126416e-02, -4.4536993318510642e-03,
          1.5475735304683996e-01, 3.9596838655226077e-02,
          -1.8552538122697519e-02, 3.4086529340761951e-02,
          -1.1804870507273948e-01, 1.4068801306361461e-02,
          9.4780405023239048e-03, 1.9032576341793624e-02,
          -1.3711480634869036e-02, 3.9596838655226070e-02,
          8.9789678523447769e-02, 9.9060702968789167e-03,
          -2.6787396598099335e-02, -1.0769022410586878e-02,
          5.1145701186036006e-03, 9.6362598048995937e-04,
          5.5087219505136811e-03, -1.2246265761382492e-03,
          -1.8552538122697523e-02, 9.9060702968789202e-03,
          7.8198635442071104e-02, -5.3551515047312410e-03,
          7.4932581828196648e-02, 6.4542347986297779e-02,
          -1.7994462699107764e-02, -9.8572451496049748e-03,
          3.0727836494063167e-02, 3.4086529340761951e-02,
          -2.6787396598099329e-02, -5.3551515047312445e-03,
          6.4158713714424054e-01 ]
   - !!opencv-matrix
      rows: 9
      cols: 9
      dt: d
      data: [ 1.0381629369194856e+00, 5.0548916892181872e-01,
          2.2174821345011000e-02, 7.8428800750723171e-02,
          1.4533195749685324e-01, 7.9619237566627366e-02,
          -4.7426961649178125e-02, 4.9351847475601210e-03,
          1.9076779630256699e-01, 5.0548916892181872e-01,
          9.7901770547624245e-01, 2.2233450979921198e-02,
          2.1489727585557403e-01, 1.7488896830582690e-01,
          3.0594313831133518e-02, -2.5919422306052665e-03,
          1.4369268866247304e-02, 1.6163405373846315e-01,
          2.2174821345011000e-02, 2.2233450979921198e-02,
          3.4519989293482004e-02, 1.5570180726557263e-02,
          9.8120192649960390e-03, 9.1249413681914974e-03,
          9.6088903245400356e-03, 5.4473576829306399e-03,
          5.8567695066024921e-03, 7.8428800750723171e-02,
          2.1489727585557403e-01, 1.5570180726557267e-02,
          2.4794638273055317e-01, 7.9716831054684689e-02,
          2.6610025811757091e-02, 2.0773931159538222e-02,
          2.0643780815357199e-02, 3.1548020913572672e-02,
          1.4533195749685326e-01, 1.7488896830582684e-01,
          9.8120192649960424e-03, 7.9716831054684689e-02,
          3.2102238739331485e-01, 5.8665726374325176e-02,
          1.2035941522702367e-02, 1.3030940464068651e-02,
          1.2133303367845098e-01, 7.9619237566627366e-02,
          3.0594313831133518e-02, 9.1249413681914991e-03,
          2.6610025811757084e-02, 5.8665726374325163e-02,
          2.2988120476719620e-01, 2.2738174348106013e-02,
          -8.8620048937026047e-03, 2.7999544110976427e-02,
          -4.7426961649178132e-02, -2.5919422306052700e-03,
          9.6088903245400356e-03, 2.0773931159538215e-02,
          1.2035941522702367e-02, 2.2738174348106020e-02,
          1.2417994800440846e-01, 8.8639387457771137e-03,
          1.1557761851479213e-02, 4.9351847475601262e-03,
          1.4369268866247304e-02, 5.4473576829306373e-03,
          2.0643780815357199e-02, 1.3030940464068651e-02,
          -8.8620048937026082e-03, 8.8639387457771137e-03,
          1.0660930304013692e-01, 2.6176358254275120e-03,
          1.9076779630256699e-01, 1.6163405373846315e-01,
          5.8567695066024904e-03, 3.1548020913572679e-02,
          1.2133303367845101e-01, 2.7999544110976420e-02,
          1.1557761851479213e-02, 2.6176358254275090e-03,
          1.9573375171608490e-01 ]
   - !!opencv-matrix
      rows: 9
      cols: 9
      dt: d
      data: [ 1.3539989406829545e-01, 3.0987177525471657e-02,
          -1.1371794717252176e-03, 1.2827897692801802e-02,
          5.5073189712278895e-03, 5.7979117229420242e-03,
          4.1162385726981358e-03, 2.3325313548099518e-04,
          2.2751328309618530e-02, 3.0987177525471653e-02,
          2.4847290153604960e-02, 1.3172539323448552e-03,
          7.9514173577416459e-03, 7.6525226449525308e-03,
          9.4977564584314590e-03, 1.0406296151368380e-02,
          1.8505187310924949e-03, 9.0537756806203049e-03,
          -1.1371794717252169e-03, 1.3172539323448552e-03,
          2.0194851889602117e-02, 1.9674884419866043e-03,
          1.8338791993815066e-03, -2.3705178226192001e-03,
          2.4736215773809305e-03, -1.4597420586257065e-03,
          -1.5614023931621789e-04, 1.2827897692801803e-02,
          7.9514173577416442e-03, 1.9674884419866043e-03,
          6.2592394036132606e-02, 8.7114176435296817e-03,
          1.0512169095424777e-02, 1.0331194665563898e-02,
          4.9973633869962854e-04, 5.1644541717815557e-03,
          5.5073189712278878e-03, 7.6525226449525308e-03,
          1.8338791993815057e-03, 8.7114176435296817e-03,
          4.2170484153924409e-02, 9.5478547053503421e-03,
          4.5440429209839929e-03, 2.3424175642217239e-03,
