%YAML:1.0
---
groups:
   - intact
   - CD19
   - blast
intactGmmnames:
   - "intact.Vie017.0"
   - "intact.Vie017.1"
   - "intact.Vie017.2"
   - "intact.Vie017.3"
   - "intact.Vie017.4"
intactLabels:
   - FSC-A
   - SSC-A
   - CD20
   - CD10
   - CD45
   - CD34
   - SYTO41
   - CD19
   - CD38
intactMu: !!opencv-matrix
   rows: 5
   cols: 9
   dt: d
   data: [ 8.3004870168745815e-01, 3.3289044780527360e-01,
       7.5279919582396237e-01, 7.0186270232525871e-01,
       3.2290796276099529e+00, 1.0649180312175168e+00,
       2.5929774123108786e+00, 8.5538417410388967e-01,
       2.1039421400937410e+00, 2.0459411152272127e+00,
       1.7909411421161940e+00, 1.1371119719704808e+00,
       1.3261003629190402e+00, 2.5777865580559443e+00,
       1.4624950116111808e+00, 2.6399844812431432e+00,
       1.2200063370405938e+00, 2.4241210067130723e+00,
       1.5765192345679389e+00, 7.4397204367228731e-01,
       6.8779398188107910e-01, 7.2163839295582977e-01,
       3.4094351193370280e+00, 7.5972848031498708e-01,
       2.2486341654998543e+00, 9.7116798989362452e-01,
       3.5109187716672237e+00, 1.4133603087624096e+00,
       5.1991017524463434e-01, 9.2160048404065775e-01,
       7.3352744963579675e-01, 3.3441888541209406e+00,
       8.9577325164375987e-01, 2.3765237936310748e+00,
       8.9600788049578695e-01, 2.1666609216713364e+00,
       1.2262702517593846e+00, 4.0490290560012343e-01,
       7.2475783356885559e-01, 6.8411123827216191e-01,
       3.2835576818734666e+00, 7.5808841045536435e-01,
       2.1732197757066576e+00, 8.3684170949423720e-01,
       2.0378906981120366e+00 ]
intactSigma:
   - !!opencv-matrix
      rows: 9
      cols: 9
      dt: d
      data: [ 4.4514715262364321e-02, 4.5445284317605994e-03,
          -5.0694326527912946e-03, -5.0561075076726008e-04,
          8.0679201348042469e-03, -1.9615629248569841e-02,
          -2.3816663791907281e-02, -1.0241951108642480e-03,
          9.0606378721078337e-03, 4.5445284317605994e-03,
          4.3552203549439387e-03, 4.5118974255421387e-04,
          5.4338925155964185e-04, 3.5144141703810747e-03,
          -3.1599158935454260e-04, -2.7350240134290690e-03,
          4.7198600286575812e-04, -2.9169126958211032e-03,
          -5.0694326527912946e-03, 4.5118974255421420e-04,
          8.7646309631437866e-02, 8.7916942723624721e-04,
          -3.7348224592900726e-04, 6.1112057600510921e-03,
          4.0190978971743445e-03, -7.0713543855112663e-03,
          -1.1646437217376711e-02, -5.0561075076726030e-04,
          5.4338925155964174e-04, 8.7916942723624753e-04,
          1.8299188529690581e-02, 1.0599259931652664e-03,
          2.6194685806092194e-03, 8.2406232439434946e-04,
          2.1292509888271374e-04, -1.4235043465796360e-03,
          8.0679201348042469e-03, 3.5144141703810747e-03,
          -3.7348224592900726e-04, 1.0599259931652661e-03,
          9.2213251700751404e-03, -2.7243221701307710e-03,
          -7.0168148391368621e-03, 2.6538287026693825e-04,
          -2.5436301095326918e-03, -1.9615629248569841e-02,
          -3.1599158935454228e-04, 6.1112057600510921e-03,
          2.6194685806092176e-03, -2.7243221701307710e-03,
          4.5366612854415296e-02, 1.6991357152447435e-02,
          -9.0073682548512824e-03, -1.0228059626583595e-02,
          -2.3816663791907281e-02, -2.7350240134290690e-03,
          4.0190978971743436e-03, 8.2406232439434968e-04,
          -7.0168148391368621e-03, 1.6991357152447435e-02,
          2.0860679375109457e-02, 1.2891046519348064e-03,
          -7.6376415028790272e-03, -1.0241951108642476e-03,
          4.7198600286575823e-04, -7.0713543855112655e-03,
          2.1292509888271369e-04, 2.6538287026693825e-04,
          -9.0073682548512824e-03, 1.2891046519348053e-03,
          6.6003708119327029e-02, 2.4786497876194208e-04,
          9.0606378721078337e-03, -2.9169126958211032e-03,
          -1.1646437217376711e-02, -1.4235043465796356e-03,
          -2.5436301095326918e-03, -1.0228059626583595e-02,
          -7.6376415028790272e-03, 2.4786497876194257e-04,
          1.7741372480312939e-01 ]
   - !!opencv-matrix
      rows: 9
      cols: 9
      dt: d
      data: [ 8.8677114905148902e-01, 7.0703935881324598e-01,
          5.5412141753648454e-02, 1.9308607801134503e-01,
          3.2461260774286482e-01, 5.0467863417058022e-02,
          -3.5201501055990514e-02, 8.7080827103696246e-02,
          2.3561710765049190e-01, 7.0703935881324598e-01,
          1.6281680864428860e+00, -2.3606297418923724e-02,
          4.5494708828858421e-01, 4.0297463586353982e-01,
          1.0545396569877589e-01, -3.7372239518683611e-02,
          5.8862573697468522e-02, 4.1582351147619384e-01,
          5.5412141753648454e-02, -2.3606297418923724e-02,
          4.7053906989989075e-01, 1.1599699355933971e-01,
          7.0900030896420038e-02, 1.0922794227105985e-01,
          1.5747047703324864e-02, 2.5271610484165558e-01,
          2.0257055293750777e-02, 1.9308607801134503e-01,
          4.5494708828858421e-01, 1.1599699355933971e-01,
          3.9509331361659050e-01, 1.6523583222323091e-01,
          1.0226927281276822e-01, -1.3537988819235311e-02,
          1.5762490825077469e-01, 1.0442409093819319e-01,
          3.2461260774286482e-01, 4.0297463586353982e-01,
          7.0900030896420038e-02, 1.6523583222323091e-01,
          4.0846119949606258e-01, 9.7475595559080433e-02,
          -2.6697814834233096e-02, 1.1101221395111109e-01,
          2.4300291070990740e-01, 5.0467863417058022e-02,
          1.0545396569877589e-01, 1.0922794227105985e-01,
          1.0226927281276822e-01, 9.7475595559080433e-02,
          2.3594826500967978e-01, 1.8553961696493666e-02,
          9.2499646945813987e-02, 1.2457185045432292e-01,
          -3.5201501055990514e-02, -3.7372239518683611e-02,
          1.5747047703324864e-02, -1.3537988819235312e-02,
          -2.6697814834233096e-02, 1.8553961696493666e-02,
          7.5380348732814642e-02, 8.8310987473047917e-03,
          -8.4333635494903498e-04, 8.7080827103696246e-02,
          5.8862573697468522e-02, 2.5271610484165558e-01,
          1.5762490825077469e-01, 1.1101221395111109e-01,
          9.2499646945813987e-02, 8.8310987473047917e-03,
          3.3179600876511650e-01, 6.8766769031088193e-02,
          2.3561710765049185e-01, 4.1582351147619384e-01,
          2.0257055293750780e-02, 1.0442409093819316e-01,
          2.4300291070990740e-01, 1.2457185045432292e-01,
          -8.4333635494903639e-04, 6.8766769031088193e-02,
          5.7746550502172356e-01 ]
   - !!opencv-matrix
      rows: 9
      cols: 9
      dt: d
      data: [ 5.5587110840957119e-02, 7.0675708310737545e-03,
          3.8084903637664977e-03, 1.2001115567426162e-03,
          3.7133623654242950e-03, 4.2425248883985675e-03,
          1.7414195445590018e-03, 1.3000787692280271e-03,
          7.8893288938047951e-03, 7.0675708310737554e-03,
          1.4076665044039259e-02, 3.7356114412480791e-04,
          1.7014942471342868e-03, 3.9379170551297193e-03,
          3.4170338408327505e-03, 2.1468797117792145e-03,
          2.7694406798142788e-03, 1.0245566439643470e-02,
          3.8084903637664977e-03, 3.7356114412480780e-04,
          3.9505286976391568e-01, 4.2407053163719306e-04,
          -2.2229956484142241e-04, 7.0167621540294335e-03,
          -3.0594622591900613e-04, -1.1098370811254301e-02,
          -3.5034842962813821e-03, 1.2001115567426162e-03,
          1.7014942471342861e-03, 4.2407053163719295e-04,
          2.9747064818442324e-02, 1.9095736646261923e-03,
          4.8281058358732969e-03, 7.8389399618713986e-04,
          7.8086175287552949e-04, -1.2002661909452602e-03,
          3.7133623654242950e-03, 3.9379170551297193e-03,
          -2.2229956484142233e-04, 1.9095736646261923e-03,
          8.2449483406669462e-03, 3.0119716083925067e-04,
