%YAML:1.0
---
groups:
   - intact
   - CD19
   - blast
intactGmmnames:
   - "intact.Vie011.0"
   - "intact.Vie011.1"
   - "intact.Vie011.2"
   - "intact.Vie011.3"
   - "intact.Vie011.4"
intactLabels:
   - FSC-A
   - SSC-A
   - CD20
   - CD10
   - CD45
   - CD34
   - SYTO41
   - CD19
   - CD38
intactMu: !!opencv-matrix
   rows: 5
   cols: 9
   dt: d
   data: [ 1.0721479223650303e+00, 4.9816603532392240e-01,
       1.0336224443373880e+00, 9.5961247493965307e-01,
       1.4691059116093146e+00, 1.1841799232052654e+00,
       2.8284685253393045e+00, 9.0208549354533030e-01,
       1.3939879211523702e+00, 1.3101040084646827e+00,
       4.3347662101946022e-01, 1.0657835524343005e+00,
       8.5035768746891072e-01, 3.3780056000758973e+00,
       1.1827107801794525e+00, 2.7480204496734495e+00,
       8.6995362460657444e-01, 1.7369320971502558e+00,
       1.6950496936567876e+00, 6.0959999667454179e-01,
       1.0411200119272712e+00, 8.4534227411950524e-01,
       3.5454092588036681e+00, 1.1454136236560770e+00,
       2.6660948757619960e+00, 8.6812387259151425e-01,
       2.9133915352198523e+00, 2.0779192453160937e+00,
       2.0356357148318294e+00, 1.2209162531369755e+00,
       1.4366382126608581e+00, 3.0060776047248123e+00,
       1.6313246562263222e+00, 2.8640407074516898e+00,
       1.1055369050074377e+00, 2.0157511910873680e+00,
       9.2231424340039925e-01, 3.1689560160868530e-01,
       1.0548177709706483e+00, 8.4508375875707298e-01,
       3.3448989218489165e+00, 1.2680736449714540e+00,
       2.9015705158538094e+00, 8.8001405293576274e-01,
       1.6843640268786502e+00 ]
intactSigma:
   - !!opencv-matrix
      rows: 9
      cols: 9
      dt: d
      data: [ 1.2968996284093567e-01, 3.4415505764996572e-02,
          -1.6401985992217341e-03, 6.9953755283100050e-03,
          1.3693337467207741e-02, 1.9966943023405074e-02,
          1.9601519039735293e-02, 1.5579708619529748e-02,
          2.9682299334270718e-02, 3.4415505764996572e-02,
          3.7363271948271840e-02, -3.0174056102382971e-04,
          3.9684005182583854e-03, 1.4958749930427345e-02,
          1.7455729036127861e-02, 5.6892775780525793e-03,
          4.5830342979416780e-03, 1.5191855361082987e-02,
          -1.6401985992217339e-03, -3.0174056102382949e-04,
          1.3067994094949983e-02, -7.7320630583010194e-04,
          8.6196174476481347e-04, -3.4420417339598676e-03,
          -8.0246948841685697e-04, -9.9062912131130695e-04,
          6.0618413925047927e-04, 6.9953755283100050e-03,
          3.9684005182583854e-03, -7.7320630583010194e-04,
          7.7557755046120488e-02, 6.5826050156038603e-03,
          7.1700255558487715e-03, 9.4420845672080859e-03,
          1.8991663177309567e-03, 1.5665335998580051e-02,
          1.3693337467207741e-02, 1.4958749930427347e-02,
          8.6196174476481369e-04, 6.5826050156038603e-03,
          2.6847952095399488e-02, 7.8736243853484208e-03,
          -2.2858377137945619e-03, 1.4400114242077676e-03,
          1.1790514679902437e-02, 1.9966943023405077e-02,
          1.7455729036127861e-02, -3.4420417339598663e-03,
          7.1700255558487715e-03, 7.8736243853484173e-03,
          1.7195501532431842e-01, 1.6740262765100433e-02,
          -2.2813487960150210e-02, 2.1724398778331756e-02,
          1.9601519039735293e-02, 5.6892775780525793e-03,
          -8.0246948841685654e-04, 9.4420845672080859e-03,
          -2.2858377137945614e-03, 1.6740262765100437e-02,
          3.8314967505348706e-02, 2.8747220806343231e-03,
          1.6274713600039691e-02, 1.5579708619529748e-02,
          4.5830342979416780e-03, -9.9062912131130717e-04,
          1.8991663177309575e-03, 1.4400114242077667e-03,
          -2.2813487960150210e-02, 2.8747220806343240e-03,
          6.0902586876847929e-02, 5.3092703785524980e-03,
          2.9682299334270711e-02, 1.5191855361082987e-02,
          6.0618413925047927e-04, 1.5665335998580047e-02,
          1.1790514679902437e-02, 2.1724398778331756e-02,
          1.6274713600039691e-02, 5.3092703785524980e-03,
          4.7629679882891504e-02 ]
   - !!opencv-matrix
      rows: 9
      cols: 9
      dt: d
      data: [ 1.4219992300818013e-01, 9.7145839712118980e-03,
          -2.4559081024005977e-03, 8.5905826796513717e-04,
          2.0510038105658563e-02, -1.9978370990272675e-02,
          -1.7436998735024613e-02, -5.6346997194114618e-03,
          -5.5688801539841806e-02, 9.7145839712118980e-03,
          2.0035540404066993e-02, 1.7002999976095106e-04,
          2.7022794174016936e-03, 9.2512137462779798e-03,
          3.2304001820148438e-03, 2.9706690549178147e-03,
          1.2363736291451822e-03, -8.1255986345309724e-03,
          -2.4559081024005977e-03, 1.7002999976095133e-04,
          2.0837462323132151e-02, 3.5673055174357399e-04,
          -1.3614976326614309e-04, -7.4927862146542570e-04,
          1.1490027569380713e-03, -4.7741409098156230e-04,
          -4.7854691101237622e-03, 8.5905826796513728e-04,
          2.7022794174016936e-03, 3.5673055174357426e-04,
          2.7851566763463523e-02, 1.6397136092989166e-03,
          3.5931498885171487e-03, 1.9246042321557715e-04,
          2.0220898760728407e-04, -4.9198626277419267e-03,
          2.0510038105658563e-02, 9.2512137462779798e-03,
          -1.3614976326614326e-04, 1.6397136092989159e-03,
          1.7527833178844619e-02, -2.9740129294292747e-03,
          -3.7572717158278670e-03, -5.0752992131473983e-04,
          -7.6714397621080767e-03, -1.9978370990272672e-02,
          3.2304001820148438e-03, -7.4927862146542570e-04,
          3.5931498885171482e-03, -2.9740129294292760e-03,
          1.4963486291258002e-01, 1.0930569696376530e-02,
          -2.2873694736723106e-02, 1.5227211800488810e-02,
          -1.7436998735024613e-02, 2.9706690549178151e-03,
          1.1490027569380707e-03, 1.9246042321557748e-04,
          -3.7572717158278674e-03, 1.0930569696376530e-02,
          1.7794987456591874e-02, 2.2744845204834109e-03,
          8.9364576838458481e-03, -5.6346997194114618e-03,
          1.2363736291451828e-03, -4.7741409098156197e-04,
          2.0220898760728450e-04, -5.0752992131473961e-04,
          -2.2873694736723106e-02, 2.2744845204834114e-03,
          6.2787539772615850e-02, -1.7964151740726293e-03,
          -5.5688801539841806e-02, -8.1255986345309707e-03,
          -4.7854691101237639e-03, -4.9198626277419250e-03,
          -7.6714397621080767e-03, 1.5227211800488810e-02,
          8.9364576838458481e-03, -1.7964151740726291e-03,
          1.7649639946057050e-01 ]
   - !!opencv-matrix
      rows: 9
      cols: 9
      dt: d
      data: [ 6.2099037844491327e-02, 3.5911384371345241e-03,
          -8.7612475433537860e-04, 8.0189221164746703e-04,
          4.2899767415184873e-03, 4.7825295103087985e-03,
          2.1056376165142989e-03, -3.9892341874644497e-03,
          4.0032765766116188e-03, 3.5911384371345241e-03,
          1.3273685614896972e-02, -2.2593294451099333e-03,
          6.5396044430277587e-04, 4.7660095925800040e-03,
          5.0183405778310214e-03, 1.2796519990115316e-03,
          9.2929683811297304e-05, 1.5930419402630257e-02,
          -8.7612475433537860e-04, -2.2593294451099333e-03,
          5.1468489745965025e-02, 6.4923809215557810e-04,
          -1.1037295446772600e-03, -6.6354196585016951e-03,
          2.5322362213913021e-04, -8.6185828385968648e-04,
          -1.3384392774205030e-02, 8.0189221164746649e-04,
          6.5396044430277587e-04, 6.4923809215557842e-04,
          2.6247468616313389e-02, 8.7867538777351988e-04,
          5.5410150646446532e-03, 3.4838009183059431e-04,
          1.0884137014578755e-04, -6.6472131552665500e-04,
          4.2899767415184873e-03, 4.7660095925800049e-03,
          -1.1037295446772605e-03, 8.7867538777351966e-04,
          1.6925518917316765e-02, -2.6206217292327103e-03,
