%YAML:1.0
---
groups:
   - intact
   - CD19
   - blast
intactGmmnames:
   - "intact.Vie023.0"
   - "intact.Vie023.1"
   - "intact.Vie023.2"
   - "intact.Vie023.3"
   - "intact.Vie023.4"
intactLabels:
   - FSC-A
   - SSC-A
   - CD20
   - CD10
   - CD45
   - CD34
   - SYTO41
   - CD19
   - CD38
intactMu: !!opencv-matrix
   rows: 5
   cols: 9
   dt: d
   data: [ 2.3654805160757211e+00, 1.8526608297847942e+00,
       9.9986630718804725e-01, 1.7769508432785592e+00,
       2.8355500062915935e+00, 1.4001162661263307e+00,
       2.8001297638950691e+00, 9.4179253261643203e-01,
       2.0917823642570470e+00, 6.7172649535069762e-01,
       4.0825570675495071e-01, 6.9868275047358919e-01,
       6.6941036209431193e-01, 1.2506492256378414e+00,
       9.6954905424844240e-01, 3.1472574136404030e+00,
       6.8748440045285364e-01, 1.0470658706510887e+00,
       1.4457911183704786e+00, 1.3800866388990560e+00,
       1.8553366328818963e+00, 1.3343151869119405e+00,
       2.4101452947550430e+00, 1.3978132719759317e+00,
       3.2098233212817320e+00, 1.6243054977264921e+00,
       1.6483063527497832e+00, 1.2849322441279392e+00,
       7.2210342366931757e-01, 7.7351075103566203e-01,
       7.7478024845776494e-01, 2.5423693977822457e+00,
       1.1305452244717014e+00, 3.0810172555324336e+00,
       7.8598362521941234e-01, 1.7704412632385143e+00,
       6.0618099497694122e-01, 2.7722930503825999e-01,
       7.1534962474136410e-01, 6.9527223881255529e-01,
       2.9957114254631390e+00, 1.0927119768863480e+00,
       3.0809409641958330e+00, 7.2559700879416900e-01,
       1.8560514357148281e+00 ]
intactSigma:
   - !!opencv-matrix
      rows: 9
      cols: 9
      dt: d
      data: [ 6.0578912244488348e-01, 3.0255453198672683e-01,
          2.6721606445645970e-02, -2.5735860079100198e-02,
          2.2374728115203080e-02, 7.2463520693633338e-03,
          -1.4944333250587269e-02, -1.0135557921438724e-02,
          8.6927307128829526e-02, 3.0255453198672683e-01,
          4.2348694317968744e-01, 2.8756737630518271e-02,
          8.0678657772012774e-02, 2.4269272977680060e-02,
          -1.7258034657263780e-03, 3.0858946443990754e-03,
          -2.7578996345564322e-02, 7.7140582669687929e-02,
          2.6721606445645966e-02, 2.8756737630518271e-02,
          1.4839912893032642e-01, -3.8717359277045282e-02,
          4.8023907115155307e-03, 7.8666248132645430e-02,
          -1.3281556779737523e-02, 4.5600603106929719e-02,
          1.5595078029230717e-02, -2.5735860079100191e-02,
          8.0678657772012774e-02, -3.8717359277045268e-02,
          4.3636652446343216e-01, 1.1637169515099888e-01,
          -4.5929328525518488e-02, 2.0567618483050645e-03,
          1.8700967902648590e-02, -2.0510196945692095e-02,
          2.2374728115203083e-02, 2.4269272977680049e-02,
          4.8023907115155289e-03, 1.1637169515099888e-01,
          6.9048307381906343e-02, 1.9656967403691161e-02,
          -1.3376449741162408e-02, 3.6236644905652454e-02,
          -4.7981175621692350e-03, 7.2463520693633416e-03,
          -1.7258034657263773e-03, 7.8666248132645430e-02,
          -4.5929328525518488e-02, 1.9656967403691161e-02,
          1.9423922203992497e-01, -1.4120473445624306e-02,
          8.3559136242730508e-02, 5.3191607799392762e-03,
          -1.4944333250587272e-02, 3.0858946443990745e-03,
          -1.3281556779737524e-02, 2.0567618483050636e-03,
          -1.3376449741162408e-02, -1.4120473445624305e-02,
          4.7003310011921796e-02, -1.5475834242392697e-02,
          3.3603398658299467e-03, -1.0135557921438729e-02,
          -2.7578996345564322e-02, 4.5600603106929732e-02,
          1.8700967902648594e-02, 3.6236644905652454e-02,
          8.3559136242730536e-02, -1.5475834242392697e-02,
          1.6073884817225856e-01, -2.9583522116562459e-03,
          8.6927307128829540e-02, 7.7140582669687929e-02,
          1.5595078029230717e-02, -2.0510196945692095e-02,
          -4.7981175621692367e-03, 5.3191607799392788e-03,
          3.3603398658299459e-03, -2.9583522116562442e-03,
          7.2763712387371407e-02 ]
   - !!opencv-matrix
      rows: 9
      cols: 9
      dt: d
      data: [ 4.0135272814797854e-02, 1.2335840515890657e-02,
          1.8259745723341611e-03, 2.1076872422942385e-03,
          1.4745463433670393e-02, 1.0368918196212681e-02,
          -3.6790282019574268e-04, 3.1839163026444934e-03,
          1.9471582545803837e-02, 1.2335840515890659e-02,
          2.4703061498855362e-02, 6.9539787359564032e-04,
          5.1113054185805418e-03, 2.3420194447253188e-02,
          1.1116812745505252e-02, 1.4105937365358522e-02,
          3.7640907554378862e-03, 1.9538504579376337e-02,
          1.8259745723341611e-03, 6.9539787359564011e-04,
          4.6953155456341530e-02, 7.1791518768629908e-04,
          7.9927725366356044e-03, 5.7140403670950602e-03,
          -5.7433347164489038e-03, -1.9760647729723580e-03,
          1.1325030374758612e-03, 2.1076872422942385e-03,
          5.1113054185805426e-03, 7.1791518768629865e-04,
          4.0761891067729324e-02, 9.2326518884390980e-03,
          7.5361460998447042e-03, 3.2789613307990487e-03,
          7.1897803038456823e-04, 5.7190634297384531e-03,
          1.4745463433670390e-02, 2.3420194447253188e-02,
          7.9927725366356044e-03, 9.2326518884390998e-03,
          1.4079365324182103e-01, 2.9629455269605372e-02,
          -7.2922491461866459e-03, 1.0613654864501398e-02,
          3.1111509968535119e-02, 1.0368918196212681e-02,
          1.1116812745505252e-02, 5.7140403670950602e-03,
          7.5361460998447016e-03, 2.9629455269605375e-02,
          6.7562643176140413e-02, -7.0046131447555589e-03,
          -6.2100297336552448e-03, 1.6520692770498495e-02,
          -3.6790282019574295e-04, 1.4105937365358520e-02,
          -5.7433347164489038e-03, 3.2789613307990487e-03,
          -7.2922491461866450e-03, -7.0046131447555615e-03,
          4.8440650514746407e-02, -4.8424927451078811e-03,
          5.3468783006934192e-03, 3.1839163026444934e-03,
          3.7640907554378866e-03, -1.9760647729723572e-03,
          7.1897803038456802e-04, 1.0613654864501398e-02,
          -6.2100297336552465e-03, -4.8424927451078828e-03,
          6.2062489266883403e-02, 7.9054021786191617e-03,
          1.9471582545803837e-02, 1.9538504579376337e-02,
          1.1325030374758607e-03, 5.7190634297384531e-03,
          3.1111509968535123e-02, 1.6520692770498495e-02,
          5.3468783006934192e-03, 7.9054021786191652e-03,
          7.5208972359882359e-02 ]
   - !!opencv-matrix
      rows: 9
      cols: 9
      dt: d
      data: [ 6.5648305469056056e-01, 4.2182344841935376e-01,
          3.0850942245359503e-02, 6.4496217778596487e-02,
          1.9368907380515807e-01, 1.3103287340516487e-01,
          3.5572433054220830e-02, 7.1599782018738262e-02,
          1.6507228772501203e-01, 4.2182344841935376e-01,
          8.1430833659303936e-01, -7.4767320026571146e-02,
          -1.4389507874987684e-02, 1.9261896596068803e-01,
          8.3882172061515020e-02, 3.2881925056564489e-02,
          1.1684257889492195e-02, 1.3058986817023213e-01,
          3.0850942245359520e-02, -7.4767320026571132e-02,
          6.3088784463378478e-01, 1.5207391068451950e-01,
          3.7417215519585816e-02, 3.9251102558603312e-02,
          3.5243138255836352e-02, 4.1267032368816325e-01,
          -4.5824301155400655e-02, 6.4496217778596474e-02,
          -1.4389507874987682e-02, 1.5207391068451950e-01,
          3.1056644016319385e-01, -7.1246402936341435e-02,
          4.1141850015100706e-02, 2.8366179739586606e-02,
          1.9176045112755247e-01, -7.2059875780792496e-02,
          1.9368907380515815e-01, 1.9261896596068803e-01,
          3.7417215519585816e-02, -7.1246402936341421e-02,
          4.3803748829536177e-01, 9.5264111576587041e-02,
