%YAML:1.0
---
groups:
   - intact
   - CD19
   - blast
intactGmmnames:
   - "intact.Vie017.0"
   - "intact.Vie017.1"
   - "intact.Vie017.2"
   - "intact.Vie017.3"
   - "intact.Vie017.4"
intactLabels:
   - FSC-A
   - SSC-A
   - CD20
   - CD10
   - CD45
   - CD34
   - SYTO41
   - CD19
   - CD38
intactMu: !!opencv-matrix
   rows: 5
   cols: 9
   dt: d
   data: [ 9.1794040453957271e-01, 3.6395945744217761e-01,
       9.4550059716584245e-01, 8.2302631562765127e-01,
       3.3865912436069503e+00, 1.2467773290979498e+00,
       2.4925893551045979e+00, 9.1046700786678902e-01,
       1.6263634684129615e+00, 1.5159900992360780e+00,
       8.0437232513083345e-01, 9.7279308223052052e-01,
       8.3702479195947610e-01, 3.5346439691738696e+00,
       1.2752243540746158e+00, 2.3980313369818682e+00,
       9.2618457786216213e-01, 3.2867505821851304e+00,
       1.8459018964971474e+00, 2.5671967152721376e+00,
       1.2274111515360835e+00, 1.7827485341852962e+00,
       2.9855238808666877e+00, 1.7744078715971918e+00,
       2.6107397567437305e+00, 1.2205260703887244e+00,
       2.1404057763447146e+00, 1.2906818578175283e+00,
       5.1014286452433377e-01, 1.0282485671335606e+00,
       8.3575226104340716e-01, 3.4649215724721460e+00,
       1.1538314086181716e+00, 2.4078697533083724e+00,
       9.1914237464944137e-01, 1.9166956703128446e+00,
       1.3810583421147560e+00, 7.7368615600259105e-01,
       9.8454061961879036e-01, 9.5573492057607712e-01,
       1.8338178448188722e+00, 1.6564172759198343e+00,
       2.6935660416267577e+00, 1.0175392039498687e+00,
       2.0135704194730923e+00 ]
intactSigma:
   - !!opencv-matrix
      rows: 9
      cols: 9
      dt: d
      data: [ 5.4745174282965534e-02, 1.0215455950921099e-02,
          -1.9411353620996605e-03, -4.7540646666567300e-04,
          1.1109580222118737e-02, -2.8042545197620585e-02,
          -4.0125929148163493e-02, -1.7670424525362191e-03,
          -4.7822015092287310e-03, 1.0215455950921101e-02,
          8.2917305064284016e-03, -5.2238475159139489e-04,
          9.7381968570867789e-04, 5.6784796518584892e-03,
          -4.7906771844604531e-03, -9.5994858583361015e-03,
          4.1193843106725159e-04, -5.5222298765304732e-03,
          -1.9411353620996589e-03, -5.2238475159139489e-04,
          2.6344733706203223e-02, 4.5955295349553725e-04,
          -1.4714460508516699e-04, -1.1364463639259989e-03,
          1.5611560811588912e-03, -3.1245035677953713e-03,
          -1.4922701829959114e-03, -4.7540646666567263e-04,
          9.7381968570867811e-04, 4.5955295349553709e-04,
          2.6112278781017146e-02, 6.5643753849255095e-04,
          2.7671639580306973e-03, 1.0310335962901297e-03,
          4.1430671731847645e-04, -3.9106982856979483e-04,
          1.1109580222118737e-02, 5.6784796518584884e-03,
          -1.4714460508516699e-04, 6.5643753849255095e-04,
          1.0296682152152419e-02, -6.0320344545235650e-03,
          -1.0564293867932109e-02, 3.6668790443417337e-04,
          -3.9387472815396694e-03, -2.8042545197620585e-02,
          -4.7906771844604540e-03, -1.1364463639259984e-03,
          2.7671639580306982e-03, -6.0320344545235641e-03,
          1.4304184402782005e-01, 3.0958905052765343e-02,
          -2.5588311828153170e-02, 2.0409073920432167e-03,
          -4.0125929148163493e-02, -9.5994858583360997e-03,
          1.5611560811588912e-03, 1.0310335962901295e-03,
          -1.0564293867932109e-02, 3.0958905052765343e-02,
          5.2148544675110708e-02, 3.0513654681412596e-03,
          3.7987467012875636e-03, -1.7670424525362189e-03,
          4.1193843106725197e-04, -3.1245035677953713e-03,
          4.1430671731847645e-04, 3.6668790443417337e-04,
          -2.5588311828153170e-02, 3.0513654681412596e-03,
          6.4615515389392003e-02, 1.3335832746857881e-06,
          -4.7822015092287319e-03, -5.5222298765304724e-03,
          -1.4922701829959103e-03, -3.9106982856979450e-04,
          -3.9387472815396694e-03, 2.0409073920432171e-03,
          3.7987467012875649e-03, 1.3335832746852151e-06,
          1.1535511426925298e-01 ]
   - !!opencv-matrix
      rows: 9
      cols: 9
      dt: d
      data: [ 5.7256530082794722e-02, 6.1313974299541741e-03,
          -1.5654745268622029e-04, 1.2732568648428945e-03,
          3.8506660259262095e-03, 9.4499088500648318e-04,
          2.4075211284267746e-03, -6.8480848833889522e-04,
          5.4739558114700656e-03, 6.1313974299541732e-03,
          1.8528657443450221e-02, -1.3023612851894727e-03,
          2.7019615536351010e-03, 6.5921574858742093e-03,
          7.3360899124261733e-03, 2.2074518331312840e-03,
          6.2290071610344349e-04, 1.1918761796243679e-02,
          -1.5654745268621999e-04, -1.3023612851894729e-03,
          1.1751673809353261e-01, 2.0617237141830292e-03,
          -1.2604857446119944e-03, -5.4240798334864145e-03,
          3.9263472783471415e-03, -1.1287803009603842e-03,
          -3.5660528848321395e-03, 1.2732568648428943e-03,
          2.7019615536351019e-03, 2.0617237141830301e-03,
          3.6208720040897362e-02, 1.8580946180202589e-03,
          5.8875846149981093e-03, -1.4217650565673434e-03,
          -1.6686341821126958e-03, 4.2785274737880044e-04,
          3.8506660259262104e-03, 6.5921574858742076e-03,
          -1.2604857446119947e-03, 1.8580946180202589e-03,
          9.0997916742610475e-03, 1.4764795676259460e-03,
          1.1144818079117714e-03, 5.5249034729318617e-04,
          3.5792626910895681e-03, 9.4499088500648090e-04,
          7.3360899124261742e-03, -5.4240798334864145e-03,
          5.8875846149981110e-03, 1.4764795676259455e-03,
          1.5219228133865106e-01, 3.4272257442950920e-03,
          -3.1261062909558650e-02, 2.6576545780095742e-02,
          2.4075211284267754e-03, 2.2074518331312849e-03,
          3.9263472783471424e-03, -1.4217650565673424e-03,
          1.1144818079117716e-03, 3.4272257442950925e-03,
          8.1332288031314620e-02, -2.5287361639583427e-03,
          -1.8778358227911826e-03, -6.8480848833889522e-04,
          6.2290071610344327e-04, -1.1287803009603829e-03,
          -1.6686341821126956e-03, 5.5249034729318574e-04,
          -3.1261062909558643e-02, -2.5287361639583427e-03,
          7.0768296899413399e-02, 2.0076170493244603e-04,
          5.4739558114700656e-03, 1.1918761796243680e-02,
          -3.5660528848321391e-03, 4.2785274737880017e-04,
          3.5792626910895681e-03, 2.6576545780095742e-02,
          -1.8778358227911826e-03, 2.0076170493244587e-04,
          6.1528152320015878e-02 ]
   - !!opencv-matrix
      rows: 9
      cols: 9
      dt: d
      data: [ 5.5748870769786296e-01, 6.4192857491801070e-01,
          -8.3115472576695104e-02, 3.0159844672657827e-02,
          1.3334984266831166e-02, -3.8535654058369090e-02,
          5.1970847211162567e-02, -5.7618792131109611e-02,
          2.4346304888625786e-01, 6.4192857491801070e-01,
          1.5720049191499674e+00, -3.2930383537599517e-01,
          1.5107245917817230e-01, 4.1522712473666496e-03,
          -1.9021411497145810e-01, 1.2704792379808122e-01,
          -2.4362439896131591e-01, 4.7594796746996010e-01,
          -8.3115472576695104e-02, -3.2930383537599517e-01,
          4.0083848172980324e-01, 4.4176911823164871e-03,
          -1.4371143727728981e-02, 1.6010301890691853e-01,
          -4.2805467612264572e-02, 2.2040228166766071e-01,
          -1.0960918764993706e-01, 3.0159844672657823e-02,
          1.5107245917817230e-01, 4.4176911823164879e-03,
          3.4815930738253698e-01, 2.7437865059692163e-02,
          5.2740864142872733e-02, 2.3129911804081596e-02,
          5.7832402779313535e-02, 2.4523964998897391e-02,
          1.3334984266831166e-02, 4.1522712473666436e-03,
          -1.4371143727728979e-02, 2.7437865059692160e-02,
          1.1034002090090624e-01, 1.1898192950576899e-02,
