%YAML:1.0
---
groups:
   - intact
   - CD19
   - blast
intactGmmnames:
   - "intact.Vie016.0"
   - "intact.Vie016.1"
   - "intact.Vie016.2"
   - "intact.Vie016.3"
   - "intact.Vie016.4"
intactLabels:
   - FSC-A
   - SSC-A
   - CD20
   - CD10
   - CD45
   - CD34
   - SYTO41
   - CD19
   - CD38
intactMu: !!opencv-matrix
   rows: 5
   cols: 9
   dt: d
   data: [ 2.1455402614935424e+00, 1.7586076509555559e+00,
       1.1142740411452272e+00, 1.2766136419926553e+00,
       2.4150711186279374e+00, 1.2790081260805617e+00,
       3.1126269715057728e+00, 9.7910235511882227e-01,
       2.1907995122310822e+00, 5.9159824633678315e-01,
       3.4291793315911762e-01, 9.5054307018581752e-01,
       7.5672220618267505e-01, 3.0908988305814775e+00,
       1.1413332433379246e+00, 3.2651906145946810e+00,
       8.1730744643102471e-01, 2.5072873008441512e+00,
       7.8095967663346999e-01, 3.6978844342561606e-01,
       7.5917397178962764e-01, 8.5536795624388795e-01,
       1.5143585524020555e+00, 1.0353715286032152e+00,
       3.1443934107486764e+00, 7.5253998552288959e-01,
       1.5309052324104884e+00, 2.1437673116696074e+00,
       1.2725063566590000e+00, 1.7262272186439915e+00,
       1.3968592685258179e+00, 2.5886980754162345e+00,
       1.7877876259197956e+00, 2.9258351159785447e+00,
       1.6139787796505529e+00, 2.4176633196234643e+00,
       1.2077684253213630e+00, 4.8467634445141744e-01,
       9.1549191809779873e-01, 7.6426804508054214e-01,
       3.1608048582540813e+00, 9.5363883347985512e-01,
       2.9638784388532340e+00, 8.4637007481956916e-01,
       2.5879673993447341e+00 ]
intactSigma:
   - !!opencv-matrix
      rows: 9
      cols: 9
      dt: d
      data: [ 6.6227919326266615e-01, 3.9148723359472082e-01,
          2.6353451783505125e-02, 6.6181185396225084e-02,
          1.1902533355604684e-01, 7.8931730812288325e-02,
          -4.4386735245513669e-02, 3.6979015526930829e-02,
          1.4130978031711697e-01, 3.9148723359472082e-01,
          7.7434476957628007e-01, 4.3182386569729045e-02,
          1.9126361301592115e-01, 1.1890978742444636e-01,
          5.0785888725165033e-02, -2.0810568253615512e-02,
          4.8642528168526905e-02, 1.2477866638440555e-01,
          2.6353451783505125e-02, 4.3182386569729059e-02,
          1.2016869772528942e-01, 3.1569035865756524e-02,
          4.6586965053042911e-02, 4.8023717464773519e-02,
          4.7518145240351528e-02, 2.5941904761070524e-02,
          5.7674620336741172e-02, 6.6181185396225084e-02,
          1.9126361301592118e-01, 3.1569035865756517e-02,
          2.3452022701208858e-01, 7.3155821625213141e-02,
          2.6814814134212852e-02, 1.8888675702107661e-02,
          2.9376870914311390e-02, 6.9528759897877435e-02,
          1.1902533355604683e-01, 1.1890978742444636e-01,
          4.6586965053042911e-02, 7.3155821625213155e-02,
          2.4631318148901649e-01, 8.2443266892397879e-02,
          3.8435746898206426e-02, 4.0474371739944406e-02,
          2.0436035025985516e-01, 7.8931730812288325e-02,
          5.0785888725165033e-02, 4.8023717464773512e-02,
          2.6814814134212859e-02, 8.2443266892397879e-02,
          1.1128663679861220e-01, 4.7170235139141675e-02,
          2.0217752755735396e-02, 9.0639482217390654e-02,
          -4.4386735245513669e-02, -2.0810568253615522e-02,
          4.7518145240351542e-02, 1.8888675702107661e-02,
          3.8435746898206426e-02, 4.7170235139141675e-02,
          1.3660611643485318e-01, 1.6383007762755149e-02,
          7.3815585035302819e-02, 3.6979015526930829e-02,
          4.8642528168526905e-02, 2.5941904761070524e-02,
          2.9376870914311390e-02, 4.0474371739944399e-02,
          2.0217752755735396e-02, 1.6383007762755149e-02,
          9.6357668512789110e-02, 3.8971689666259079e-02,
          1.4130978031711697e-01, 1.2477866638440552e-01,
          5.7674620336741172e-02, 6.9528759897877435e-02,
          2.0436035025985513e-01, 9.0639482217390654e-02,
          7.3815585035302833e-02, 3.8971689666259079e-02,
          3.7512369757405228e-01 ]
   - !!opencv-matrix
      rows: 9
      cols: 9
      dt: d
      data: [ 1.7451675230471319e-02, 4.9013374543132896e-03,
          1.0721645053668150e-03, 2.0644695437366627e-03,
          3.1915976397881196e-03, 2.0396412399720028e-03,
          -1.4669770821804733e-03, 8.8732450935114198e-04,
          2.1004595084968599e-03, 4.9013374543132896e-03,
          8.2502676783758420e-03, 3.2767712044166350e-03,
          2.3325040145129642e-03, 2.0944450833985440e-03,
          2.9185180361089198e-03, 1.1573155801087710e-03,
          1.4949630676951901e-03, 5.3784182401230779e-03,
          1.0721645053668144e-03, 3.2767712044166350e-03,
          1.2348018460088751e-01, 6.5950907394579164e-03,
          -1.0916674269519083e-04, 8.0510747925767977e-03,
          2.0027212012420519e-03, 9.8778791847669040e-03,
          -3.9287308935569872e-03, 2.0644695437366627e-03,
          2.3325040145129642e-03, 6.5950907394579164e-03,
          3.0016795178795956e-02, 1.4596483350453628e-03,
          4.5182694656812150e-03, 1.2378765671364174e-03,
          3.5997913086839770e-03, -3.8756371797368629e-03,
          3.1915976397881196e-03, 2.0944450833985440e-03,
          -1.0916674269519083e-04, 1.4596483350453624e-03,
          1.0399143083581317e-02, 2.2317035098173748e-03,
          -8.3026843170944163e-04, 7.4025209230656045e-04,
          -7.9683278656808489e-03, 2.0396412399720024e-03,
          2.9185180361089198e-03, 8.0510747925767977e-03,
          4.5182694656812150e-03, 2.2317035098173748e-03,
          3.9557035795195025e-02, 2.0811883620696276e-03,
          -9.8990169954188707e-03, -7.8190461789781080e-03,
          -1.4669770821804733e-03, 1.1573155801087710e-03,
          2.0027212012420519e-03, 1.2378765671364172e-03,
          -8.3026843170944142e-04, 2.0811883620696276e-03,
          3.2895856246945190e-03, 2.6044020320218562e-04,
          -1.1482108413353167e-03, 8.8732450935114220e-04,
          1.4949630676951899e-03, 9.8778791847669058e-03,
          3.5997913086839770e-03, 7.4025209230656034e-04,
          -9.8990169954188707e-03, 2.6044020320218562e-04,
          7.9887251856960176e-02, 2.9656798715456518e-03,
          2.1004595084968608e-03, 5.3784182401230779e-03,
          -3.9287308935569872e-03, -3.8756371797368646e-03,
          -7.9683278656808489e-03, -7.8190461789781045e-03,
          -1.1482108413353163e-03, 2.9656798715456518e-03,
          1.9584854631413390e-01 ]
   - !!opencv-matrix
      rows: 9
      cols: 9
      dt: d
      data: [ 6.6155304593442626e-02, 2.0566672114399817e-02,
          2.2894614128479243e-03, 1.6520628579740286e-02,
          2.6808490531456206e-02, 7.1016611412860284e-03,
          -2.9580665752918070e-04, 3.9432036068579659e-03,
          3.8458056570990953e-02, 2.0566672114399814e-02,
          1.7024326928661241e-02, 3.9306718626964986e-03,
          9.1101130106576098e-03, 2.0490750597443815e-02,
          1.1288915582960777e-02, 1.1343025757980942e-02,
          3.2146954096651855e-03, 2.5832663022635920e-02,
          2.2894614128479243e-03, 3.9306718626964986e-03,
          6.9273459065582188e-02, 1.1543652191571423e-04,
          8.3330032411984278e-03, 8.1218918308402967e-03,
          5.9989752144477080e-03, -9.2448440154340394e-04,
          1.6859597889033247e-03, 1.6520628579740286e-02,
          9.1101130106576080e-03, 1.1543652191571419e-04,
          7.0007598358435397e-02, 2.5611413359738690e-02,
          1.2248057029665327e-02, 9.5119455282405511e-03,
          2.9960543519846066e-03, 2.9599524768303888e-02,
          2.6808490531456206e-02, 2.0490750597443815e-02,
          8.3330032411984330e-03, 2.5611413359738683e-02,
          1.1957933253570065e-01, 2.2382091229944601e-02,
          6.7574053144336867e-03, 1.2287984344025747e-02,
