%YAML:1.0
---
groups:
   - intact
   - CD19
   - blast
intactGmmnames:
   - "intact.Vie009.0"
   - "intact.Vie009.1"
   - "intact.Vie009.2"
   - "intact.Vie009.3"
   - "intact.Vie009.4"
intactLabels:
   - FSC-A
   - SSC-A
   - CD20
   - CD10
   - CD45
   - CD34
   - SYTO41
   - CD19
   - CD38
intactMu: !!opencv-matrix
   rows: 5
   cols: 9
   dt: d
   data: [ 2.5153132456466518e+00, 2.9412999881001629e+00,
       1.6847601910798162e+00, 2.6769438933488852e+00,
       3.0651690662419231e+00, 2.1433189933768118e+00,
       2.8579239783228845e+00, 2.1462395579242481e+00,
       2.6565254899011173e+00, 1.7588986399630040e+00,
       4.9893147510080871e-01, 1.1098517740673557e+00,
       1.1006949686055751e+00, 3.3616347664013948e+00,
       1.4800321007157560e+00, 2.7358286738675335e+00,
       1.7622034078590774e+00, 2.5293310674770884e+00,
       2.4810791969390662e+00, 1.5893764090279656e+00,
       1.5692079636804432e+00, 1.5311708668489172e+00,
       2.5830939762979623e+00, 2.1299188185426039e+00,
       3.0926726609192960e+00, 2.0760380026875778e+00,
       2.6786392675031725e+00, 3.0029491221593609e+00,
       2.8802946361166479e+00, 1.8005753585669533e+00,
       2.1666527127998334e+00, 2.9847107801214920e+00,
       2.2133415930823723e+00, 2.8265771498386409e+00,
       2.1280579278164717e+00, 2.6522428048504483e+00,
       1.2544894155771604e+00, 2.8760625246895438e-01,
       1.0130186749025125e+00, 9.4352001278199271e-01,
       3.2083402838710318e+00, 1.7388536091431441e+00,
       2.9079059706657353e+00, 1.6555979544219861e+00,
       2.3688034071125279e+00 ]
intactSigma:
   - !!opencv-matrix
      rows: 9
      cols: 9
      dt: d
      data: [ 1.8770328920875548e-01, 1.1860885384178485e-01,
          1.2370421016902420e-02, 1.7538060341680633e-02,
          1.7702956287648806e-02, 2.0694558964154904e-02,
          -3.5714038553610258e-02, 1.2098510851602292e-02,
          -5.3541846045190369e-03, 1.1860885384178485e-01,
          2.8551882477154972e-01, 3.3585100172305447e-02,
          1.6345372768429043e-02, 1.3811961921175909e-02,
          4.1173808576240818e-02, -9.7969358088898974e-03,
          2.1754896236074132e-02, 1.6904153736548015e-02,
          1.2370421016902416e-02, 3.3585100172305440e-02,
          7.7650590291140895e-02, -3.7005083771214691e-04,
          -2.5565206192309179e-03, 2.6559054071547541e-02,
          1.9127102856519626e-02, 1.2585225783072715e-02,
          1.6131230953518715e-02, 1.7538060341680633e-02,
          1.6345372768429046e-02, -3.7005083771214582e-04,
          5.2188803857221987e-02, 1.6506483580483712e-02,
          -3.8950009353121654e-03, -1.8435918361468625e-02,
          4.5069745970950821e-03, -4.0212257840657913e-03,
          1.7702956287648806e-02, 1.3811961921175907e-02,
          -2.5565206192309179e-03, 1.6506483580483709e-02,
          1.8441680167776805e-02, -3.5766727120953761e-03,
          -1.8699853193773708e-02, 2.3507159350415960e-03,
          -5.5600999047473072e-03, 2.0694558964154900e-02,
          4.1173808576240804e-02, 2.6559054071547541e-02,
          -3.8950009353121637e-03, -3.5766727120953765e-03,
          3.3030183807286756e-02, 1.5670658635657597e-02,
          8.6746685726842750e-03, 9.9076217322116682e-03,
          -3.5714038553610265e-02, -9.7969358088898974e-03,
          1.9127102856519623e-02, -1.8435918361468621e-02,
          -1.8699853193773704e-02, 1.5670658635657593e-02,
          5.1360333682470963e-02, 4.0618924229407884e-03,
          1.7445881350829858e-02, 1.2098510851602292e-02,
          2.1754896236074132e-02, 1.2585225783072713e-02,
          4.5069745970950821e-03, 2.3507159350415955e-03,
          8.6746685726842750e-03, 4.0618924229407875e-03,
          1.7109260709657754e-02, 6.7977894051966144e-03,
          -5.3541846045190369e-03, 1.6904153736548022e-02,
          1.6131230953518715e-02, -4.0212257840657913e-03,
          -5.5600999047473072e-03, 9.9076217322116699e-03,
          1.7445881350829865e-02, 6.7977894051966144e-03,
          2.2777043248676347e-02 ]
   - !!opencv-matrix
      rows: 9
      cols: 9
      dt: d
      data: [ 9.3918121190521703e-02, 9.1194091007470481e-03,
          -1.1048074502964878e-02, 8.9032197463638810e-04,
          1.2065477210248495e-02, -9.6438730113108054e-03,
          -8.3045204431247636e-03, 3.5419236678865909e-03,
          1.7676254907259239e-02, 9.1194091007470498e-03,
          1.6670752708287814e-02, -6.1914051697592957e-03,
          3.6939623459730672e-04, 6.3057201188801339e-03,
          -2.8126946418098446e-04, -6.7980582677333009e-03,
          5.3167677952310243e-03, 5.0268220064191502e-02,
          -1.1048074502964878e-02, -6.1914051697592948e-03,
          2.7161289299041941e-01, 3.3225455365871931e-02,
          4.1396740835070115e-03, 1.1420224265997606e-02,
          4.4387124820231333e-03, 4.6951208351599279e-03,
          -2.3075533966846945e-02, 8.9032197463638821e-04,
          3.6939623459730602e-04, 3.3225455365871931e-02,
          1.3956450996201031e-01, 5.9945011535824091e-03,
          4.9392219183707550e-03, 2.4753936135638479e-03,
          1.3618042437012014e-02, -1.4763537501495257e-03,
          1.2065477210248495e-02, 6.3057201188801348e-03,
          4.1396740835070124e-03, 5.9945011535824091e-03,
          1.5782710621781888e-02, -3.8842335402707105e-03,
          -5.6143504436963103e-03, 3.7043479395389152e-03,
          1.7404385748981545e-02, -9.6438730113108037e-03,
          -2.8126946418098467e-04, 1.1420224265997607e-02,
          4.9392219183707542e-03, -3.8842335402707105e-03,
          4.9908962403359659e-02, 1.5023759189635277e-02,
          9.6846672249532558e-04, -1.0244400899111458e-02,
          -8.3045204431247636e-03, -6.7980582677333009e-03,
          4.4387124820231333e-03, 2.4753936135638475e-03,
          -5.6143504436963103e-03, 1.5023759189635279e-02,
          2.7629414417058719e-02, -8.2360225484976054e-04,
          -3.6182341046853708e-02, 3.5419236678865909e-03,
          5.3167677952310234e-03, 4.6951208351599279e-03,
          1.3618042437012014e-02, 3.7043479395389152e-03,
          9.6846672249532579e-04, -8.2360225484976075e-04,
          3.2014093130762922e-02, 2.3766975087564046e-02,
          1.7676254907259235e-02, 5.0268220064191488e-02,
          -2.3075533966846942e-02, -1.4763537501495294e-03,
          1.7404385748981545e-02, -1.0244400899111456e-02,
          -3.6182341046853708e-02, 2.3766975087564035e-02,
          5.0712169847153443e-01 ]
   - !!opencv-matrix
      rows: 9
      cols: 9
      dt: d
      data: [ 7.5491817216550128e-01, 5.3838199019786648e-01,
          1.3289567250235948e-01, 1.3534427216424968e-01,
          2.1434723795868843e-01, 1.1435808338811673e-01,
          7.3567506227211019e-02, 1.1942400962236956e-01,
          2.4109892851436679e-01, 5.3838199019786637e-01,
          1.0658144146000059e+00, 2.5149369540352839e-01,
          2.8365724743023774e-01, 2.4005949859020581e-01,
          2.4178199163192754e-01, 1.1311805282607389e-01,
          2.1402204174690706e-01, 3.3968075438312545e-01,
          1.3289567250235948e-01, 2.5149369540352839e-01,
          3.6134517962039964e-01, 1.5757479695672566e-01,
          1.1599512758307194e-01, 1.3816578763141393e-01,
          5.2387512308396673e-02, 1.2503577878150079e-01,
          9.2549372909025610e-02, 1.3534427216424971e-01,
          2.8365724743023774e-01, 1.5757479695672566e-01,
          2.3986002998662159e-01, 1.0522400892767050e-01,
          1.0024052374953440e-01, 2.0864134966958481e-02,
          9.9969633569801819e-02, 6.5646988653402405e-02,
          2.1434723795868843e-01, 2.4005949859020581e-01,
          1.1599512758307194e-01, 1.0522400892767050e-01,
          2.6058855173527223e-01, 1.2421118573138587e-01,
