%YAML:1.0
---
groups:
   - intact
   - CD19
   - blast
intactGmmnames:
   - "intact.Vie014.0"
   - "intact.Vie014.1"
   - "intact.Vie014.2"
   - "intact.Vie014.3"
   - "intact.Vie014.4"
intactLabels:
   - FSC-A
   - SSC-A
   - CD20
   - CD10
   - CD45
   - CD34
   - SYTO41
   - CD19
   - CD38
intactMu: !!opencv-matrix
   rows: 5
   cols: 9
   dt: d
   data: [ 1.5144311535584178e+00, 7.0061443404127954e-01,
       1.1510647839982207e+00, 8.3071250174883593e-01,
       3.4315863854861282e+00, 1.1941771684906064e+00,
       2.6540209126326064e+00, 1.0545636710065478e+00,
       1.8523333332403389e+00, 9.2366311853923411e-01,
       3.3256621547503618e-01, 1.1499255055873288e+00,
       8.2359189002607325e-01, 3.2645346433056539e+00,
       1.2646477270578453e+00, 3.1518058470869543e+00,
       1.0414721972787653e+00, 1.7681888607979739e+00,
       9.6557599206235478e-01, 5.5103107216699510e-01,
       1.1379873447952245e+00, 9.1190593011982934e-01,
       1.2535825269458367e+00, 1.3021516310821795e+00,
       2.8140432639692854e+00, 1.0676582808053703e+00,
       1.4093605533626905e+00, 9.5452131124471162e-01,
       4.3488689738297825e-01, 1.1415593552332455e+00,
       8.4768299651199930e-01, 3.2900141802396710e+00,
       1.3079272020821240e+00, 3.1599965298732768e+00,
       1.0547759425511465e+00, 1.3085903703013106e+00,
       2.0038384319189122e+00, 2.0806419944661010e+00,
       1.2829005167399474e+00, 1.5941528137900225e+00,
       2.9141377471653245e+00, 1.8647881342858501e+00,
       2.8056273235803357e+00, 1.5149039188801727e+00,
       2.1818004092755148e+00 ]
intactSigma:
   - !!opencv-matrix
      rows: 9
      cols: 9
      dt: d
      data: [ 8.5968274552303978e-02, 9.6521247823971607e-03,
          -5.0165485113054531e-04, 5.5656637668746918e-04,
          9.0476460994441850e-03, -1.3079760782566581e-03,
          -1.6581444959888253e-02, -1.9306517290777138e-03,
          2.8791329206232425e-03, 9.6521247823971607e-03,
          2.7669289946270870e-02, -4.9154889825012778e-04,
          2.7935029360047592e-03, 5.4222703847663645e-03,
          3.1121089737780406e-03, -7.5939106117559772e-03,
          2.3846041742919114e-03, 1.9676917856888031e-02,
          -5.0165485113054531e-04, -4.9154889825012800e-04,
          1.2551687798424220e-02, 4.1366606130749958e-05,
          5.7049665220199541e-04, -2.7542995601204856e-03,
          4.0088727872216465e-04, -3.7995738161466711e-04,
          -8.5063303322501502e-04, 5.5656637668746874e-04,
          2.7935029360047592e-03, 4.1366606130750135e-05,
          4.1680773307781180e-02, -4.4414359258861330e-04,
          7.7923579271866241e-03, 3.0198890254769131e-03,
          -9.2333098311886690e-04, 1.8548661670809189e-03,
          9.0476460994441867e-03, 5.4222703847663645e-03,
          5.7049665220199541e-04, -4.4414359258861325e-04,
          1.3304695530604304e-02, -1.1098014278319505e-03,
          -7.6210823713010432e-03, 4.3281064166926568e-04,
          6.7613813967704198e-03, -1.3079760782566581e-03,
          3.1121089737780388e-03, -2.7542995601204856e-03,
          7.7923579271866250e-03, -1.1098014278319503e-03,
          1.0454875147674544e-01, 1.3936649098023782e-02,
          -1.3973734374202693e-02, 1.6510733943352219e-02,
          -1.6581444959888246e-02, -7.5939106117559772e-03,
          4.0088727872216481e-04, 3.0198890254769135e-03,
          -7.6210823713010432e-03, 1.3936649098023781e-02,
          1.4464758635343022e-01, -2.9743152310445871e-03,
          -1.3580791766783996e-02, -1.9306517290777153e-03,
          2.3846041742919114e-03, -3.7995738161466754e-04,
          -9.2333098311886646e-04, 4.3281064166926568e-04,
          -1.3973734374202693e-02, -2.9743152310445866e-03,
          3.5509303387724941e-02, 3.1859378037035779e-05,
          2.8791329206232430e-03, 1.9676917856888031e-02,
          -8.5063303322501372e-04, 1.8548661670809178e-03,
          6.7613813967704215e-03, 1.6510733943352219e-02,
          -1.3580791766783992e-02, 3.1859378037034844e-05,
          2.8336841806930413e-01 ]
   - !!opencv-matrix
      rows: 9
      cols: 9
      dt: d
      data: [ 5.4370441514579412e-02, 3.3357413668270276e-04,
          2.5637120036461685e-04, -1.9600980349605314e-03,
          4.1074272262905630e-03, -1.1170754092573528e-02,
          -2.7977506045515563e-02, -1.3942235018694462e-03,
          9.8538565919912210e-03, 3.3357413668270259e-04,
          8.8391362443484226e-03, 4.3922348506581036e-04,
          1.9236202917638297e-03, 1.6107948401362353e-03,
          1.8353544198787632e-03, 1.0212820684140944e-03,
          1.8874920873526468e-03, -1.2842415058138699e-03,
          2.5637120036461702e-04, 4.3922348506581025e-04,
          1.0171975968696335e-02, 2.1961514297524502e-04,
          1.5988036633188322e-04, -2.3591925148755801e-03,
          -2.9208325310796359e-05, -3.5475136830220052e-04,
          -1.5898406081861786e-03, -1.9600980349605310e-03,
          1.9236202917638297e-03, 2.1961514297524508e-04,
          2.8436480819444176e-02, 7.5290810974467195e-04,
          3.9917388350142547e-03, 1.8794979199673262e-03,
          5.8619383225158728e-05, -1.9928993509702102e-03,
          4.1074272262905630e-03, 1.6107948401362360e-03,
          1.5988036633188317e-04, 7.5290810974467195e-04,
          5.4245955977754116e-03, -1.1928567965949995e-04,
          -1.6719029504772308e-03, 7.5673522094786246e-05,
          -4.6840806367357771e-03, -1.1170754092573528e-02,
          1.8353544198787632e-03, -2.3591925148755801e-03,
          3.9917388350142529e-03, -1.1928567965949984e-04,
          9.3609970342005536e-02, 1.0538221223449247e-02,
          -1.4919088665749472e-02, -5.5179857935781177e-03,
          -2.7977506045515566e-02, 1.0212820684140944e-03,
          -2.9208325310796512e-05, 1.8794979199673258e-03,
          -1.6719029504772308e-03, 1.0538221223449247e-02,
          2.7309600523644673e-02, 2.4199694395802808e-04,
          -1.3674273322663216e-02, -1.3942235018694464e-03,
          1.8874920873526468e-03, -3.5475136830220052e-04,
          5.8619383225159121e-05, 7.5673522094786355e-05,
          -1.4919088665749472e-02, 2.4199694395802843e-04,
          3.4353868627424775e-02, 1.2640527692265177e-03,
          9.8538565919912210e-03, -1.2842415058138699e-03,
          -1.5898406081861786e-03, -1.9928993509702093e-03,
          -4.6840806367357771e-03, -5.5179857935781177e-03,
          -1.3674273322663215e-02, 1.2640527692265172e-03,
          1.2897941219457509e-01 ]
   - !!opencv-matrix
      rows: 9
      cols: 9
      dt: d
      data: [ 1.2839876661409025e-01, 4.3659295563561351e-02,
          1.7514359535340247e-03, 1.2120578692820776e-02,
          1.6804127063360114e-02, 1.3168243230204107e-02,
          -2.1663061499730307e-02, 5.5046778144838800e-03,
          2.8405118787697730e-02, 4.3659295563561344e-02,
          3.8246308309517807e-02, 2.5352139745640672e-03,
          1.0807344844315206e-02, 6.5349238927553876e-03,
          5.9626987589086935e-03, 9.4179892337589331e-04,
          3.3996727641972656e-03, 2.0906133917624716e-02,
          1.7514359535340256e-03, 2.5352139745640667e-03,
          8.9423947605867006e-03, 1.9044829829317183e-03,
          8.7369071258066775e-04, -2.2699601588000931e-04,
          -2.2501974345117731e-03, -4.2849660590042732e-04,
          1.3559162036860053e-03, 1.2120578692820776e-02,
          1.0807344844315206e-02, 1.9044829829317177e-03,
          7.9755279721784769e-02, 2.4491810249526319e-03,
          -1.3701888385228348e-03, 1.7591701117025894e-02,
          2.6844707058765794e-03, 1.3325021663944966e-02,
          1.6804127063360114e-02, 6.5349238927553876e-03,
          8.7369071258066797e-04, 2.4491810249526310e-03,
          4.7448339154348040e-02, 1.0326456445543357e-02,
