%YAML:1.0
---
groups:
   - intact
   - CD19
   - blast
intactGmmnames:
   - "intact.Vie022.0"
   - "intact.Vie022.1"
   - "intact.Vie022.2"
   - "intact.Vie022.3"
   - "intact.Vie022.4"
intactLabels:
   - FSC-A
   - SSC-A
   - CD20
   - CD10
   - CD45
   - CD34
   - SYTO41
   - CD19
   - CD38
intactMu: !!opencv-matrix
   rows: 5
   cols: 9
   dt: d
   data: [ 6.8358822909441053e-01, 4.0021194442764801e-01,
       9.4646364737175392e-01, 7.8520322482927196e-01,
       1.2550491130576962e+00, 1.1724927268615477e+00,
       2.6658692208965507e+00, 8.6733481679127378e-01,
       1.3222817507369571e+00, 2.0900816399462059e+00,
       3.2073366397732643e+00, 1.0223442320794891e+00,
       9.9504924917412707e-01, 2.5415043931864547e+00,
       1.3244992577502621e+00, 2.5558396235722962e+00,
       9.2543518982739126e-01, 2.2626272616350174e+00,
       4.8238913576186399e-01, 3.3373024112284649e-01,
       9.4812994757219593e-01, 8.2035273150312138e-01,
       3.0081238889294086e+00, 1.1872165052238575e+00,
       2.7753987474251374e+00, 8.7289000292633112e-01,
       1.6250943813931713e+00, 1.7832097718051247e+00,
       3.3854242723362513e+00, 1.1381774234059274e+00,
       2.1922050109075206e+00, 2.9150515652395224e+00,
       1.4251073669096819e+00, 2.5904856927210278e+00,
       1.0851227978495324e+00, 1.9777868655502580e+00,
       1.2668941761931947e+00, 1.3365682662868301e+00,
       1.0353428470938706e+00, 1.0421730779181912e+00,
       2.6406219521077063e+00, 1.4353901197733439e+00,
       2.6982095292311401e+00, 9.7197749781839293e-01,
       2.1365111483983839e+00 ]
intactSigma:
   - !!opencv-matrix
      rows: 9
      cols: 9
      dt: d
      data: [ 4.2237282424811388e-02, 1.3812973632749335e-02,
          3.3151772750250087e-04, -8.1793164274973962e-05,
          9.2916776404242455e-04, 1.2555714354004673e-04,
          1.8966722637183500e-03, -3.2986091771681244e-04,
          7.0319007353851163e-03, 1.3812973632749335e-02,
          1.6880262545571359e-02, 5.6538234434951832e-04,
          1.2159166512958771e-03, 6.2750022212512803e-03,
          4.1015275214894399e-03, 7.9408464060510917e-03,
          1.9187334881284248e-03, 8.7847410801058668e-03,
          3.3151772750250060e-04, 5.6538234434951832e-04,
          2.0270349387619513e-02, 4.6480849103770262e-04,
          1.3067021007202675e-03, -2.9941840076454619e-03,
          1.0038244799720972e-03, -9.4115780916674845e-04,
          1.7921806848018813e-04, -8.1793164274974071e-05,
          1.2159166512958767e-03, 4.6480849103770294e-04,
          3.6798247485856105e-02, 4.1127301401883637e-03,
          2.5766967111938458e-03, 1.0842907783133748e-03,
          -5.2621717495467666e-04, 8.9166458882517798e-04,
          9.2916776404242455e-04, 6.2750022212512803e-03,
          1.3067021007202679e-03, 4.1127301401883629e-03,
          4.8432096875387236e-02, 3.3660084650841767e-03,
          2.9024440110981382e-03, 2.1027102273992794e-03,
          7.5401774198565101e-03, 1.2555714354004667e-04,
          4.1015275214894426e-03, -2.9941840076454619e-03,
          2.5766967111938445e-03, 3.3660084650841749e-03,
          1.2595328666210018e-01, 5.2261894265965081e-03,
          -2.6278896156881129e-02, 2.1188181647229559e-03,
          1.8966722637183495e-03, 7.9408464060510917e-03,
          1.0038244799720972e-03, 1.0842907783133752e-03,
          2.9024440110981382e-03, 5.2261894265965081e-03,
          1.9765125204714667e-02, 2.3206418072095388e-03,
          3.3761265442805366e-03, -3.2986091771681223e-04,
          1.9187334881284250e-03, -9.4115780916674812e-04,
          -5.2621717495467677e-04, 2.1027102273992794e-03,
          -2.6278896156881129e-02, 2.3206418072095388e-03,
          4.8305059185576628e-02, 2.1001279497217433e-03,
          7.0319007353851172e-03, 8.7847410801058668e-03,
          1.7921806848018786e-04, 8.9166458882517809e-04,
          7.5401774198565084e-03, 2.1188181647229555e-03,
          3.3761265442805374e-03, 2.1001279497217438e-03,
          1.7255941126690825e-02 ]
   - !!opencv-matrix
      rows: 9
      cols: 9
      dt: d
      data: [ 2.0123725674970783e-01, 1.5099677707550935e-01,
          5.9722128519573685e-03, 1.1757698523490078e-04,
          -2.7244435528142466e-04, 4.5904146092811465e-03,
          1.3791810599848233e-02, 8.7347501079803463e-03,
          2.7578865739770142e-02, 1.5099677707550935e-01,
          4.3621826100663258e-01, 3.6876941746551333e-03,
          4.1360116499348780e-02, 6.1764878513696143e-02,
          1.4333512037433955e-02, 1.3473951594913299e-02,
          2.1860047941550165e-02, 3.0309595788625160e-02,
          5.9722128519573685e-03, 3.6876941746551341e-03,
          4.1221007742567262e-02, -1.6488857232888827e-03,
          -1.9929288891868016e-03, -1.9051185161953730e-03,
          1.4664800733978128e-03, -3.4720024049532229e-03,
          5.0799562362005635e-03, 1.1757698523490035e-04,
          4.1360116499348780e-02, -1.6488857232888822e-03,
          6.8620418684020620e-02, 2.0756522812411842e-02,
          6.3618612294036765e-03, 2.4383781118381411e-04,
          5.0654900460452316e-04, -6.5765742025364025e-03,
          -2.7244435528142277e-04, 6.1764878513696157e-02,
          -1.9929288891868016e-03, 2.0756522812411842e-02,
          4.3959544991974082e-02, 1.8907604434833739e-03,
          -4.4481501467248672e-03, 1.5623233825429526e-03,
          -1.7117232632713121e-02, 4.5904146092811456e-03,
          1.4333512037433955e-02, -1.9051185161953735e-03,
          6.3618612294036774e-03, 1.8907604434833724e-03,
          1.4633669841229410e-01, 2.8854884844595860e-03,
          -2.7290432982899085e-02, 4.4652894984635932e-03,
          1.3791810599848233e-02, 1.3473951594913299e-02,
          1.4664800733978128e-03, 2.4383781118381430e-04,
          -4.4481501467248672e-03, 2.8854884844595860e-03,
          5.8869440397091213e-03, 9.7187424440121071e-04,
          8.4993864443562508e-03, 8.7347501079803446e-03,
          2.1860047941550165e-02, -3.4720024049532242e-03,
          5.0654900460452316e-04, 1.5623233825429518e-03,
          -2.7290432982899085e-02, 9.7187424440121071e-04,
          6.6141995863014974e-02, 2.2893265244978952e-03,
          2.7578865739770142e-02, 3.0309595788625160e-02,
          5.0799562362005644e-03, -6.5765742025364034e-03,
          -1.7117232632713121e-02, 4.4652894984635941e-03,
          8.4993864443562508e-03, 2.2893265244978943e-03,
          6.1719269453608575e-02 ]
   - !!opencv-matrix
      rows: 9
      cols: 9
      dt: d
      data: [ 2.7779930884083912e-02, 2.8008458896339131e-03,
          -5.4051602974863238e-04, -4.4299262058726324e-04,
          2.0598462248082824e-03, -5.1032634837070903e-03,
          -1.4884408277032798e-02, -1.6262316023022403e-03,
          -1.0709267574446650e-03, 2.8008458896339131e-03,
          8.4478252685036247e-03, 8.2564064338628369e-04,
          1.8596462364538716e-03, 3.2024814926373464e-03,
          2.0516410669775172e-03, -2.5094089270941735e-04,
          1.0458182321625188e-03, -5.2288703153381662e-03,
          -5.4051602974863227e-04, 8.2564064338628423e-04,
          2.4737926612693396e-02, 6.7897945143759718e-04,
          8.0008092990395722e-04, -2.4142587749867613e-03,
          8.3885463127012492e-04, -1.4797972208111328e-03,
          -1.8082693853287782e-03, -4.4299262058726313e-04,
          1.8596462364538721e-03, 6.7897945143759739e-04,
          2.7068808853606966e-02, 9.2113593842003700e-04,
          4.6089360806578208e-03, 1.6562310990790303e-03,
          -7.4227001247829927e-04, -3.2571227305656734e-03,
          2.0598462248082820e-03, 3.2024814926373464e-03,
          8.0008092990395722e-04, 9.2113593842003722e-04,
          8.7809056070383158e-03, 1.3363441372037945e-03,
