%YAML:1.0
---
groups:
   - intact
   - CD19
   - blast
intactGmmnames:
   - "intact.Vie015.0"
   - "intact.Vie015.1"
   - "intact.Vie015.2"
   - "intact.Vie015.3"
   - "intact.Vie015.4"
intactLabels:
   - FSC-A
   - SSC-A
   - CD20
   - CD10
   - CD45
   - CD34
   - SYTO41
   - CD19
   - CD38
intactMu: !!opencv-matrix
   rows: 5
   cols: 9
   dt: d
   data: [ 1.6277911254169488e+00, 5.8469774503499727e-01,
       7.5659116128889758e-01, 7.1993397699161732e-01,
       3.0988152811625311e+00, 8.8826217932721085e-01,
       2.5489328021619899e+00, 9.3254391275418047e-01,
       2.9427764474962603e+00, 1.2960096764447258e+00,
       5.1666865134211859e-01, 1.0084036236532246e+00,
       1.2704062629631114e+00, 1.6824163484344914e+00,
       1.0982244198690172e+00, 2.7451857068853696e+00,
       1.0072921067735296e+00, 1.9308463624285834e+00,
       3.1227370488440527e+00, 3.3332851067415707e+00,
       1.1479736359934611e+00, 2.2823532595817779e+00,
       2.7921985477331450e+00, 1.4875963611283636e+00,
       2.5276189181753512e+00, 1.1223249476392088e+00,
       2.3021865710233316e+00, 1.2626382589694456e+00,
       3.4933911728150369e-01, 8.2976518355572682e-01,
       6.8122285113986902e-01, 3.0190636044489154e+00,
       9.0506417497152747e-01, 2.6191484763941628e+00,
       8.8128729300107078e-01, 2.0071350572106401e+00,
       2.6417592758198047e+00, 1.8378149071164089e+00,
       1.2834447203820816e+00, 1.5079188223745696e+00,
       2.7797406438440033e+00, 1.4187176647941766e+00,
       2.8292362465638159e+00, 1.2793548389922331e+00,
       2.4563395313030552e+00 ]
intactSigma:
   - !!opencv-matrix
      rows: 9
      cols: 9
      dt: d
      data: [ 1.2464863117178555e-01, 1.1378320124158179e-02,
          2.7703648635060670e-03, 9.0714585100539515e-03,
          1.7338481160013849e-02, 8.4382915283099207e-03,
          9.5944000370624376e-03, 9.5962034453892699e-03,
          1.4576354012376920e-02, 1.1378320124158181e-02,
          2.0597897362142840e-02, 7.4752668672965943e-03,
          3.6733109542232498e-03, 5.6718760693070984e-03,
          9.2845940449245278e-03, 4.6853583378455299e-03,
          4.1280531267443845e-03, -3.7262351461466899e-03,
          2.7703648635060661e-03, 7.4752668672965986e-03,
          2.3471202580721764e-01, 1.2751126586149308e-02,
          4.2369748728750319e-03, 2.6463411359182957e-02,
          1.9158292439160809e-02, 1.2470309067031532e-02,
          -3.0847142041259702e-02, 9.0714585100539532e-03,
          3.6733109542232498e-03, 1.2751126586149308e-02,
          4.1861698243360772e-02, 4.0902293665234435e-03,
          1.4540501644758660e-02, 1.0097145854215893e-02,
          5.3641598996161310e-03, -1.5017694900911826e-02,
          1.7338481160013849e-02, 5.6718760693070984e-03,
          4.2369748728750337e-03, 4.0902293665234435e-03,
          1.6184955230444800e-02, 4.3445108488956571e-03,
          4.3682801862378563e-03, 3.3799393470427697e-03,
          3.6970392488382318e-03, 8.4382915283099207e-03,
          9.2845940449245278e-03, 2.6463411359182946e-02,
          1.4540501644758660e-02, 4.3445108488956571e-03,
          9.4024688402013293e-02, 3.0919747211628087e-02,
          -1.3134983358202240e-03, -4.9349549673275449e-02,
          9.5944000370624359e-03, 4.6853583378455308e-03,
          1.9158292439160809e-02, 1.0097145854215891e-02,
          4.3682801862378554e-03, 3.0919747211628087e-02,
          3.8886493341839592e-02, 8.1584816233798117e-03,
          -4.3027528959703791e-02, 9.5962034453892699e-03,
          4.1280531267443845e-03, 1.2470309067031534e-02,
          5.3641598996161327e-03, 3.3799393470427684e-03,
          -1.3134983358202236e-03, 8.1584816233798100e-03,
          6.7505654702212092e-02, 2.0009651445651536e-03,
          1.4576354012376924e-02, -3.7262351461466894e-03,
          -3.0847142041259702e-02, -1.5017694900911826e-02,
          3.6970392488382318e-03, -4.9349549673275442e-02,
          -4.3027528959703791e-02, 2.0009651445651532e-03,
          2.1836819393422041e-01 ]
   - !!opencv-matrix
      rows: 9
      cols: 9
      dt: d
      data: [ 1.4922982801243348e-01, 5.1281860792570966e-02,
          3.1865670425300953e-02, 5.9800096931297515e-02,
          6.2133805314660256e-02, 2.3010124311843086e-02,
          2.8107370210296561e-02, 2.9239153512573092e-02,
          6.4136947716413178e-02, 5.1281860792570973e-02,
          3.5712278543928770e-02, 2.2101649150753348e-02,
          3.5790795013532425e-02, 4.1152763526987331e-02,
          1.7207647024125319e-02, 1.7455034891054027e-02,
          1.9473760659095698e-02, 4.3871552651407138e-02,
          3.1865670425300953e-02, 2.2101649150753359e-02,
          1.6032028941591445e-01, 5.7256490104076546e-02,
          4.9589456665964822e-02, 1.5471141529199522e-02,
          1.2471839864038829e-02, 7.9866364832269637e-02,
          7.6551330605016135e-02, 5.9800096931297515e-02,
          3.5790795013532425e-02, 5.7256490104076546e-02,
          1.7261574007864031e-01, 6.2353338749413720e-02,
          2.6201288899589691e-02, 2.2412500297838270e-02,
          4.6070293629898146e-02, 9.1351839854852485e-02,
          6.2133805314660256e-02, 4.1152763526987331e-02,
          4.9589456665964822e-02, 6.2353338749413720e-02,
          8.6613581908040957e-02, 2.9036258571623952e-02,
          2.5607874881194793e-02, 4.3935499022319538e-02,
          9.0657110501588062e-02, 2.3010124311843086e-02,
          1.7207647024125319e-02, 1.5471141529199523e-02,
          2.6201288899589687e-02, 2.9036258571623955e-02,
          6.3572874390609074e-02, 2.0543497443515784e-02,
          2.6251918670257821e-03, 3.0736831327647471e-02,
          2.8107370210296561e-02, 1.7455034891054027e-02,
          1.2471839864038827e-02, 2.2412500297838270e-02,
          2.5607874881194786e-02, 2.0543497443515777e-02,
          3.7851512646837226e-02, 1.1961035915402053e-02,
          2.7658565476436928e-02, 2.9239153512573092e-02,
          1.9473760659095698e-02, 7.9866364832269651e-02,
          4.6070293629898146e-02, 4.3935499022319538e-02,
          2.6251918670257813e-03, 1.1961035915402056e-02,
          1.3115526359786714e-01, 6.5987615309389888e-02,
          6.4136947716413178e-02, 4.3871552651407138e-02,
          7.6551330605016135e-02, 9.1351839854852485e-02,
          9.0657110501588062e-02, 3.0736831327647471e-02,
          2.7658565476436928e-02, 6.5987615309389888e-02,
          1.6050729073327155e-01 ]
   - !!opencv-matrix
      rows: 9
      cols: 9
      dt: d
      data: [ 3.4924609424747977e-01, 1.3275851040589287e-01,
          2.1680230287628284e-02, -5.6363982518745429e-03,
          1.3471212334510225e-02, 2.0923981123666967e-02,
          -2.5325623837862098e-02, -8.2446072029155942e-04,
          2.0874691133358162e-02, 1.3275851040589287e-01,
          2.7944213106280419e-01, 2.0570621125947815e-02,
          8.3786501988033467e-03, 1.0537540335870642e-02,
          2.6835688796616665e-02, -4.6132933555541756e-03,
          1.4894756350342356e-02, 3.6049444701478063e-02,
          2.1680230287628284e-02, 2.0570621125947815e-02,
          1.0107129875324143e-01, -2.7427467979608041e-03,
          -2.8919787604483379e-03, 1.1582237509134513e-02,
          6.5018398609090425e-03, 1.2320598017451920e-02,
          6.4867362882935790e-03, -5.6363982518745429e-03,
          8.3786501988033467e-03, -2.7427467979608032e-03,
          8.4853076628375657e-02, 2.2130434180186558e-02,
          5.1236171582249796e-03, -5.3194205479325787e-03,
          2.8998122824330326e-03, -1.9844357408039253e-03,
          1.3471212334510227e-02, 1.0537540335870644e-02,
          -2.8919787604483388e-03, 2.2130434180186558e-02,
          2.3068296083811782e-02, 2.5254148485470244e-03,
          -9.2990187553197243e-03, 1.6395692976226737e-03,
