%YAML:1.0
---
groups:
   - intact
   - CD19
   - blast
intactGmmnames:
   - "intact.513.0"
   - "intact.513.1"
   - "intact.513.2"
   - "intact.513.3"
   - "intact.513.4"
intactLabels:
   - FSC-A
   - SSC-A
   - CD20
   - CD10
   - CD45
   - CD34
   - SYTO41
   - CD19
   - CD38
intactMu: !!opencv-matrix
   rows: 5
   cols: 9
   dt: d
   data: [ 2.0477511707581644e+00, 4.2524597160684235e-01,
       8.3320922165451505e-01, 7.5484556181894291e-01,
       3.8129178909607777e+00, 1.1243972586595676e+00,
       4.2222568940751826e+00, 1.1214529431071085e+00,
       1.8224034463736460e+00, 1.5453497153864448e+00,
       4.4264907004248888e-01, 8.9829060647409165e-01,
       9.8102573688486217e-01, 1.3555328029101836e+00,
       1.0758242550222619e+00, 4.2215296745799478e+00,
       1.1220028949430807e+00, 1.4045203569888838e+00,
       1.8119809694921505e+00, 2.4402528895685557e-01,
       6.7954658763213138e-01, 5.9801596884688246e-01,
       3.6731794541817200e+00, 1.0847718427874349e+00,
       4.3505753213144098e+00, 1.0676472919556659e+00,
       1.6716803134593516e+00, 2.9220912100524994e+00,
       2.2007416325979623e+00, 9.5814978642243953e-01,
       1.8554340468982293e+00, 3.3031511741798467e+00,
       1.1357304499971033e+00, 4.3404718569348857e+00,
       1.5610802234740080e+00, 1.5370027963284525e+00,
       2.3302085244835573e+00, 1.0047812739548134e+00,
       1.2399989124992878e+00, 1.4212381688190350e+00,
       2.3103457504198497e+00, 1.4408923677893406e+00,
       3.8065134483938632e+00, 1.3103700441086472e+00,
       1.6998425124451193e+00 ]
intactSigma:
   - !!opencv-matrix
      rows: 9
      cols: 9
      dt: d
      data: [ 1.2320995551291178e-01, 1.3333730486394359e-02,
          5.9199347512068198e-03, -6.3671201279974481e-03,
          9.7595455010961053e-03, 5.4518577732206898e-03,
          -2.8832029600698340e-03, -3.6492810020224839e-04,
          -2.0362510356042819e-03, 1.3333730486394357e-02,
          1.5458037660813226e-02, 6.0920989592061136e-03,
          -3.1200382781883728e-03, 6.1356110174638255e-03,
          2.9885290614442167e-03, -3.0641788537565172e-03,
          2.6678450977396357e-03, 1.0836541423578573e-02,
          5.9199347512068181e-03, 6.0920989592061136e-03,
          2.2698548866924732e-02, -5.2746641107042245e-03,
          4.9638840730456017e-03, 2.4621059662467359e-03,
          -3.0703978458063918e-03, 2.1136539841729507e-03,
          -3.6790307390611229e-03, -6.3671201279974481e-03,
          -3.1200382781883733e-03, -5.2746641107042263e-03,
          7.4315408096213537e-02, -2.7002685850866718e-03,
          -5.3274419640899967e-03, 6.2729897069815487e-04,
          -8.4790579675877238e-04, -4.9421688304892427e-03,
          9.7595455010961018e-03, 6.1356110174638255e-03,
          4.9638840730456000e-03, -2.7002685850866718e-03,
          1.6877930421805430e-02, -1.7348514717108574e-03,
          -4.6822058147105231e-03, 6.3881034372694463e-05,
          -1.2477969568297102e-02, 5.4518577732206889e-03,
          2.9885290614442171e-03, 2.4621059662467363e-03,
          -5.3274419640899967e-03, -1.7348514717108578e-03,
          1.7983173615057013e-01, 3.3096071765217097e-04,
          4.4392063703587292e-03, 1.9112842102415459e-02,
          -2.8832029600698345e-03, -3.0641788537565172e-03,
          -3.0703978458063914e-03, 6.2729897069815465e-04,
          -4.6822058147105231e-03, 3.3096071765217108e-04,
          7.0290064938603918e-03, -3.3612888338591316e-05,
          -8.3900484322602283e-03, -3.6492810020224888e-04,
          2.6678450977396357e-03, 2.1136539841729502e-03,
          -8.4790579675877227e-04, 6.3881034372694571e-05,
          4.4392063703587257e-03, -3.3612888338591329e-05,
          2.8857267601631948e-02, -7.0546409595441274e-03,
          -2.0362510356042827e-03, 1.0836541423578575e-02,
          -3.6790307390611250e-03, -4.9421688304892419e-03,
          -1.2477969568297095e-02, 1.9112842102415456e-02,
          -8.3900484322602283e-03, -7.0546409595441300e-03,
          3.1077634815873628e-01 ]
   - !!opencv-matrix
      rows: 9
      cols: 9
      dt: d
      data: [ 2.7571386182659613e-01, 4.8084444073942627e-02,
          2.7122583640243805e-02, 4.9305718258266906e-02,
          5.5379243459453685e-02, 7.1637487556198568e-03,
          7.5892839759233504e-03, 1.7018650481830967e-02,
          6.5055519510372846e-03, 4.8084444073942627e-02,
          3.0427815726043493e-02, 1.5680070460668001e-02,
          2.4406631349920424e-02, 3.1311437553076756e-02,
          3.4395744860913299e-03, 6.2910881225385551e-03,
          9.0626119761085585e-03, 3.9564980301788214e-03,
          2.7122583640243808e-02, 1.5680070460668001e-02,
          3.9970852127462611e-02, 1.2224555071671458e-02,
          1.5784680139017789e-02, 1.7055081179134133e-03,
          -1.4107045039227252e-02, 5.7231480273885775e-03,
          3.2592754707809214e-04, 4.9305718258266906e-02,
          2.4406631349920424e-02, 1.2224555071671460e-02,
          1.3019413334624774e-01, 4.4345275707503629e-02,
          -5.0612258460932614e-04, 1.1497224556508616e-03,
          8.4766853114182222e-03, 8.5221890438305897e-03,
          5.5379243459453685e-02, 3.1311437553076756e-02,
          1.5784680139017789e-02, 4.4345275707503615e-02,
          1.5924879630156705e-01, 3.8584903759940190e-04,
          8.0603186173648922e-03, 9.0265748710369152e-03,
          1.3112995813799672e-02, 7.1637487556198533e-03,
          3.4395744860913299e-03, 1.7055081179134135e-03,
          -5.0612258460932624e-04, 3.8584903759940201e-04,
          2.4174738805045847e-02, 3.0531486967994378e-04,
          1.1661464369574629e-03, 4.8249030746439744e-04,
          7.5892839759233539e-03, 6.2910881225385551e-03,
          -1.4107045039227252e-02, 1.1497224556508616e-03,
          8.0603186173648939e-03, 3.0531486967994400e-04,
          2.6365187596541294e-02, 7.7145726189520867e-04,
          3.0400880304698378e-03, 1.7018650481830967e-02,
          9.0626119761085585e-03, 5.7231480273885775e-03,
          8.4766853114182222e-03, 9.0265748710369152e-03,
          1.1661464369574625e-03, 7.7145726189520845e-04,
          9.8504348592761796e-03, -3.7202492386465940e-04,
          6.5055519510372828e-03, 3.9564980301788214e-03,
          3.2592754707809230e-04, 8.5221890438305914e-03,
          1.3112995813799672e-02, 4.8249030746439766e-04,
          3.0400880304698374e-03, -3.7202492386465919e-04,
          8.3563999258506605e-03 ]
   - !!opencv-matrix
      rows: 9
      cols: 9
      dt: d
      data: [ 9.8921895477380034e-02, 7.4827328036547024e-03,
          1.1193508864936540e-02, 8.1905800862262582e-03,
          8.3788590267370421e-03, 5.2298483700454817e-03,
          -9.8661061308126120e-03, -2.6762204808886912e-04,
          -1.3107104585535547e-02, 7.4827328036547024e-03,
          4.4442944604115185e-03, 4.3775085465765935e-03,
          3.0799678368734424e-03, 2.9068389245328285e-03,
          5.8064990185314786e-04, -2.2285302559040586e-03,
          9.0286900350145742e-04, -4.9671200978339009e-03,
          1.1193508864936540e-02, 4.3775085465765935e-03,
          2.3474266701114545e-02, 2.4019935398653918e-03,
          2.5032883396981587e-03, 1.9811684843643775e-04,
          -7.9315229737191902e-03, 1.0488019678127740e-03,
          -8.6688416342232451e-03, 8.1905800862262582e-03,
          3.0799678368734415e-03, 2.4019935398653918e-03,
          3.8150756234566242e-02, 1.6190220644886637e-03,
          -4.9985893259058018e-03, -4.9391086215617936e-03,
          6.5601240644090511e-04, -4.8277272675302596e-03,
          8.3788590267370421e-03, 2.9068389245328285e-03,
          2.5032883396981591e-03, 1.6190220644886639e-03,
          6.7501413366245549e-03, -2.3011515941326728e-04,
          -1.4078275977195132e-03, -3.1790178401787496e-05,
