%YAML:1.0
---
groups:
   - intact
   - CD19
   - blast
intactGmmnames:
   - "intact.515.0"
   - "intact.515.1"
   - "intact.515.2"
   - "intact.515.3"
   - "intact.515.4"
intactLabels:
   - FSC-A
   - SSC-A
   - CD20
   - CD10
   - CD45
   - CD34
   - SYTO41
   - CD19
   - CD38
intactMu: !!opencv-matrix
   rows: 5
   cols: 9
   dt: d
   data: [ 1.0052321368053889e+00, 2.8449841173605100e-01,
       8.3443242910303728e-01, 1.6033070685676836e+00,
       1.5042848643672833e+00, 1.0166664899885320e+00,
       3.9459682311525119e+00, 1.1270465503117710e+00,
       1.5023891034110211e+00, 2.6147129391650310e+00,
       3.0968936049760205e+00, 1.2057097730924573e+00,
       2.6122192066164449e+00, 2.9508366699459483e+00,
       1.1880034136391946e+00, 3.5974627924660152e+00,
       1.6631280217049003e+00, 1.4692216056429297e+00,
       1.4413929132912733e+00, 2.1870093467306181e-01,
       8.9130126932532161e-01, 8.3562309268173962e-01,
       3.4882500921433572e+00, 1.0179437635174504e+00,
       3.7944048667660857e+00, 1.1295699375661650e+00,
       1.5999628601402238e+00, 2.1298555011727061e+00,
       9.8233685356138922e-01, 1.2195356447408547e+00,
       1.5316971122095464e+00, 3.2247283871698733e+00,
       1.2580849074217704e+00, 3.8485926727762880e+00,
       1.3676676945030781e+00, 2.1312312929686854e+00,
       2.6726155576073936e+00, 2.2155161042904759e+00,
       1.1963030371655263e+00, 1.8261275310211467e+00,
       2.3819146651851195e+00, 1.1275183594026026e+00,
       3.6254800930393949e+00, 1.5025045217260415e+00,
       1.4988228777344683e+00 ]
intactSigma:
   - !!opencv-matrix
      rows: 9
      cols: 9
      dt: d
      data: [ 9.7487855113109589e-02, 2.0896220736425410e-02,
          1.7979703701014274e-02, 4.4988378621941348e-02,
          3.2952884207644521e-02, 3.5084404990929252e-03,
          6.7051775236587506e-03, 4.9494553949859530e-03,
          1.4001999576043892e-02, 2.0896220736425410e-02,
          1.3117220665360491e-02, 8.0992902097760441e-03,
          2.1814488764085222e-02, 1.7122554337872679e-02,
          2.8624325746713941e-03, 5.8977976086243616e-03,
          3.8139380612761467e-03, 8.2471795203615493e-03,
          1.7979703701014274e-02, 8.0992902097760458e-03,
          5.1879280255357728e-02, 3.2352738735842212e-02,
          1.4377711146707347e-02, 3.3707193812334050e-03,
          -2.8996907757348332e-02, 1.4879434178990526e-03,
          8.2087230274840491e-03, 4.4988378621941348e-02,
          2.1814488764085226e-02, 3.2352738735842212e-02,
          2.9174326025139047e-01, 7.4146285564418782e-02,
          8.3967728565306193e-03, -4.5881483372273513e-03,
          7.3908053771532482e-03, 4.6808578831037520e-02,
          3.2952884207644507e-02, 1.7122554337872679e-02,
          1.4377711146707347e-02, 7.4146285564418782e-02,
          9.2271316109976298e-02, 6.0010364810876640e-03,
          7.2056184603800956e-03, 4.8732400434554407e-03,
          3.1716146930609930e-02, 3.5084404990929252e-03,
          2.8624325746713941e-03, 3.3707193812334050e-03,
          8.3967728565306175e-03, 6.0010364810876658e-03,
          4.0247028935796889e-02, 3.0729344576148907e-04,
          2.0495884395760446e-03, 2.8123046832492916e-03,
          6.7051775236587523e-03, 5.8977976086243616e-03,
          -2.8996907757348332e-02, -4.5881483372273504e-03,
          7.2056184603800930e-03, 3.0729344576148912e-04,
          6.9527201779551934e-02, 2.6016094724895210e-03,
          1.9579933295874037e-03, 4.9494553949859538e-03,
          3.8139380612761467e-03, 1.4879434178990526e-03,
          7.3908053771532482e-03, 4.8732400434554407e-03,
          2.0495884395760446e-03, 2.6016094724895201e-03,
          6.7921329874357297e-03, 1.5559840250009426e-03,
          1.4001999576043892e-02, 8.2471795203615493e-03,
          8.2087230274840491e-03, 4.6808578831037527e-02,
          3.1716146930609930e-02, 2.8123046832492903e-03,
          1.9579933295874037e-03, 1.5559840250009421e-03,
          3.0975731428257106e-02 ]
   - !!opencv-matrix
      rows: 9
      cols: 9
      dt: d
      data: [ 3.2453589496636365e-01, 1.9950424083482277e-01,
          1.9111101052586954e-02, -4.5485659476422226e-03,
          -9.8290909212444370e-03, 1.0109338616934809e-02,
          3.1993989118832291e-03, 2.3043197845928561e-02,
          7.3856311363977708e-04, 1.9950424083482277e-01,
          4.4522459674772863e-01, 3.7423593829848570e-02,
          2.9778235858710523e-02, 2.9722067477165631e-04,
          2.6855038636802685e-02, 1.5560975976494449e-03,
          5.9714073533213702e-02, 1.8511587352977830e-03,
          1.9111101052586954e-02, 3.7423593829848563e-02,
          3.8135167853023122e-02, 9.6325243449870319e-03,
          1.3255710499472832e-02, 5.1243373863495605e-03,
          -1.8716643216337469e-03, 6.1902293700143727e-03,
          -4.1517530111487538e-04, -4.5485659476422200e-03,
          2.9778235858710523e-02, 9.6325243449870319e-03,
          7.7773094272716420e-02, 3.6398686977562211e-02,
          2.9971768015179708e-03, 6.5653406725660725e-07,
          5.2583387807409211e-03, -1.3196648770960663e-03,
          -9.8290909212444422e-03, 2.9722067477165663e-04,
          1.3255710499472830e-02, 3.6398686977562204e-02,
          5.6579640713971500e-02, -2.0375326145578815e-03,
          -2.2554677054238879e-03, 1.1989911437604681e-03,
          -5.5835315196826815e-03, 1.0109338616934803e-02,
          2.6855038636802692e-02, 5.1243373863495579e-03,
          2.9971768015179690e-03, -2.0375326145578810e-03,
          1.0615742282887598e-01, 2.2463614315334614e-03,
          5.2182097722297659e-03, 4.6681318992713812e-03,
          3.1993989118832299e-03, 1.5560975976494449e-03,
          -1.8716643216337473e-03, 6.5653406725634330e-07,
          -2.2554677054238874e-03, 2.2463614315334614e-03,
          1.0931272992889755e-02, -6.2159034572235698e-04,
          6.1849650801190095e-04, 2.3043197845928561e-02,
          5.9714073533213702e-02, 6.1902293700143727e-03,
          5.2583387807409211e-03, 1.1989911437604685e-03,
          5.2182097722297677e-03, -6.2159034572235687e-04,
          2.3475025507948822e-02, -4.4920438871369865e-03,
          7.3856311363977665e-04, 1.8511587352977839e-03,
          -4.1517530111487527e-04, -1.3196648770960658e-03,
          -5.5835315196826815e-03, 4.6681318992713812e-03,
          6.1849650801190073e-04, -4.4920438871369848e-03,
          3.1941998194845174e-02 ]
   - !!opencv-matrix
      rows: 9
      cols: 9
      dt: d
      data: [ 1.3117491891971900e-01, 1.5984753238704165e-02,
          2.0562273460900497e-02, 1.4230220231343592e-02,
          1.7916969994214178e-02, 2.5279375451830563e-03,
          -1.2431231851725151e-02, 1.0052656610944890e-03,
          -9.5434731789469963e-04, 1.5984753238704165e-02,
          7.2448652688412007e-03, 6.3295177410357941e-03,
          6.7989098125587275e-03, 5.4192820559452268e-03,
          5.7921451300012284e-04, -1.9496834135049399e-03,
          1.6778864366281750e-03, -1.1069412870701621e-03,
          2.0562273460900497e-02, 6.3295177410357941e-03,
          3.2080352400473133e-02, 2.4955081967221429e-03,
          5.8431774866666824e-03, -1.5780287307557087e-03,
          -4.1318007488121231e-03, 2.0405704531796091e-03,
          -2.9120073852304156e-03, 1.4230220231343588e-02,
          6.7989098125587275e-03, 2.4955081967221425e-03,
          6.3596034118199515e-02, 5.2658777942241946e-03,
          -2.9312184781605738e-03, -2.7986755112594840e-03,
          1.5696187988091942e-03, -5.4613564080764078e-04,
          1.7916969994214174e-02, 5.4192820559452277e-03,
          5.8431774866666824e-03, 5.2658777942241946e-03,
          1.0892722297862621e-02, 6.2193963356397576e-05,
          -3.5240218648493163e-03, 1.2329768786399017e-03,
