%YAML:1.0
---
groups:
   - intact
   - CD19
   - blast
intactGmmnames:
   - "intact.531.0"
   - "intact.531.1"
   - "intact.531.2"
   - "intact.531.3"
   - "intact.531.4"
intactLabels:
   - FSC-A
   - SSC-A
   - CD20
   - CD10
   - CD45
   - CD34
   - SYTO41
   - CD19
   - CD38
intactMu: !!opencv-matrix
   rows: 5
   cols: 9
   dt: d
   data: [ 1.3229410980149725e+00, 2.4305657871443547e+00,
       9.4840253107251316e-01, 2.2357684450431816e+00,
       2.6660667349540921e+00, 1.1561037639043150e+00,
       4.0375235477480480e+00, 1.6499414430919048e+00,
       1.6628555919832575e+00, 4.9091779830176080e-01,
       2.8061362557060782e-01, 7.8520865307060517e-01,
       7.0058558437321850e-01, 3.5279798382097964e+00,
       1.0325254823128616e+00, 4.0158383508740201e+00,
       9.9306288775389340e-01, 1.8263935462847076e+00,
       7.0489668120226268e-01, 5.3243940842440407e-01,
       1.0898109651727108e+00, 9.2278403295595945e-01,
       1.3719961559195024e+00, 1.0473583901372430e+00,
       3.6900511719706812e+00, 1.0385164736332226e+00,
       1.6500019363913980e+00, 7.4679712405291410e-01,
       3.9521538506052117e-01, 9.5517279855893389e-01,
       8.3765174329677650e-01, 3.5837236779068666e+00,
       1.0513228901355627e+00, 3.7689248418313848e+00,
       1.0588482853475598e+00, 2.1005165528019649e+00,
       1.3000271814962350e+00, 1.4420994626249362e+00,
       1.4177289069581027e+00, 1.2564648169114629e+00,
       2.6735412725540870e+00, 1.6985061730111157e+00,
       3.7989958455950661e+00, 1.4223827550980510e+00,
       2.0127863710667753e+00 ]
intactSigma:
   - !!opencv-matrix
      rows: 9
      cols: 9
      dt: d
      data: [ 2.9986925158890881e-01, 1.2222426042316398e-01,
          3.7446472820150942e-02, 1.0120390964997207e-02,
          1.9363062569491059e-02, 7.9469885972190523e-03,
          -1.0383341401793976e-02, 2.6879818872928663e-02,
          5.5501629637996945e-03, 1.2222426042316398e-01,
          2.9082763507385456e-01, 5.7566019571265101e-02,
          4.0006777327727741e-02, 2.5023883938691618e-02,
          1.7226175540311611e-02, -3.7173784478497077e-02,
          6.4335058486026164e-02, 2.4639609690315346e-03,
          3.7446472820150942e-02, 5.7566019571265101e-02,
          5.4591055148262374e-02, 1.4908153818427443e-02,
          1.3925243544502015e-02, 4.3035288217930382e-03,
          -2.6781549524637124e-02, 1.3107231512740404e-02,
          2.5506792498934459e-03, 1.0120390964997207e-02,
          4.0006777327727741e-02, 1.4908153818427443e-02,
          1.8967363762148542e-01, 7.1419037683732201e-02,
          6.2293494277396808e-03, -3.1278678528632038e-02,
          6.4181344001537390e-03, 2.5407374758143410e-03,
          1.9363062569491059e-02, 2.5023883938691607e-02,
          1.3925243544502015e-02, 7.1419037683732201e-02,
          7.7083745400401624e-02, -1.1512968256650266e-03,
          -3.3226557288669606e-02, 4.2496857057935777e-03,
          5.6981237942228466e-03, 7.9469885972190523e-03,
          1.7226175540311611e-02, 4.3035288217930382e-03,
          6.2293494277396826e-03, -1.1512968256650277e-03,
          7.8859081057882863e-02, 5.2631864268731093e-03,
          3.7915196393675291e-03, -1.1590868449674616e-05,
          -1.0383341401793969e-02, -3.7173784478497077e-02,
          -2.6781549524637124e-02, -3.1278678528632031e-02,
          -3.3226557288669606e-02, 5.2631864268731111e-03,
          6.6658057670199292e-02, -7.4426646569725318e-03,
          -3.5390212590491895e-03, 2.6879818872928663e-02,
          6.4335058486026164e-02, 1.3107231512740404e-02,
          6.4181344001537407e-03, 4.2496857057935777e-03,
          3.7915196393675291e-03, -7.4426646569725318e-03,
          3.7422780670491838e-02, -1.5442498989383380e-03,
          5.5501629637996928e-03, 2.4639609690315341e-03,
          2.5506792498934464e-03, 2.5407374758143410e-03,
          5.6981237942228466e-03, -1.1590868449674867e-05,
          -3.5390212590491891e-03, -1.5442498989383380e-03,
          4.9201922156532976e-03 ]
   - !!opencv-matrix
      rows: 9
      cols: 9
      dt: d
      data: [ 3.0498976496843924e-02, 3.5684807974135191e-03,
          1.2139220537754717e-02, 3.2343789681937205e-03,
          8.5664431473997556e-03, 1.2254033910612859e-03,
          -1.2736800617021593e-02, 1.7517868887747319e-03,
          7.5209640800695142e-04, 3.5684807974135191e-03,
          6.7307785926453414e-03, 6.3435530274681068e-03,
          2.9546035514999730e-03, 4.3966982448534250e-03,
          7.3479460668217313e-04, 3.1373656533370764e-04,
          3.7099126344967612e-03, -2.0650969755091554e-03,
          1.2139220537754717e-02, 6.3435530274681068e-03,
          4.4703710385713157e-02, 2.6801446418015869e-03,
          9.6702853361631848e-03, 2.8232214525882856e-04,
          -8.1039435193632110e-03, 3.5548988997805503e-03,
          -3.3812151870951860e-03, 3.2343789681937205e-03,
          2.9546035514999730e-03, 2.6801446418015869e-03,
          4.1287942534430008e-02, 3.5672242835523282e-03,
          -2.5600238723786990e-03, -2.2981254492210339e-03,
          3.3677412347851324e-03, -2.1524076218300040e-03,
          8.5664431473997556e-03, 4.3966982448534258e-03,
          9.6702853361631830e-03, 3.5672242835523278e-03,
          1.4544962902159958e-02, -1.6358573848274402e-03,
          -5.5057361438065064e-03, 3.7309942975184752e-03,
          4.9043351480568807e-04, 1.2254033910612859e-03,
          7.3479460668217313e-04, 2.8232214525882867e-04,
          -2.5600238723787003e-03, -1.6358573848274398e-03,
          1.2020801474935168e-01, 4.7931389138971121e-04,
          2.7532859045236724e-03, -1.4021495847039002e-03,
          -1.2736800617021593e-02, 3.1373656533370797e-04,
          -8.1039435193632110e-03, -2.2981254492210343e-03,
          -5.5057361438065073e-03, 4.7931389138971105e-04,
          1.2495974830171092e-02, -2.4650682448089904e-04,
          -2.6246914574299782e-03, 1.7517868887747319e-03,
          3.7099126344967612e-03, 3.5548988997805516e-03,
          3.3677412347851328e-03, 3.7309942975184752e-03,
          2.7532859045236728e-03, -2.4650682448089910e-04,
          6.7709492715865002e-02, -3.8124604744408912e-03,
          7.5209640800695163e-04, -2.0650969755091554e-03,
          -3.3812151870951860e-03, -2.1524076218300040e-03,
          4.9043351480568763e-04, -1.4021495847038998e-03,
          -2.6246914574299782e-03, -3.8124604744408912e-03,
          2.3548853625819800e-02 ]
   - !!opencv-matrix
      rows: 9
      cols: 9
      dt: d
      data: [ 9.0415157337639607e-02, 4.1934151240367090e-02,
          2.1282782199318527e-02, 1.4910115730787925e-02,
          5.0982379282640274e-02, 6.9076258595707892e-03,
          1.5787366918027918e-02, 2.0940911518030899e-02,
          7.2180310964597792e-03, 4.1934151240367090e-02,
          4.7901181150092939e-02, 2.9877275705350929e-02,
          1.7697564116323668e-02, 3.8242231843189957e-02,
          7.3770266835352372e-03, 9.1061039289949963e-03,
          2.1695452528937891e-02, 4.9152178540875068e-03,
          2.1282782199318520e-02, 2.9877275705350929e-02,
          8.0582997323085798e-02, 2.8577163266532854e-02,
          2.3584688344315482e-02, 2.3278395589280613e-03,
          -4.2762753150514504e-02, 1.5189485950176882e-02,
          1.9693474482120458e-03, 1.4910115730787925e-02,
          1.7697564116323668e-02, 2.8577163266532854e-02,
          6.0922881720267302e-02, 1.7758498560316808e-02,
          1.7614456810960858e-04, -2.5087597770099675e-02,
          9.2404133289938940e-03, 2.0009853888186373e-03,
          5.0982379282640267e-02, 3.8242231843189957e-02,
          2.3584688344315478e-02, 1.7758498560316804e-02,
          1.3926316947565809e-01, 6.2592242225325521e-03,
          1.1796777834134818e-02, 2.0121973872712768e-02,
