%YAML:1.0
---
groups:
   - intact
   - CD19
   - blast
intactGmmnames:
   - "intact.534.0"
   - "intact.534.1"
   - "intact.534.2"
   - "intact.534.3"
   - "intact.534.4"
intactLabels:
   - FSC-A
   - SSC-A
   - CD20
   - CD10
   - CD45
   - CD34
   - SYTO41
   - CD19
   - CD38
intactMu: !!opencv-matrix
   rows: 5
   cols: 9
   dt: d
   data: [ 9.5051260143805005e-01, 2.5990233546142766e-01,
       8.7421226585620027e-01, 1.0837965794076614e+00,
       1.3507503272037316e+00, 9.8934253739476496e-01,
       3.6634386238069312e+00, 1.0555937135194799e+00,
       1.6697516129560530e+00, 1.3948679887042252e+00,
       2.2391498993587153e+00, 1.2206621346926385e+00,
       2.1448219272596298e+00, 2.4532950849997914e+00,
       1.1685649521185666e+00, 3.6179302307379162e+00,
       1.5663492002427759e+00, 1.7240327296075428e+00,
       1.1697032023409542e+00, 3.2928470279102434e-01,
       9.7849035142436025e-01, 8.2659429803227902e-01,
       3.7176970014222812e+00, 1.0594286201765251e+00,
       3.5776883719578416e+00, 1.1918611856467505e+00,
       2.0312684474322884e+00, 1.8483446274367232e+00,
       1.6807840047992986e+00, 1.4862637610291594e+00,
       1.5497525431198544e+00, 3.5529277102138792e+00,
       1.4221822246818303e+00, 3.6085048092328771e+00,
       1.6155911142984509e+00, 2.2873804813174003e+00,
       2.0267294222468459e+00, 3.2977673517583370e+00,
       1.3911256279459034e+00, 3.0132188811203462e+00,
       3.4322481378859551e+00, 1.2499071117256899e+00,
       3.5046449572254690e+00, 1.8020958069280550e+00,
       1.9129795851738625e+00 ]
intactSigma:
   - !!opencv-matrix
      rows: 9
      cols: 9
      dt: d
      data: [ 1.0889634747339766e-01, 2.3565833739396629e-02,
          2.5393408353100066e-02, 3.2716526591849947e-02,
          3.2833930696958689e-02, 9.3392631777787906e-04,
          1.2047707986887301e-02, 5.7007598462858857e-03,
          2.4796709674705995e-03, 2.3565833739396629e-02,
          1.6938312117637473e-02, 1.4723247400088669e-02,
          1.4941311262166851e-02, 1.4419253516816020e-02,
          1.1097163292855085e-03, 2.8398229848648655e-03,
          3.5366453453102129e-03, 1.1627585947722244e-03,
          2.5393408353100066e-02, 1.4723247400088669e-02,
          6.0754352934293342e-02, 1.8035880183860074e-02,
          2.1744072110562254e-02, 6.1751946024740992e-04,
          -1.3290891045109735e-02, 2.2622145013198912e-03,
          1.0540879134459096e-03, 3.2716526591849940e-02,
          1.4941311262166851e-02, 1.8035880183860074e-02,
          1.5943101928121495e-01, 4.0869637837793210e-02,
          1.6249204718416480e-03, -2.4805727620621576e-03,
          3.8978540171828017e-03, 3.0766170023805747e-03,
          3.2833930696958696e-02, 1.4419253516816019e-02,
          2.1744072110562254e-02, 4.0869637837793217e-02,
          1.7643680398524944e-01, -1.1036295101150839e-03,
          1.1241385030607775e-03, 3.9063069645102607e-03,
          5.2165834555065399e-03, 9.3392631777787873e-04,
          1.1097163292855081e-03, 6.1751946024741025e-04,
          1.6249204718416486e-03, -1.1036295101150837e-03,
          1.7270935879083536e-02, -6.9888296527178726e-04,
          1.9039810469026445e-04, 6.4807580892789211e-05,
          1.2047707986887301e-02, 2.8398229848648651e-03,
          -1.3290891045109735e-02, -2.4805727620621568e-03,
          1.1241385030607773e-03, -6.9888296527178661e-04,
          5.4229152137851663e-02, 1.2849261352423161e-03,
          7.6186690033153614e-04, 5.7007598462858857e-03,
          3.5366453453102124e-03, 2.2622145013198912e-03,
          3.8978540171828026e-03, 3.9063069645102607e-03,
          1.9039810469026453e-04, 1.2849261352423161e-03,
          9.3082350235587901e-03, -2.6070428901266813e-04,
          2.4796709674705991e-03, 1.1627585947722246e-03,
          1.0540879134459096e-03, 3.0766170023805747e-03,
          5.2165834555065399e-03, 6.4807580892789238e-05,
          7.6186690033153604e-04, -2.6070428901266829e-04,
          1.7463331303734905e-03 ]
   - !!opencv-matrix
      rows: 9
      cols: 9
      dt: d
      data: [ 4.4876996581198114e-01, 1.0355191912960304e-01,
          3.0241810646631787e-02, -9.5528744464619415e-03,
          7.1162991591920636e-03, 9.3650346702159309e-03,
          2.9548476034684527e-02, 2.2038686388827368e-02,
          7.0738884414406355e-04, 1.0355191912960308e-01,
          9.8810738821761035e-01, 1.1425340803788293e-01,
          3.7923286017195057e-01, 3.6255302507477882e-01,
          4.9873359555151132e-02, -3.0787129194795283e-04,
          1.8470457626181860e-01, 6.5117583817587881e-03,
          3.0241810646631784e-02, 1.1425340803788291e-01,
          8.5809624995058204e-02, 6.1069443629316163e-02,
          5.2851523994885505e-02, 1.3303053992598056e-02,
          -2.2948303758428691e-02, 2.1644289296936379e-02,
          -9.2043406850264250e-04, -9.5528744464619380e-03,
          3.7923286017195057e-01, 6.1069443629316170e-02,
          4.0920800893498332e-01, 3.5883004771043620e-01,
          2.6943443314924886e-02, 3.1727341449730041e-03,
          7.8342307319899648e-02, 1.8388142997183457e-02,
          7.1162991591920636e-03, 3.6255302507477888e-01,
          5.2851523994885505e-02, 3.5883004771043620e-01,
          4.2650363522911172e-01, 2.8606363491629080e-02,
          2.0542743785685522e-02, 7.9311795763058954e-02,
          2.4634665437225041e-02, 9.3650346702159309e-03,
          4.9873359555151132e-02, 1.3303053992598056e-02,
          2.6943443314924882e-02, 2.8606363491629073e-02,
          7.7516993930524830e-02, 1.0891633488505068e-02,
          1.3963945528700021e-02, 1.3455377613431209e-03,
          2.9548476034684537e-02, -3.0787129194795375e-04,
          -2.2948303758428691e-02, 3.1727341449730041e-03,
          2.0542743785685522e-02, 1.0891633488505068e-02,
          1.2677273459351962e-01, 2.7173241082760458e-03,
          3.4752537666279865e-03, 2.2038686388827368e-02,
          1.8470457626181860e-01, 2.1644289296936379e-02,
          7.8342307319899648e-02, 7.9311795763058954e-02,
          1.3963945528700021e-02, 2.7173241082760436e-03,
          6.1612155434342557e-02, -4.8487112128693438e-04,
          7.0738884414406377e-04, 6.5117583817587881e-03,
          -9.2043406850264293e-04, 1.8388142997183457e-02,
          2.4634665437225041e-02, 1.3455377613431209e-03,
          3.4752537666279857e-03, -4.8487112128693411e-04,
          8.9489181219379599e-03 ]
   - !!opencv-matrix
      rows: 9
      cols: 9
      dt: d
      data: [ 1.8428509233869608e-01, 4.9312115432745871e-02,
          2.9989360514949298e-02, 1.2465036491663722e-02,
          3.9758521832770545e-02, 7.0646960719147152e-03,
          -2.8034365647122830e-02, 1.8548929858176407e-02,
          6.0991393762834807e-02, 4.9312115432745871e-02,
          4.0489361337162917e-02, 1.8712262628394986e-02,
          1.1766620292849089e-02, 2.0163664281264752e-02,
          7.2140075468954800e-03, -1.1203924487972642e-02,
          1.1270701309004023e-02, 4.9483849588381583e-02,
          2.9989360514949302e-02, 1.8712262628394986e-02,
          5.4444889173616430e-02, 4.8706990773158482e-03,
          9.8390304118615469e-03, -1.3924540202264631e-03,
          -6.5472701538402799e-03, 2.4563783924056045e-03,
          5.7327230354598246e-03, 1.2465036491663728e-02,
          1.1766620292849089e-02, 4.8706990773158465e-03,
          6.1986992973282376e-02, 5.9976454803078198e-03,
          -2.3390843106953813e-03, -2.7821997772827030e-03,
          4.1267563774720455e-03, 4.6782903423622122e-03,
          3.9758521832770538e-02, 2.0163664281264752e-02,
          9.8390304118615452e-03, 5.9976454803078172e-03,
          2.3445779819644706e-02, 4.2895752060266405e-03,
          -7.8824667384532598e-03, 9.2769685739740610e-03,
