%YAML:1.0
---
groups:
   - intact
   - CD19
   - blast
intactGmmnames:
   - "intact.542.0"
   - "intact.542.1"
   - "intact.542.2"
   - "intact.542.3"
   - "intact.542.4"
intactLabels:
   - FSC-A
   - SSC-A
   - CD20
   - CD10
   - CD45
   - CD34
   - SYTO41
   - CD19
   - CD38
intactMu: !!opencv-matrix
   rows: 5
   cols: 9
   dt: d
   data: [ 1.4925955747217072e+00, 5.6613532730789606e-01,
       1.2336743073081740e+00, 1.1040478504306368e+00,
       3.8655658610402175e+00, 1.1233981698624247e+00,
       3.3236582275560318e+00, 1.2861556859709686e+00,
       2.0087689625671259e+00, 2.1420035581039127e+00,
       3.7204470336837763e+00, 1.5404910919897161e+00,
       2.8523766833627757e+00, 3.5579647063785989e+00,
       1.3612897919696347e+00, 3.2705152445503320e+00,
       1.9162570443626803e+00, 1.8778512958549323e+00,
       9.9196319194035276e-01, 4.3753515045956404e-01,
       1.0612653408872306e+00, 1.3433046615638391e+00,
       1.4541871497273888e+00, 1.0572230247687959e+00,
       3.3606127121262213e+00, 9.7620470410856663e-01,
       1.6856417646439086e+00, 1.3122806936150291e+00,
       3.0735167327899349e-01, 1.0612634548747548e+00,
       8.3811987687905198e-01, 3.6937308102108961e+00,
       1.0745600093695127e+00, 3.6237110376366526e+00,
       1.0799024984051671e+00, 1.9032985193162804e+00,
       1.8471967498125590e+00, 1.4598419599521466e+00,
       1.5217754815290914e+00, 1.8156072959949854e+00,
       2.5938970431256685e+00, 1.5588652297583205e+00,
       3.3274072737746385e+00, 1.4641312861631042e+00,
       1.8545580589000072e+00 ]
intactSigma:
   - !!opencv-matrix
      rows: 9
      cols: 9
      dt: d
      data: [ 1.0403375446624104e-01, 9.5743990528471025e-03,
          1.2235267810040137e-02, -5.9111356877174443e-03,
          1.2484115726812206e-02, 4.3413079340210731e-03,
          -7.9543817754300066e-03, 5.8119454558391657e-03,
          5.7208468256462839e-03, 9.5743990528471025e-03,
          3.6007287824502895e-02, 2.2947091488674121e-02,
          -4.3557431013113504e-03, 1.1824555411118581e-02,
          3.4318453598931120e-03, -1.9827665785752461e-02,
          1.5506347983287070e-02, 1.4812033325943512e-02,
          1.2235267810040137e-02, 2.2947091488674121e-02,
          7.6724599662282969e-02, 2.6045771539601240e-03,
          1.2314511344659634e-02, 1.1668738396230396e-03,
          -2.2030499747934824e-02, 1.0957037318872770e-02,
          -8.6815226995900999e-03, -5.9111356877174443e-03,
          -4.3557431013113504e-03, 2.6045771539601223e-03,
          1.5929296034222049e-01, -1.6898198779530835e-03,
          1.4715943899141122e-03, 1.0824918841734504e-02,
          6.4024166117036593e-03, -2.3531102425431289e-02,
          1.2484115726812206e-02, 1.1824555411118579e-02,
          1.2314511344659636e-02, -1.6898198779530837e-03,
          1.5690679376700666e-02, -9.6369852522663110e-04,
          -1.6681957159865961e-02, 9.5062435561276224e-03,
          -4.2147826973187315e-04, 4.3413079340210749e-03,
          3.4318453598931125e-03, 1.1668738396230398e-03,
          1.4715943899141117e-03, -9.6369852522663196e-04,
          1.8046343833841380e-01, -2.6327485129294529e-04,
          1.0757366229423906e-02, 1.9893133827410793e-02,
          -7.9543817754300066e-03, -1.9827665785752471e-02,
          -2.2030499747934827e-02, 1.0824918841734508e-02,
          -1.6681957159865958e-02, -2.6327485129294480e-04,
          9.6529710125587434e-02, -8.7360556963882296e-03,
          -9.6905903581325729e-03, 5.8119454558391657e-03,
          1.5506347983287068e-02, 1.0957037318872770e-02,
          6.4024166117036593e-03, 9.5062435561276207e-03,
          1.0757366229423910e-02, -8.7360556963882296e-03,
          1.1047412536734412e-01, -5.1045983627921463e-03,
          5.7208468256462865e-03, 1.4812033325943514e-02,
          -8.6815226995900999e-03, -2.3531102425431293e-02,
          -4.2147826973187267e-04, 1.9893133827410786e-02,
          -9.6905903581325729e-03, -5.1045983627921480e-03,
          1.4117703491797057e-01 ]
   - !!opencv-matrix
      rows: 9
      cols: 9
      dt: d
      data: [ 3.1589227808485437e-01, 4.4326050170274599e-02,
          1.3495220547583845e-02, -1.1830923417150241e-01,
          -2.0976982172776503e-02, 8.1791629162141606e-04,
          -5.0697755398239914e-03, 1.8333371062037421e-02,
          2.6976933548628606e-02, 4.4326050170274599e-02,
          2.5814776938031192e-01, 2.3025075072517959e-02,
          4.8876587305357544e-02, 1.3530822099234941e-02,
          1.4055947770048286e-02, -1.7612427365004252e-02,
          3.5496467722030751e-02, 3.4360900344902199e-03,
          1.3495220547583842e-02, 2.3025075072517959e-02,
          4.9749835447643116e-02, 1.5166739770063139e-02,
          1.0514844222559085e-02, 1.1572255612044327e-02,
          -1.0161635677211322e-02, 6.5240353911751687e-03,
          -7.7310630449357127e-04, -1.1830923417150239e-01,
          4.8876587305357544e-02, 1.5166739770063139e-02,
          2.8222732674225259e-01, 6.0742092168547847e-02,
          1.8295228238977810e-02, -3.3035660770035349e-02,
          1.0942925176185059e-02, -2.8870904125010199e-02,
          -2.0976982172776500e-02, 1.3530822099234943e-02,
          1.0514844222559086e-02, 6.0742092168547861e-02,
          3.2156004284656287e-02, 4.9221751755495107e-03,
          -1.5289229865670280e-02, 7.4697403359872292e-03,
          -7.4189649505862591e-03, 8.1791629162141942e-04,
          1.4055947770048290e-02, 1.1572255612044327e-02,
          1.8295228238977806e-02, 4.9221751755495124e-03,
          1.3582893718451011e-01, -3.8714222123632873e-03,
          7.6399585377934830e-03, -5.1329427481562259e-04,
          -5.0697755398239940e-03, -1.7612427365004252e-02,
          -1.0161635677211326e-02, -3.3035660770035342e-02,
          -1.5289229865670280e-02, -3.8714222123632865e-03,
          8.5675506563244672e-02, -4.0725362105554974e-03,
          2.9309492863554359e-03, 1.8333371062037421e-02,
          3.5496467722030745e-02, 6.5240353911751670e-03,
          1.0942925176185055e-02, 7.4697403359872292e-03,
          7.6399585377934830e-03, -4.0725362105554982e-03,
          2.6653337883557161e-02, -7.1338031932817090e-04,
          2.6976933548628606e-02, 3.4360900344902199e-03,
          -7.7310630449357127e-04, -2.8870904125010203e-02,
          -7.4189649505862591e-03, -5.1329427481562227e-04,
          2.9309492863554346e-03, -7.1338031932817090e-04,
          1.9465358308009911e-02 ]
   - !!opencv-matrix
      rows: 9
      cols: 9
      dt: d
      data: [ 9.1533773712574734e-02, 1.5066113094636893e-02,
          2.3316536553111812e-02, -1.1025632490503215e-02,
          3.3590535173027643e-03, 3.3189201708107356e-04,
          -3.2001662844496528e-02, 7.0773201607353640e-03,
          -3.1950258338515143e-04, 1.5066113094636893e-02,
          1.9408838078892814e-02, 1.8997935660330794e-02,
          1.4015781173004369e-02, 1.4615400473416624e-02,
          1.9679656660514622e-03, -2.9673004811229383e-03,
          9.3217320109880205e-03, 9.2586203323520219e-04,
          2.3316536553111809e-02, 1.8997935660330794e-02,
          8.0491494115554008e-02, 8.0854086034306480e-03,
          1.6014684911817744e-02, 1.7205679377248788e-03,
          -4.6784752750730588e-02, 9.6933260829380179e-03,
          6.9163946186310930e-05, -1.1025632490503215e-02,
          1.4015781173004369e-02, 8.0854086034306480e-03,
          2.2066288318581390e-01, 5.1980085022764390e-02,
          2.3658363265085251e-03, 5.6203804004609177e-02,
          1.4060007110126527e-02, 6.5998301102603600e-03,
          3.3590535173027634e-03, 1.4615400473416624e-02,
          1.6014684911817744e-02, 5.1980085022764390e-02,
          1.2471606818832830e-01, 4.3291425294274700e-03,
