%YAML:1.0
---
groups:
   - intact
   - CD19
   - blast
intactGmmnames:
   - "intact.546.0"
   - "intact.546.1"
   - "intact.546.2"
   - "intact.546.3"
   - "intact.546.4"
intactLabels:
   - FSC-A
   - SSC-A
   - CD20
   - CD10
   - CD45
   - CD34
   - SYTO41
   - CD19
   - CD38
intactMu: !!opencv-matrix
   rows: 5
   cols: 9
   dt: d
   data: [ 1.0848607479924939e+00, 2.7931114263056289e-01,
       8.1369602762631621e-01, 7.7390928173187945e-01,
       3.5002440992592696e+00, 1.2996103597820376e+00,
       3.6607065055648080e+00, 1.1363958265310343e+00,
       1.9597914280504269e+00, 1.2671107306367377e+00,
       5.0151559242720500e-01, 1.0803900554308157e+00,
       1.1965038510995625e+00, 1.4477376469514109e+00,
       1.0347563647021758e+00, 3.4540756630504799e+00,
       1.1944259521437339e+00, 1.7952838185598265e+00,
       2.4378237156405400e+00, 1.9856690168802156e+00,
       1.5180315406826372e+00, 1.7887774625242885e+00,
       3.1411955726840399e+00, 1.5126812103103859e+00,
       3.4911754665913572e+00, 2.0366566605434611e+00,
       1.9084023886039185e+00, 1.6694279246176571e+00,
       3.9842425548631216e-01, 9.4463063215366572e-01,
       8.4631662415296760e-01, 3.6025872478497583e+00,
       1.3657542816314139e+00, 3.4904470540879293e+00,
       1.2236002899497289e+00, 1.8966467621835412e+00,
       1.7273782230769750e+00, 6.4079315625804367e-01,
       9.4525838732097778e-01, 8.0932148000448834e-01,
       3.6391174023416109e+00, 1.4570811971895890e+00,
       3.3677567883417399e+00, 1.3021231726657003e+00,
       2.4428675462176925e+00 ]
intactSigma:
   - !!opencv-matrix
      rows: 9
      cols: 9
      dt: d
      data: [ 6.9118139934503026e-02, 4.6506336425988339e-03,
          1.2704677585950978e-02, 2.1428617629311261e-03,
          5.5266818586294474e-03, 1.4880075186682802e-03,
          -1.2841407235135579e-02, 1.2290911881879447e-04,
          2.7421652100203318e-03, 4.6506336425988348e-03,
          6.9180357948013891e-03, 6.9379169334763853e-03,
          3.9212219430189718e-03, 2.8007504890704541e-03,
          2.5615524030875294e-03, 1.0897055273060012e-03,
          3.6545812546274229e-03, -1.2356824010480677e-03,
          1.2704677585950978e-02, 6.9379169334763853e-03,
          4.9097855462625392e-02, 2.0851744078275829e-03,
          4.8967113539674506e-03, 2.2531100245112168e-03,
          -1.6026663885198367e-03, 4.4726685485815786e-03,
          -2.0378423897587932e-03, 2.1428617629311265e-03,
          3.9212219430189718e-03, 2.0851744078275833e-03,
          5.4884579418143051e-02, 2.2802646396660894e-03,
          -3.2286321506520034e-03, 1.7173700515172043e-03,
          3.5392212777515687e-03, -9.8864439542288248e-04,
          5.5266818586294474e-03, 2.8007504890704541e-03,
          4.8967113539674506e-03, 2.2802646396660894e-03,
          7.9333496386570675e-03, 6.5526382953397916e-04,
          7.1514934531467604e-04, 1.5001450212485383e-03,
          -5.9723926292980787e-04, 1.4880075186682808e-03,
          2.5615524030875294e-03, 2.2531100245112160e-03,
          -3.2286321506520021e-03, 6.5526382953397927e-04,
          1.4632352189629116e-01, 4.6916663883281258e-04,
          2.4062700124394868e-03, 1.7318876301883505e-04,
          -1.2841407235135579e-02, 1.0897055273060017e-03,
          -1.6026663885198363e-03, 1.7173700515172043e-03,
          7.1514934531467604e-04, 4.6916663883281296e-04,
          1.2247805959908258e-02, 1.5812527819485285e-03,
          -2.8315047039833090e-03, 1.2290911881879428e-04,
          3.6545812546274229e-03, 4.4726685485815777e-03,
          3.5392212777515700e-03, 1.5001450212485381e-03,
          2.4062700124394859e-03, 1.5812527819485285e-03,
          3.4956664055305162e-02, -2.0127458657760865e-03,
          2.7421652100203318e-03, -1.2356824010480677e-03,
          -2.0378423897587932e-03, -9.8864439542288248e-04,
          -5.9723926292980798e-04, 1.7318876301883546e-04,
          -2.8315047039833099e-03, -2.0127458657760865e-03,
          1.2860065251623552e-02 ]
   - !!opencv-matrix
      rows: 9
      cols: 9
      dt: d
      data: [ 2.2728228867758951e-01, 4.8891074695624009e-02,
          4.4401217193409837e-02, 3.5116733109461333e-02,
          3.4196041461307870e-02, 1.7771495806713229e-03,
          1.9172111223219941e-02, 2.9841255642201771e-02,
          2.2261679146254741e-03, 4.8891074695624009e-02,
          4.8612636134758185e-02, 3.0824917021443198e-02,
          2.8013427590680033e-02, 1.9479698560033360e-02,
          5.3602130612019436e-03, 1.5263010176125155e-02,
          2.5387108774936731e-02, 9.4062860600759219e-04,
          4.4401217193409837e-02, 3.0824917021443202e-02,
          8.2424151495611331e-02, 3.2110394767166879e-02,
          2.8555577811468932e-02, 6.1972659292458855e-03,
          -1.1551978700301828e-02, 1.7644956862096502e-02,
          3.9876514270339064e-04, 3.5116733109461340e-02,
          2.8013427590680033e-02, 3.2110394767166879e-02,
          1.4249117207643824e-01, 4.3350111724008412e-02,
          6.2382671996446216e-03, 1.9396080953750477e-02,
          2.0807305716367810e-02, 4.4239440200024311e-03,
          3.4196041461307870e-02, 1.9479698560033360e-02,
          2.8555577811468932e-02, 4.3350111724008399e-02,
          1.0512723190805019e-01, 3.4110311184522174e-03,
          1.2711219668753611e-02, 1.3392449183198540e-02,
          3.5905737307227853e-03, 1.7771495806713218e-03,
          5.3602130612019436e-03, 6.1972659292458846e-03,
          6.2382671996446190e-03, 3.4110311184522165e-03,
          4.2071081989084907e-02, 5.4759629417144400e-03,
          2.8975788040604654e-03, 3.3382563190478669e-04,
          1.9172111223219945e-02, 1.5263010176125151e-02,
          -1.1551978700301828e-02, 1.9396080953750471e-02,
          1.2711219668753614e-02, 5.4759629417144400e-03,
          8.8914139851458254e-02, 1.0140569541277360e-02,
          2.4028791548900141e-03, 2.9841255642201771e-02,
          2.5387108774936731e-02, 1.7644956862096502e-02,
          2.0807305716367814e-02, 1.3392449183198539e-02,
          2.8975788040604650e-03, 1.0140569541277360e-02,
          3.3318977375152457e-02, 3.1926506678615462e-04,
          2.2261679146254741e-03, 9.4062860600759197e-04,
          3.9876514270339081e-04, 4.4239440200024311e-03,
          3.5905737307227853e-03, 3.3382563190478669e-04,
          2.4028791548900137e-03, 3.1926506678615457e-04,
          1.2635879402967160e-03 ]
   - !!opencv-matrix
      rows: 9
      cols: 9
      dt: d
      data: [ 1.0115172158127266e+00, 5.6218323142974047e-01,
          4.8164547833823866e-02, 3.1207044464659439e-01,
          -5.8262090323336117e-02, 6.7008965702841816e-02,
          -4.4779044774116455e-02, 4.9259422809646590e-02,
          -2.0093979716057885e-02, 5.6218323142974047e-01,
          1.2055199969798538e+00, 8.2950161038473816e-02,
          2.6838569661824357e-01, 1.0531222478970929e-01,
          -5.6068017126913387e-02, -6.4364301803772936e-02,
          2.5484672702452349e-01, -5.0722770224686499e-02,
          4.8164547833823859e-02, 8.2950161038473816e-02,
          5.7915564404684494e-01, 1.3138955756006240e-01,
          3.0248138680954498e-02, 2.6815604467939291e-02,
          -5.1326346894809402e-02, 3.4144934092755735e-01,
          3.9173490681886115e-02, 3.1207044464659439e-01,
          2.6838569661824357e-01, 1.3138955756006240e-01,
          8.9360693566633165e-01, -1.5222399494685857e-01,
          6.8363237943741606e-02, -5.6286061996533368e-02,
          9.5520254611533184e-02, -2.2616059947544242e-02,
          -5.8262090323336117e-02, 1.0531222478970931e-01,
          3.0248138680954498e-02, -1.5222399494685859e-01,
          4.2074677582215564e-01, -6.0422409786414819e-02,
          3.7207736701708884e-02, 5.8547735184434478e-02,
