%YAML:1.0
---
groups:
   - intact
   - CD19
   - blast
intactGmmnames:
   - "intact.556.0"
   - "intact.556.1"
   - "intact.556.2"
   - "intact.556.3"
   - "intact.556.4"
intactLabels:
   - FSC-A
   - SSC-A
   - CD20
   - CD10
   - CD45
   - CD34
   - SYTO41
   - CD19
   - CD38
intactMu: !!opencv-matrix
   rows: 5
   cols: 9
   dt: d
   data: [ 1.1903231702890007e+00, 4.7942485305199128e-01,
       9.2782183907406590e-01, 9.2210057200787809e-01,
       3.8589974760027750e+00, 1.4065834318759260e+00,
       3.1230608416951715e+00, 1.3224933754744730e+00,
       2.1025558418387593e+00, 2.5308157938343609e+00,
       3.6451476771178442e+00, 1.1330182943148206e+00,
       2.6558230517355659e+00, 3.0868795239486411e+00,
       1.1977584189477848e+00, 3.2367225039128469e+00,
       1.9677512331218918e+00, 1.8780585413769104e+00,
       1.5953128879741652e+00, 8.5605552082858893e-01,
       9.9158503879218207e-01, 9.3835466651446020e-01,
       3.8863320107664605e+00, 1.5151795304951732e+00,
       2.8325106849666777e+00, 1.4576662554328741e+00,
       3.2014877229639138e+00, 9.5960529136211947e-01,
       4.7218708874578924e-01, 7.7874480959879033e-01,
       1.2343469651727825e+00, 1.8376146170355012e+00,
       1.0878119135754758e+00, 3.5249236792915206e+00,
       1.1143118172765547e+00, 1.7638171664765605e+00,
       2.2750207321033589e+00, 2.2434785189638027e+00,
       1.2979733458704137e+00, 1.5269654693906054e+00,
       3.3630342953748675e+00, 1.5648994368453033e+00,
       3.0435764734939381e+00, 1.7810152031944448e+00,
       2.6022318959805553e+00 ]
intactSigma:
   - !!opencv-matrix
      rows: 9
      cols: 9
      dt: d
      data: [ 7.3600884573827602e-02, 2.8124300352819979e-02,
          1.9001972029445122e-02, 3.8562845272717291e-03,
          1.6183695215152529e-02, 1.1589327198306796e-02,
          -5.0134248864448838e-02, 1.8009972544565930e-02,
          -1.2835973382697720e-02, 2.8124300352819979e-02,
          3.2328328612047444e-02, 1.7157207155737455e-02,
          7.0289534939991707e-03, 1.4497626760441194e-02,
          1.0587865170709181e-02, -2.9008160292041386e-02,
          1.9272497989880209e-02, -1.2820402243019636e-02,
          1.9001972029445129e-02, 1.7157207155737455e-02,
          6.0132954367027452e-02, -1.5020757916423756e-03,
          9.5931308100481050e-03, 6.5652666433677013e-03,
          -2.4576295547881429e-02, 1.2759907677904534e-02,
          -1.2656651216339741e-02, 3.8562845272717282e-03,
          7.0289534939991707e-03, -1.5020757916423746e-03,
          6.4180857183044920e-02, 3.7387213655744353e-03,
          -3.3541290500661361e-03, -6.2991733287830398e-03,
          4.2033954454410863e-03, -2.5005660176348901e-03,
          1.6183695215152529e-02, 1.4497626760441194e-02,
          9.5931308100481033e-03, 3.7387213655744353e-03,
          1.2962372407919656e-02, 7.1017825508699469e-03,
          -1.9909985348257601e-02, 1.1083722359740223e-02,
          -6.9202034311230346e-03, 1.1589327198306800e-02,
          1.0587865170709185e-02, 6.5652666433677030e-03,
          -3.3541290500661361e-03, 7.1017825508699452e-03,
          1.9819806439196649e-01, -1.4886889954106204e-02,
          1.2251517981556085e-02, 1.3968954417778955e-03,
          -5.0134248864448838e-02, -2.9008160292041386e-02,
          -2.4576295547881433e-02, -6.2991733287830398e-03,
          -1.9909985348257601e-02, -1.4886889954106204e-02,
          9.4686785166197551e-02, -2.0163849266236721e-02,
          1.2884021112202000e-02, 1.8009972544565926e-02,
          1.9272497989880209e-02, 1.2759907677904535e-02,
          4.2033954454410855e-03, 1.1083722359740223e-02,
          1.2251517981556085e-02, -2.0163849266236721e-02,
          7.3480473555957729e-02, -1.6035111595091970e-02,
          -1.2835973382697723e-02, -1.2820402243019636e-02,
          -1.2656651216339739e-02, -2.5005660176348901e-03,
          -6.9202034311230337e-03, 1.3968954417778964e-03,
          1.2884021112202002e-02, -1.6035111595091970e-02,
          1.3440723572942728e-01 ]
   - !!opencv-matrix
      rows: 9
      cols: 9
      dt: d
      data: [ 2.4567331450668015e-01, 8.8381695704686222e-02,
          1.7651248310766154e-02, -5.3614634220893569e-02,
          -2.4219541130189821e-02, 1.5385215997269399e-03,
          -1.5151373742081262e-02, 1.5216354817379827e-02,
          1.0584852218254960e-02, 8.8381695704686222e-02,
          2.6746077391094109e-01, 3.2774517506893114e-02,
          3.1757645969217783e-02, 1.6064448912993409e-02,
          1.6685414027155940e-02, -2.0724241721806824e-02,
          4.3221329723094726e-02, 1.1936842399724734e-02,
          1.7651248310766154e-02, 3.2774517506893121e-02,
          5.3888683737116187e-02, 3.0234352915534989e-03,
          1.8261532149665119e-03, -8.5502895248842841e-05,
          -1.1384478524747605e-02, 6.4647404411241009e-03,
          3.5620845871007349e-03, -5.3614634220893569e-02,
          3.1757645969217783e-02, 3.0234352915534989e-03,
          1.1218903889231432e-01, 3.5847519882154989e-02,
          1.2283438459573612e-02, -6.4327166153828183e-03,
          5.6776211311319351e-03, 2.6714854820530064e-03,
          -2.4219541130189821e-02, 1.6064448912993409e-02,
          1.8261532149665132e-03, 3.5847519882154989e-02,
          2.9685822261199975e-02, 5.1041856893607454e-03,
          -4.7734964052623683e-03, 3.2190063993233508e-03,
          2.2537054408838398e-03, 1.5385215997269421e-03,
          1.6685414027155936e-02, -8.5502895248841933e-05,
          1.2283438459573612e-02, 5.1041856893607462e-03,
          9.0118534515179052e-02, -2.1169805901314386e-03,
          3.5328488382542402e-03, 1.8439522242858710e-03,
          -1.5151373742081260e-02, -2.0724241721806824e-02,
          -1.1384478524747603e-02, -6.4327166153828183e-03,
          -4.7734964052623700e-03, -2.1169805901314382e-03,
          5.7290808535863595e-02, -3.3792946304245590e-03,
          -5.8038593107495318e-03, 1.5216354817379827e-02,
          4.3221329723094726e-02, 6.4647404411241009e-03,
          5.6776211311319351e-03, 3.2190063993233517e-03,
          3.5328488382542402e-03, -3.3792946304245595e-03,
          1.7553200836673499e-02, -1.1239480227108775e-03,
          1.0584852218254960e-02, 1.1936842399724736e-02,
          3.5620845871007349e-03, 2.6714854820530055e-03,
          2.2537054408838402e-03, 1.8439522242858703e-03,
          -5.8038593107495309e-03, -1.1239480227108781e-03,
          5.3723591253310159e-02 ]
   - !!opencv-matrix
      rows: 9
      cols: 9
      dt: d
      data: [ 5.2334250782784281e-02, 1.0698849712904681e-02,
          3.0444930630150651e-03, 1.2763125854195684e-04,
          3.3300171686258744e-04, 9.3354387959272928e-04,
          -3.5512097203002032e-03, 6.1531026290472003e-03,
          8.1626302122834848e-03, 1.0698849712904681e-02,
          2.6344649267615396e-02, 5.6325283138307803e-03,
          5.2167408723774959e-03, 3.5070421575022007e-03,
          6.2407124502087546e-03, -4.8022918978436708e-04,
          1.1310208426766499e-02, 1.4944947437483723e-02,
          3.0444930630150651e-03, 5.6325283138307820e-03,
          4.6250169956613928e-02, -3.0812875972191065e-03,
          3.9714896578312495e-03, 3.1178097322104052e-03,
          -8.8658239899061641e-03, 6.4098091646878673e-03,
          6.3866058727598454e-03, 1.2763125854195733e-04,
          5.2167408723774967e-03, -3.0812875972191065e-03,
          6.6846403249041217e-02, 2.6470192074062315e-03,
          -4.5917619435037211e-03, -2.0986237688534583e-03,
          3.0904875041143209e-03, 8.8106543047454973e-03,
          3.3300171686258728e-04, 3.5070421575022007e-03,
          3.9714896578312495e-03, 2.6470192074062311e-03,
          7.8509777638952494e-03, 5.1879148209357700e-03,
