%YAML:1.0
---
groups:
   - intact
   - CD19
intactGmmnames:
   - "intact.564.0"
   - "intact.564.1"
   - "intact.564.2"
   - "intact.564.3"
   - "intact.564.4"
intactLabels:
   - FSC-A
   - SSC-A
   - CD20
   - CD10
   - CD45
   - CD34
   - SYTO41
   - CD19
   - CD38
intactMu: !!opencv-matrix
   rows: 5
   cols: 9
   dt: d
   data: [ 1.8783255464086266e+00, 7.5279572904633230e-01,
       8.9505913915279423e-01, 8.8998902890539644e-01,
       3.5276144979007640e+00, 1.2699147589696049e+00,
       3.3218193908517901e+00, 1.2928613593210232e+00,
       2.4632390929242072e+00, 1.6095470351732759e+00,
       3.4575064965826358e-01, 8.1548219809209488e-01,
       8.5074294126076389e-01, 3.5383963426377423e+00,
       1.1818117017099281e+00, 3.5884789475501644e+00,
       1.1623562514149350e+00, 1.7269734198326014e+00,
       2.5572321973748204e+00, 2.8457961040830972e+00,
       1.6537082126999687e+00, 2.1330811598506587e+00,
       3.3419866354533871e+00, 1.3538905737395412e+00,
       3.3025247821116062e+00, 1.8507254233419486e+00,
       1.8285660620412099e+00, 1.4405367147026840e+00,
       5.9750586628046787e-01, 9.9866991725490095e-01,
       1.1917977109655740e+00, 1.5419825005312318e+00,
       1.0848419953463424e+00, 3.4638243429865709e+00,
       1.1992805719125395e+00, 1.6346602077083505e+00,
       1.7040908391613410e+00, 4.6452916464710875e-01,
       8.4602737052024113e-01, 9.1390410757205787e-01,
       3.5917044935342117e+00, 1.1977334631477050e+00,
       3.4677039465327479e+00, 1.2035596325836428e+00,
       1.8080588769563226e+00 ]
intactSigma:
   - !!opencv-matrix
      rows: 9
      cols: 9
      dt: d
      data: [ 1.8264841595898346e-01, 1.6871977531475776e-02,
          7.7113291526333056e-03, 4.5138193942541137e-04,
          9.7738289016285340e-03, 2.4817537369437103e-02,
          1.8503939264175817e-02, -9.9413775591636559e-03,
          -8.0332594216662914e-03, 1.6871977531475769e-02,
          6.0747812188071661e-02, 1.1206062645199218e-02,
          3.1613681594785392e-03, -2.4275759854703503e-02,
          1.0577281368255601e-02, 1.0456828200750810e-02,
          4.3820199614151865e-02, 4.9469856136206615e-02,
          7.7113291526333047e-03, 1.1206062645199221e-02,
          4.2782955351320248e-02, -2.4561293994435694e-03,
          -3.5035875719220161e-03, 3.7083876565687898e-03,
          -4.9055969993477199e-03, 7.5039302584070404e-03,
          1.2347788639551065e-02, 4.5138193942541050e-04,
          3.1613681594785401e-03, -2.4561293994435707e-03,
          2.5550737189252708e-02, -3.5532287828607422e-03,
          2.9310208250454420e-03, 3.2979772516518306e-04,
          3.5536496178054599e-03, -1.0343490707800003e-03,
          9.7738289016285305e-03, -2.4275759854703503e-02,
          -3.5035875719220161e-03, -3.5532287828607422e-03,
          5.6815969135883174e-02, -1.3969067779464748e-02,
          -6.8772061958639252e-03, -2.9468924352436501e-02,
          -3.1264912096613515e-02, 2.4817537369437096e-02,
          1.0577281368255597e-02, 3.7083876565687898e-03,
          2.9310208250454442e-03, -1.3969067779464748e-02,
          2.1742429618186007e-01, 2.0623107738414914e-02,
          1.9919812725994052e-03, -6.5006468344475435e-04,
          1.8503939264175817e-02, 1.0456828200750810e-02,
          -4.9055969993477199e-03, 3.2979772516518289e-04,
          -6.8772061958639261e-03, 2.0623107738414914e-02,
          5.3751446791602646e-02, 4.8931697125775310e-03,
          -1.8840838887348185e-04, -9.9413775591636576e-03,
          4.3820199614151865e-02, 7.5039302584070404e-03,
          3.5536496178054616e-03, -2.9468924352436501e-02,
          1.9919812725994060e-03, 4.8931697125775293e-03,
          8.2940997879649495e-02, 5.3329349005118848e-02,
          -8.0332594216662896e-03, 4.9469856136206615e-02,
          1.2347788639551062e-02, -1.0343490707799996e-03,
          -3.1264912096613515e-02, -6.5006468344474969e-04,
          -1.8840838887348291e-04, 5.3329349005118848e-02,
          2.2549122420769097e-01 ]
   - !!opencv-matrix
      rows: 9
      cols: 9
      dt: d
      data: [ 1.2425774875837019e-01, 1.2580588875142592e-02,
          2.5539894695725249e-02, 6.4610238007821051e-04,
          1.1290124308351964e-02, 2.0937502879194263e-03,
          -2.7469645986434428e-02, 3.1585903669135444e-03,
          -1.6995617969762661e-03, 1.2580588875142592e-02,
          6.8052479157864904e-03, 7.7726359785588789e-03,
          8.8760328395134534e-04, 3.0899572101176116e-03,
          1.4633327620273439e-03, -2.7063828088508199e-03,
          1.9633515541320088e-03, -9.0435017560688412e-04,
          2.5539894695725249e-02, 7.7726359785588771e-03,
          5.6514243225132377e-02, -2.0807810522050709e-03,
          4.5445794374706985e-03, 2.5552008173402104e-03,
          -7.8508113280409183e-03, 3.7702877205784179e-03,
          -1.2158080044407822e-03, 6.4610238007821062e-04,
          8.8760328395134534e-04, -2.0807810522050709e-03,
          2.2849705670919207e-02, 1.2014468006289100e-04,
          -2.4657368974559785e-03, -1.5966131080555945e-04,
          1.3417408742195065e-04, -2.7602130062164519e-04,
          1.1290124308351964e-02, 3.0899572101176116e-03,
          4.5445794374706985e-03, 1.2014468006289109e-04,
          5.9503823190477853e-03, 4.1397948929851867e-04,
          -3.2999135251427286e-03, 9.5258224991973475e-04,
          -6.8264775951983855e-05, 2.0937502879194271e-03,
          1.4633327620273446e-03, 2.5552008173402099e-03,
          -2.4657368974559781e-03, 4.1397948929851905e-04,
          1.4178984451691759e-01, -5.5391705520192912e-05,
          1.5946181489498185e-03, 1.5198955417286687e-03,
          -2.7469645986434428e-02, -2.7063828088508195e-03,
          -7.8508113280409183e-03, -1.5966131080555939e-04,
          -3.2999135251427286e-03, -5.5391705520193217e-05,
          1.2423919316531697e-02, -5.6932192403581240e-04,
          4.1586611208643441e-04, 3.1585903669135444e-03,
          1.9633515541320088e-03, 3.7702877205784179e-03,
          1.3417408742195065e-04, 9.5258224991973497e-04,
          1.5946181489498179e-03, -5.6932192403581284e-04,
          1.6563102859489826e-02, -2.0398734211754298e-03,
          -1.6995617969762661e-03, -9.0435017560688380e-04,
          -1.2158080044407820e-03, -2.7602130062164503e-04,
          -6.8264775951983937e-05, 1.5198955417286691e-03,
          4.1586611208643430e-04, -2.0398734211754298e-03,
          9.5893940211177354e-03 ]
   - !!opencv-matrix
      rows: 9
      cols: 9
      dt: d
      data: [ 4.1730050303754246e-01, 4.2247987024821254e-01,
          3.5355089890480758e-02, 9.1082114115080118e-02,
          4.4041450759508285e-02, 3.0872507287675727e-02,
          1.2797849148816511e-03, 6.0076202542609758e-02,
          2.3233758750496252e-02, 4.2247987024821254e-01,
          1.0540470880202693e+00, 5.2428076495522009e-02,
          3.0705454137118088e-01, 3.4472286595084042e-02,
          6.7612774958287117e-02, -3.6345169201698169e-02,
          1.4390728817767057e-01, 2.0535557738515762e-02,
          3.5355089890480758e-02, 5.2428076495522009e-02,
          2.8654935684495486e-01, 7.9389213593960908e-03,
          5.3003025977360577e-02, 3.7250896291489498e-02,
          2.9255811802530733e-03, 1.4391338979410334e-01,
          9.1706675977221656e-03, 9.1082114115080118e-02,
          3.0705454137118082e-01, 7.9389213593960926e-03,
          3.8024364304366925e-01, 6.2168661636168014e-02,
          3.0218314558319231e-02, -2.5617484570534709e-02,
          3.5188149835995337e-02, -2.2582154419526830e-02,
          4.4041450759508285e-02, 3.4472286595084042e-02,
          5.3003025977360577e-02, 6.2168661636168014e-02,
          1.2320038440900043e-01, 1.5135663478757798e-02,
          3.1833734625852927e-02, 4.4248892918910307e-02,
