%YAML:1.0
---
groups:
   - intact
   - CD19
   - blast
intactGmmnames:
   - "intact.568.0"
   - "intact.568.1"
   - "intact.568.2"
   - "intact.568.3"
   - "intact.568.4"
intactLabels:
   - FSC-A
   - SSC-A
   - CD20
   - CD10
   - CD45
   - CD34
   - SYTO41
   - CD19
   - CD38
intactMu: !!opencv-matrix
   rows: 5
   cols: 9
   dt: d
   data: [ 1.2656062361270142e+00, 4.5966535956589671e-01,
       1.1898014869132685e+00, 1.4042152723119827e+00,
       1.5806197563544018e+00, 1.0354314000318185e+00,
       2.5925513274233478e+00, 1.3171034030337128e+00,
       1.4865328423586170e+00, 1.5297934168569562e+00,
       7.2908674898909842e-01, 1.0806141535605220e+00,
       1.0078375421920365e+00, 3.4575844446436461e+00,
       1.3020541668903398e+00, 3.0075774618328097e+00,
       1.3244978817951167e+00, 2.5663935071233506e+00,
       2.5376590609944172e+00, 3.2676649361958772e+00,
       1.5979482529004450e+00, 2.6188592009084886e+00,
       3.2888184034483716e+00, 1.3794165176116675e+00,
       2.9464306317061912e+00, 2.1055911825476441e+00,
       1.7156507219849515e+00, 1.4945679847285800e+00,
       4.7102059776298988e-01, 9.7289027501572212e-01,
       9.4004655736556642e-01, 3.5110684852542016e+00,
       1.1498327030278295e+00, 3.1204456287515709e+00,
       1.2243744709874336e+00, 1.6618294917816909e+00,
       1.7763016472856992e+00, 9.8638158188927172e-01,
       1.8393823390808612e+00, 2.7014160369423732e+00,
       2.7497708483708405e+00, 1.3550622050619372e+00,
       3.0543756549503356e+00, 1.7102019552206769e+00,
       1.5797735696091288e+00 ]
intactSigma:
   - !!opencv-matrix
      rows: 9
      cols: 9
      dt: d
      data: [ 1.7750744778979727e-01, -9.2930813484553825e-03,
          2.0367764047477685e-02, 4.5018229773746095e-02,
          4.6571867317855738e-02, 6.1607003671477144e-04,
          -1.0359899259481092e-01, 1.6147268204383829e-02,
          1.0231222657315481e-03, -9.2930813484553773e-03,
          6.9505031956548516e-02, 2.2077992493491988e-02,
          -2.2801314274406397e-02, -3.9419004477120262e-03,
          1.5161244474926668e-02, 2.8319067218624851e-02,
          1.0106040788227624e-02, 9.9616293573143709e-04,
          2.0367764047477692e-02, 2.2077992493491988e-02,
          1.3513431462140768e-01, 8.2535151703831411e-02,
          5.6520424259147183e-02, -3.2689583404629053e-04,
          -1.0385904481674299e-02, 3.7970108841064838e-02,
          4.4161731695229649e-04, 4.5018229773746088e-02,
          -2.2801314274406393e-02, 8.2535151703831411e-02,
          2.7393593574835867e-01, 1.3287349053018765e-01,
          -8.1412927770688065e-03, -6.8787849957227823e-02,
          7.3011818688376875e-02, 5.7457200050677927e-04,
          4.6571867317855738e-02, -3.9419004477120271e-03,
          5.6520424259147189e-02, 1.3287349053018765e-01,
          2.2322717552901924e-01, 1.1038696586517823e-02,
          -7.2785264412901243e-02, 4.4150339535045900e-02,
          5.3755465400299038e-03, 6.1607003671477133e-04,
          1.5161244474926668e-02, -3.2689583404629081e-04,
          -8.1412927770688030e-03, 1.1038696586517823e-02,
          5.4425663869997469e-02, -1.1625297448519077e-02,
          1.6028860568087686e-03, 2.8153454599597399e-03,
          -1.0359899259481090e-01, 2.8319067218624851e-02,
          -1.0385904481674301e-02, -6.8787849957227823e-02,
          -7.2785264412901243e-02, -1.1625297448519076e-02,
          2.7148865012252743e-01, -1.8577484431045038e-02,
          -5.7528122710931544e-03, 1.6147268204383832e-02,
          1.0106040788227624e-02, 3.7970108841064838e-02,
          7.3011818688376875e-02, 4.4150339535045907e-02,
          1.6028860568087682e-03, -1.8577484431045028e-02,
          5.8661662732008915e-02, -3.9322359655042885e-04,
          1.0231222657315481e-03, 9.9616293573143687e-04,
          4.4161731695229692e-04, 5.7457200050677960e-04,
          5.3755465400299038e-03, 2.8153454599597399e-03,
          -5.7528122710931544e-03, -3.9322359655042874e-04,
          4.6787572465982431e-03 ]
   - !!opencv-matrix
      rows: 9
      cols: 9
      dt: d
      data: [ 2.6874014789979184e-01, 9.4515848631992454e-03,
          1.4213701158295440e-02, 6.6502943021617567e-03,
          1.2300833210074415e-02, 1.9630446018274180e-02,
          1.1904950353734890e-02, 1.2818441118247913e-02,
          -9.6819998810766694e-02, 9.4515848631992454e-03,
          5.1681381026297629e-02, 1.5595366168664129e-02,
          -3.4328087596827313e-04, 1.9377142450829381e-02,
          7.3947342110305776e-03, -3.0949329858268971e-02,
          1.1686473519476744e-02, 5.8384621590099953e-02,
          1.4213701158295440e-02, 1.5595366168664129e-02,
          6.9479026863711157e-02, 1.9623287795211521e-02,
          1.4372510054448912e-02, 7.7546139070797512e-03,
          -1.9091309953623826e-02, 1.5235081328859123e-02,
          -3.2125889259729205e-03, 6.6502943021617567e-03,
          -3.4328087596827313e-04, 1.9623287795211518e-02,
          1.0802183318292122e-01, -4.8553130634089996e-06,
          -1.3393175994609359e-02, 1.2724447718307429e-02,
          2.2017847410493275e-02, -1.9028933466141585e-02,
          1.2300833210074413e-02, 1.9377142450829374e-02,
          1.4372510054448912e-02, -4.8553130634075664e-06,
          1.1308044211976165e-01, -1.8209897817854794e-02,
          -2.8110974678524782e-02, 3.9552823218504153e-03,
          -1.5965051002164807e-02, 1.9630446018274170e-02,
          7.3947342110305750e-03, 7.7546139070797512e-03,
          -1.3393175994609364e-02, -1.8209897817854797e-02,
          2.5987743159851551e-01, 2.1393567843102309e-02,
          4.4243786984109854e-05, -5.1956173845559318e-02,
          1.1904950353734888e-02, -3.0949329858268971e-02,
          -1.9091309953623823e-02, 1.2724447718307434e-02,
          -2.8110974678524782e-02, 2.1393567843102305e-02,
          1.4289082056200980e-01, -4.7594683250338629e-03,
          -7.9873801594545477e-02, 1.2818441118247915e-02,
          1.1686473519476744e-02, 1.5235081328859123e-02,
          2.2017847410493275e-02, 3.9552823218504127e-03,
          4.4243786984109482e-05, -4.7594683250338629e-03,
          4.4248494606771334e-02, -2.0289746320963438e-03,
          -9.6819998810766694e-02, 5.8384621590099953e-02,
          -3.2125889259729205e-03, -1.9028933466141585e-02,
          -1.5965051002164801e-02, -5.1956173845559304e-02,
          -7.9873801594545477e-02, -2.0289746320963429e-03,
          3.3339390686166953e-01 ]
   - !!opencv-matrix
      rows: 9
      cols: 9
      dt: d
      data: [ 2.3839654821614656e-01, -1.6557853445430287e-02,
          8.2658299663326482e-02, 4.6623587188302784e-03,
          6.3775217903458293e-03, 3.1589676327591285e-02,
          5.4501357477827451e-02, 5.4291583045914429e-02,
          4.0673627041425804e-02, -1.6557853445430294e-02,
          7.6561226970414487e-01, -1.9335388823472291e-01,
          -1.3928300590645684e-01, -1.1135360312844780e-01,
          -1.8711425797223477e-01, -5.4298294795849064e-02,
          -5.3126079719963130e-02, -3.5471305755971842e-02,
          8.2658299663326482e-02, -1.9335388823472288e-01,
          2.7235988355855145e-01, 1.4803000092761134e-01,
          6.3568521499739086e-02, 1.2452282341177472e-01,
          7.4369462153860380e-02, 1.3524538756216448e-01,
          4.2382141689816931e-02, 4.6623587188302810e-03,
          -1.3928300590645684e-01, 1.4803000092761134e-01,
          3.9773378285679062e-01, 1.0621136000852209e-01,
          1.1365987812456944e-01, 8.8550346137578149e-03,
          1.1737878776311167e-01, -1.7573989177726256e-02,
          6.3775217903458328e-03, -1.1135360312844783e-01,
          6.3568521499739086e-02, 1.0621136000852208e-01,
          8.6188055117091933e-02, 6.4396697338340622e-02,
