%YAML:1.0
---
groups:
   - intact
   - CD19
   - blast
intactGmmnames:
   - "intact.578.0"
   - "intact.578.1"
   - "intact.578.2"
   - "intact.578.3"
   - "intact.578.4"
intactLabels:
   - FSC-A
   - SSC-A
   - CD20
   - CD10
   - CD45
   - CD34
   - SYTO41
   - CD19
   - CD38
intactMu: !!opencv-matrix
   rows: 5
   cols: 9
   dt: d
   data: [ 8.8052677785781663e-01, 2.7190373264391310e-01,
       9.5209195492503984e-01, 1.2285378785224328e+00,
       1.6152435627686619e+00, 1.1294975751338632e+00,
       2.8730393970881791e+00, 1.0702491682433435e+00,
       1.8274901565644255e+00, 1.2676918029698834e+00,
       4.6009890462613673e-01, 1.0486972068096068e+00,
       1.0953313830145484e+00, 4.0933196082073033e+00,
       1.9006711054625487e+00, 2.5700881225414443e+00,
       6.7240805897730171e-01, 2.5374296697479024e+00,
       2.5021863596373688e+00, 3.1333307716241316e+00,
       1.3752127182599603e+00, 2.0875821378407888e+00,
       3.1741754625662590e+00, 1.3765047338990144e+00,
       2.7666556162610472e+00, 1.6956833367886541e+00,
       2.0247162214510768e+00, 1.7229671064090359e+00,
       1.2615587573622147e+00, 1.3811783871977588e+00,
       1.3515540434798226e+00, 2.8871877969816513e+00,
       1.7892974206176768e+00, 2.6940339853507069e+00,
       1.3019844802061862e+00, 2.3891396433676957e+00,
       1.0442845729049459e+00, 2.7548583238368801e-01,
       1.0444182226563394e+00, 1.1251927097474217e+00,
       3.9577850304480626e+00, 1.6787278746594425e+00,
       2.7755180869205693e+00, 7.5609554186793260e-01,
       2.1645214860603756e+00 ]
intactSigma:
   - !!opencv-matrix
      rows: 9
      cols: 9
      dt: d
      data: [ 7.2119682262663062e-02, 1.6947534213032342e-02,
          5.2500787914208074e-03, 4.5950416847796568e-03,
          3.3633992887660086e-02, 1.7355104443988827e-03,
          -2.2417694231085632e-02, 4.1802240029737755e-03,
          6.2582434202699032e-03, 1.6947534213032342e-02,
          1.0861647880592153e-02, 9.0215789865150664e-03,
          2.9383880995296698e-03, 1.4655340339651025e-02,
          2.1753241190422402e-03, 2.1095400537616117e-04,
          2.7922775318269390e-03, 2.8881222984426386e-03,
          5.2500787914208057e-03, 9.0215789865150664e-03,
          9.9391624666583578e-02, 1.5833687567885376e-03,
          1.4528427583947359e-02, 2.5710834821345658e-03,
          2.0649957501379837e-02, 3.1972401381218686e-03,
          2.1689445680578849e-03, 4.5950416847796568e-03,
          2.9383880995296702e-03, 1.5833687567885380e-03,
          1.4687058670536955e-02, 4.2741146417632943e-03,
          5.8947958102135403e-04, 3.7771709252055830e-03,
          7.2501066753451584e-04, 1.2295802120697160e-03,
          3.3633992887660086e-02, 1.4655340339651031e-02,
          1.4528427583947356e-02, 4.2741146417632951e-03,
          1.8845096280321694e-01, 1.1369288990109657e-05,
          1.9438667772270511e-04, 2.3067712365554406e-03,
          2.0178621805196514e-02, 1.7355104443988827e-03,
          2.1753241190422402e-03, 2.5710834821345645e-03,
          5.8947958102135371e-04, 1.1369288990110375e-05,
          6.4185300668509707e-02, 1.1071418463117566e-03,
          9.2683369014263321e-04, 1.0142102879436116e-03,
          -2.2417694231085625e-02, 2.1095400537616087e-04,
          2.0649957501379837e-02, 3.7771709252055830e-03,
          1.9438667772270817e-04, 1.1071418463117569e-03,
          1.5822194978406465e-01, 1.0867924727618449e-03,
          9.4128668151570796e-04, 4.1802240029737755e-03,
          2.7922775318269385e-03, 3.1972401381218690e-03,
          7.2501066753451605e-04, 2.3067712365554410e-03,
          9.2683369014263310e-04, 1.0867924727618449e-03,
          5.6411711933375911e-03, -3.9455342935114877e-05,
          6.2582434202699032e-03, 2.8881222984426394e-03,
          2.1689445680578841e-03, 1.2295802120697160e-03,
          2.0178621805196514e-02, 1.0142102879436112e-03,
          9.4128668151570731e-04, -3.9455342935114931e-05,
          7.5710887994264687e-03 ]
   - !!opencv-matrix
      rows: 9
      cols: 9
      dt: d
      data: [ 5.4993405664741278e-02, 9.1943680270174209e-03,
          8.9005767444687509e-03, -1.7896571369060788e-03,
          4.7236915143718397e-03, 6.7873102351217931e-03,
          -1.1539520567308531e-02, 1.6224995123395857e-04,
          2.1996613519465126e-03, 9.1943680270174209e-03,
          1.7216341927255630e-02, 9.8563396859247497e-03,
          -1.4486073395378908e-03, 5.7206634974410944e-03,
          1.0177622201163345e-02, -2.3627308361110176e-03,
          5.5645265354830848e-05, 1.0720882402564054e-02,
          8.9005767444687526e-03, 9.8563396859247497e-03,
          6.3131657142823316e-02, -3.8542722130238054e-04,
          2.6613207972864287e-03, 4.2750771361971967e-04,
          -1.7850624409884849e-04, 5.6200680642778890e-04,
          -1.1617642299661536e-02, -1.7896571369060794e-03,
          -1.4486073395378904e-03, -3.8542722130238043e-04,
          1.3444215376525527e-02, 2.0036237687092687e-04,
          -1.4471997465950846e-02, 2.8076527688125847e-03,
          -1.5496382957864631e-03, -3.2024287091270469e-02,
          4.7236915143718397e-03, 5.7206634974410944e-03,
          2.6613207972864287e-03, 2.0036237687092649e-04,
          1.5398004928908271e-02, 1.7001150664080596e-02,
          -5.0651730515496023e-03, -1.2932024160065557e-02,
          -6.9607175245690323e-03, 6.7873102351217931e-03,
          1.0177622201163342e-02, 4.2750771361971859e-04,
          -1.4471997465950846e-02, 1.7001150664080596e-02,
          2.3301728536829910e-01, -6.0770955348077964e-03,
          -9.6125362429959494e-03, 1.1272047799125606e-02,
          -1.1539520567308531e-02, -2.3627308361110163e-03,
          -1.7850624409884841e-04, 2.8076527688125842e-03,
          -5.0651730515496023e-03, -6.0770955348077964e-03,
          8.9956989683398395e-02, 1.7533081556163129e-03,
          -2.6199245583637398e-03, 1.6224995123395857e-04,
          5.5645265354830848e-05, 5.6200680642778912e-04,
          -1.5496382957864631e-03, -1.2932024160065553e-02,
          -9.6125362429959511e-03, 1.7533081556163129e-03,
          3.4319516968868410e-02, 1.1483111921673481e-02,
          2.1996613519465126e-03, 1.0720882402564054e-02,
          -1.1617642299661536e-02, -3.2024287091270469e-02,
          -6.9607175245690323e-03, 1.1272047799125603e-02,
          -2.6199245583637429e-03, 1.1483111921673483e-02,
          2.8816253921533408e-01 ]
   - !!opencv-matrix
      rows: 9
      cols: 9
      dt: d
      data: [ 1.9466631936657475e-01, 1.1252162015248374e-01,
          3.0355544489781887e-02, -8.7353088425794020e-02,
          2.4628508079593903e-03, 9.5241854824439764e-03,
          -1.2830567240030432e-02, 2.6745693466210869e-02,
          2.0577713195360003e-02, 1.1252162015248376e-01,
          4.4306198680294007e-01, 4.7649431214261385e-02,
          1.2139926476801528e-01, 1.8712282587408018e-02,
          1.6989076258299256e-02, -2.1325254285487222e-02,
          8.6476295611034787e-02, 2.7942902729123763e-03,
          3.0355544489781887e-02, 4.7649431214261365e-02,
          4.3102314776350258e-02, -7.5866252708509984e-03,
          3.2411864648101241e-03, 1.6866367424063743e-03,
          -1.4218930872029857e-03, 9.4810930455124856e-03,
          6.1977450430357132e-03, -8.7353088425794020e-02,
          1.2139926476801528e-01, -7.5866252708510036e-03,
          2.9545464091684898e-01, 2.2036564844611476e-02,
          7.3784298962915572e-03, -1.0109055147438013e-03,
          1.9611513197594709e-02, -2.4069438483262328e-02,
          2.4628508079593907e-03, 1.8712282587408018e-02,
          3.2411864648101254e-03, 2.2036564844611476e-02,
          2.5958691634831554e-02, 1.9184905861958184e-03,
          -5.9237524676670292e-03, 1.0498974177486310e-03,
