%YAML:1.0
---
groups:
   - intact
   - CD19
   - blast
intactGmmnames:
   - "intact.581.0"
   - "intact.581.1"
   - "intact.581.2"
   - "intact.581.3"
   - "intact.581.4"
intactLabels:
   - FSC-A
   - SSC-A
   - CD20
   - CD10
   - CD45
   - CD34
   - SYTO41
   - CD19
   - CD38
intactMu: !!opencv-matrix
   rows: 5
   cols: 9
   dt: d
   data: [ 1.0047437078816761e+00, 5.7792665963800161e-01,
       8.0457984227501211e-01, 1.4413765347173981e+00,
       1.5578425619963812e+00, 1.0947323753314244e+00,
       3.2608721956222366e+00, 1.0539406824732573e+00,
       1.7241282205205448e+00, 2.0228846438061807e+00,
       3.3969835559445611e+00, 1.3233435215147902e+00,
       2.5998119839846221e+00, 2.9343821325291635e+00,
       1.2358415890403500e+00, 2.9113442487367056e+00,
       1.4721108021713525e+00, 1.7010480656039455e+00,
       1.4958846986263585e+00, 7.7814808661219825e-01,
       9.4521171610759691e-01, 9.1810712878726786e-01,
       3.5116874997520733e+00, 9.5394015035454738e-01,
       2.9651162030915237e+00, 1.0492222573195205e+00,
       1.7875795723793941e+00, 2.2565153207921331e+00,
       2.4411780005865946e+00, 1.1054478954549747e+00,
       1.3847940745488461e+00, 2.4179489240579040e+00,
       1.2202014266419496e+00, 3.1641416480797049e+00,
       1.2950427734627603e+00, 1.8496216087494390e+00,
       1.2300933297299348e+00, 4.3431379272979437e-01,
       7.8397502144948583e-01, 8.4034485297084194e-01,
       3.3272337784336634e+00, 9.9792919948622860e-01,
       3.4365380385932625e+00, 1.0137143741505308e+00,
       1.7041804087358814e+00 ]
intactSigma:
   - !!opencv-matrix
      rows: 9
      cols: 9
      dt: d
      data: [ 8.4626125605268415e-02, 3.4676441884882246e-02,
          1.9800400203245635e-02, 2.2088704654776050e-02,
          2.2433709983478142e-02, 6.3831610385032666e-04,
          -1.6634419647245217e-02, 4.5096669911505139e-03,
          3.6148829881347678e-03, 3.4676441884882246e-02,
          3.6473365115389310e-02, 1.4721841738692005e-02,
          2.3670512247029499e-02, 2.8109182914511251e-02,
          1.6657075785608017e-03, 1.7694857580345226e-03,
          4.9534053407413138e-03, 4.8046225142830117e-03,
          1.9800400203245635e-02, 1.4721841738692005e-02,
          4.2996366229782201e-02, 1.2159025295484932e-02,
          1.9111252226406944e-02, 1.7371499794757399e-04,
          -3.3027154069914313e-02, 1.8442793530361666e-03,
          2.6512819454341634e-03, 2.2088704654776053e-02,
          2.3670512247029499e-02, 1.2159025295484930e-02,
          1.9055441469513054e-01, 6.9529298471675952e-02,
          -5.3136307210139080e-04, 1.4996791131651902e-02,
          4.3304897100948951e-03, 1.2451913119353269e-02,
          2.2433709983478142e-02, 2.8109182914511255e-02,
          1.9111252226406944e-02, 6.9529298471675979e-02,
          1.8836795302054793e-01, -5.1567212455918177e-04,
          -2.0162656521728243e-04, 2.9012548996807724e-03,
          1.8779132024621576e-02, 6.3831610385032688e-04,
          1.6657075785608013e-03, 1.7371499794757408e-04,
          -5.3136307210139015e-04, -5.1567212455918242e-04,
          1.7144545377681997e-02, 2.3519107076497129e-04,
          9.3579789001267756e-05, 2.3933454984468292e-04,
          -1.6634419647245217e-02, 1.7694857580345226e-03,
          -3.3027154069914313e-02, 1.4996791131651904e-02,
          -2.0162656521728191e-04, 2.3519107076497143e-04,
          2.1743772288919025e-01, 2.2609467706708503e-03,
          2.4913976889946259e-03, 4.5096669911505131e-03,
          4.9534053407413138e-03, 1.8442793530361659e-03,
          4.3304897100948977e-03, 2.9012548996807724e-03,
          9.3579789001267769e-05, 2.2609467706708503e-03,
          5.0176654740153419e-03, 3.1575167594285385e-04,
          3.6148829881347674e-03, 4.8046225142830117e-03,
          2.6512819454341634e-03, 1.2451913119353269e-02,
          1.8779132024621576e-02, 2.3933454984468311e-04,
          2.4913976889946255e-03, 3.1575167594285385e-04,
          4.8111646476169364e-03 ]
   - !!opencv-matrix
      rows: 9
      cols: 9
      dt: d
      data: [ 2.8510474511936834e-01, 3.1837144350381807e-01,
          -7.2719323132349615e-03, 5.2318350490766524e-02,
          4.8497508739679875e-02, -4.8027182739150187e-02,
          2.7652653736245026e-02, 9.3547599019666427e-03,
          -7.0145586579221332e-03, 3.1837144350381807e-01,
          1.0010254677119290e+00, -9.1142426329560766e-02,
          1.8929654950089753e-01, 8.3243379703955622e-02,
          -1.9863264032584246e-01, 6.3504359452225129e-02,
          -2.2571532460019781e-02, -4.6819342798624417e-02,
          -7.2719323132349649e-03, -9.1142426329560766e-02,
          2.2224023488456313e-01, -4.8228182520616648e-02,
          4.3058044928700634e-02, 2.0135301564076766e-02,
          5.9261370386738685e-03, 8.2244234158208765e-02,
          1.0255310957581669e-02, 5.2318350490766510e-02,
          1.8929654950089753e-01, -4.8228182520616648e-02,
          2.0402999302475358e-01, 3.3890725532635536e-02,
          -4.2099013915975501e-02, 1.0790677863647414e-02,
          -4.2193396534745041e-02, -1.4337413608301437e-02,
          4.8497508739679875e-02, 8.3243379703955636e-02,
          4.3058044928700620e-02, 3.3890725532635543e-02,
          1.0117683965207958e-01, -2.4058134560292297e-02,
          2.6785421577039833e-02, 2.9202621671241144e-02,
          5.7526918748704546e-03, -4.8027182739150194e-02,
          -1.9863264032584246e-01, 2.0135301564076766e-02,
          -4.2099013915975501e-02, -2.4058134560292297e-02,
          2.7627316035932659e-01, 7.1511682691738337e-03,
          2.9995501481471225e-02, 4.7105752966950229e-02,
          2.7652653736245026e-02, 6.3504359452225115e-02,
          5.9261370386738659e-03, 1.0790677863647418e-02,
          2.6785421577039833e-02, 7.1511682691738397e-03,
          2.0163766553208023e-01, 1.6854697294510220e-02,
          3.6989257802683937e-04, 9.3547599019666427e-03,
          -2.2571532460019781e-02, 8.2244234158208765e-02,
          -4.2193396534745041e-02, 2.9202621671241144e-02,
          2.9995501481471218e-02, 1.6854697294510227e-02,
          9.4469886470757644e-02, 1.7480279319795726e-02,
          -7.0145586579221332e-03, -4.6819342798624417e-02,
          1.0255310957581669e-02, -1.4337413608301437e-02,
          5.7526918748704546e-03, 4.7105752966950229e-02,
          3.6989257802683964e-04, 1.7480279319795726e-02,
          2.4731160136546124e-02 ]
   - !!opencv-matrix
      rows: 9
      cols: 9
      dt: d
      data: [ 9.4446829387884054e-02, 2.9925279113154360e-02,
          1.2760936961496210e-02, 1.7279499563905378e-03,
          8.0361485840893740e-03, 3.4543618904055375e-03,
          -2.2100915379664913e-02, 6.7303437563239850e-03,
          -1.8955541982046882e-03, 2.9925279113154360e-02,
          5.5347423900740399e-02, 1.4528971131190574e-02,
          6.4265247837610485e-03, 1.2961969994467588e-02,
          2.5080202619357753e-03, -3.1798777575308787e-02,
          7.0904712686381760e-03, 9.3995044338847644e-03,
          1.2760936961496206e-02, 1.4528971131190572e-02,
          4.5749194297074948e-02, -1.5054151294217324e-03,
          6.1070995256298551e-03, -6.9330712189706969e-04,
          -1.4950738658221007e-02, 2.3871703478563081e-03,
          -5.7095664296983569e-03, 1.7279499563905374e-03,
          6.4265247837610485e-03, -1.5054151294217320e-03,
          5.8662631476694455e-02, -4.3801832958288272e-04,
          -2.4470693178349381e-03, 1.3565766768841339e-04,
          3.7673395193748281e-03, -1.1532946550313710e-03,
          8.0361485840893757e-03, 1.2961969994467587e-02,
          6.1070995256298551e-03, -4.3801832958288283e-04,
          1.5068395789141764e-02, -5.1282914495112582e-03,
          -1.4490527960199014e-02, 6.2051119220526355e-04,
