%YAML:1.0
---
groups:
   - intact
   - CD19
   - blast
intactGmmnames:
   - "intact.590.0"
   - "intact.590.1"
   - "intact.590.2"
   - "intact.590.3"
   - "intact.590.4"
intactLabels:
   - FSC-A
   - SSC-A
   - CD20
   - CD10
   - CD45
   - CD34
   - SYTO41
   - CD19
   - CD38
intactMu: !!opencv-matrix
   rows: 5
   cols: 9
   dt: d
   data: [ 2.5105961783460709e+00, 2.1542617758873419e+00,
       1.4167579142798101e+00, 1.9000395424113183e+00,
       2.5791016537270188e+00, 1.3461975102857899e+00,
       2.6814465228570885e+00, 1.5437771770544937e+00,
       1.8431593937225552e+00, 1.4755325220353281e+00,
       3.4844590655360175e-01, 1.2761109770789674e+00,
       1.4085099535476966e+00, 3.3988549893155531e+00,
       1.1156054760996552e+00, 2.7868509212111170e+00,
       1.1851496464275917e+00, 1.5265792893720684e+00,
       7.8486825388564219e-01, 3.4658766478133052e-01,
       9.8157938381999421e-01, 1.6390613814749124e+00,
       1.4543948804563631e+00, 1.0846872018781299e+00,
       3.2570104577930077e+00, 1.1002971103084871e+00,
       1.6529384354610517e+00, 1.0691776905415307e+00,
       2.2705749611212112e-01, 1.0791011957264984e+00,
       1.2110338785156705e+00, 3.2935142862724076e+00,
       1.0751458285818092e+00, 3.0981528298250853e+00,
       1.1128894989430176e+00, 1.6344500815904144e+00,
       1.5799360959667552e+00, 5.0779266051878857e-01,
       1.2057861186052774e+00, 1.4461562477475212e+00,
       3.3731140463596367e+00, 1.1713620994991323e+00,
       2.7011619585082669e+00, 1.2012803702096393e+00,
       2.2381848928444326e+00 ]
intactSigma:
   - !!opencv-matrix
      rows: 9
      cols: 9
      dt: d
      data: [ 7.9428304867749777e-01, 5.8338770041055243e-01,
          3.9945198659666593e-02, 3.8010431278594464e-02,
          2.1354972307070752e-01, -6.0586493242232003e-02,
          7.1210881216068125e-02, 9.6241361805892739e-02,
          5.7706040933311348e-03, 5.8338770041055243e-01,
          1.2062096380791536e+00, 9.8516812922594413e-02,
          2.8472614674079733e-01, 3.0421013663952839e-01,
          -7.0205851313898643e-02, 4.9859390076806502e-02,
          2.2427314531223491e-01, -9.0154133326579872e-02,
          3.9945198659666593e-02, 9.8516812922594427e-02,
          1.4270383581288887e-01, 9.7693238271601562e-02,
          7.6284593203617870e-02, 4.3396668143581112e-02,
          6.9456712077230545e-02, 6.9548811985015085e-02,
          5.5186666210742051e-02, 3.8010431278594464e-02,
          2.8472614674079733e-01, 9.7693238271601562e-02,
          3.8671968625217823e-01, 1.4899289526003159e-01,
          1.8693023805314860e-02, 8.8485884839902315e-02,
          1.1469723402865778e-01, 4.6663201242531982e-02,
          2.1354972307070752e-01, 3.0421013663952839e-01,
          7.6284593203617870e-02, 1.4899289526003159e-01,
          2.9667177077786383e-01, 8.5631346676378044e-03,
          1.1551630860448424e-01, 7.2726532338223057e-02,
          4.7746446853066227e-02, -6.0586493242232003e-02,
          -7.0205851313898643e-02, 4.3396668143581112e-02,
          1.8693023805314860e-02, 8.5631346676378044e-03,
          2.0401614820079547e-01, 8.4157707384222777e-03,
          -7.3799019843875172e-03, 4.9063954475135951e-02,
          7.1210881216068125e-02, 4.9859390076806495e-02,
          6.9456712077230545e-02, 8.8485884839902315e-02,
          1.1551630860448424e-01, 8.4157707384222742e-03,
          2.8888429284180223e-01, 3.2129293206583039e-02,
          8.5220313516029475e-02, 9.6241361805892725e-02,
          2.2427314531223491e-01, 6.9548811985015085e-02,
          1.1469723402865778e-01, 7.2726532338223057e-02,
          -7.3799019843875198e-03, 3.2129293206583039e-02,
          1.3162695735115862e-01, 1.6350699546137257e-02,
          5.7706040933311314e-03, -9.0154133326579872e-02,
          5.5186666210742051e-02, 4.6663201242531996e-02,
          4.7746446853066227e-02, 4.9063954475135958e-02,
          8.5220313516029489e-02, 1.6350699546137257e-02,
          2.0961154008315899e-01 ]
   - !!opencv-matrix
      rows: 9
      cols: 9
      dt: d
      data: [ 1.4863901423352752e-01, 1.1096770208209286e-03,
          3.1725718112420791e-03, -4.8425077470219040e-04,
          1.0964176283995606e-02, -1.3024404793604226e-02,
          -8.4078777645013716e-02, 3.9284957254635527e-03,
          -3.3600797690253020e-03, 1.1096770208209291e-03,
          1.0897586194005814e-02, 6.0224177148713465e-03,
          6.0935695730512688e-03, 4.9028746036426304e-03,
          2.0641612500207432e-04, -1.1302244428845195e-02,
          3.8725996324130980e-03, -3.8124563184334268e-06,
          3.1725718112420791e-03, 6.0224177148713465e-03,
          3.3791849499564423e-02, 6.9394172754415531e-03,
          7.4551835447389803e-03, 5.1399963056856261e-03,
          -8.3199874438062132e-03, 5.0006584391705513e-03,
          -1.8903910453794178e-03, -4.8425077470219018e-04,
          6.0935695730512680e-03, 6.9394172754415531e-03,
          6.0244683398797017e-02, 1.4232531262503324e-02,
          -6.9987952301051764e-04, -1.5577040528966246e-02,
          8.9126144569994931e-03, -1.1208251025288762e-04,
          1.0964176283995606e-02, 4.9028746036426313e-03,
          7.4551835447389785e-03, 1.4232531262503324e-02,
          1.3360518213154165e-02, -2.6461562868689676e-03,
          -2.2329016720748163e-02, 5.1903518099551656e-03,
          -7.5463900854735920e-04, -1.3024404793604226e-02,
          2.0641612500207508e-04, 5.1399963056856287e-03,
          -6.9987952301051861e-04, -2.6461562868689676e-03,
          1.6025255045147643e-01, 9.5368716572361723e-03,
          -2.5732423813622503e-03, 3.5168566370250274e-03,
          -8.4078777645013716e-02, -1.1302244428845195e-02,
          -8.3199874438062149e-03, -1.5577040528966244e-02,
          -2.2329016720748166e-02, 9.5368716572361741e-03,
          1.4919261865621863e-01, -1.0247379197497011e-02,
          5.4812829653251580e-03, 3.9284957254635518e-03,
          3.8725996324130985e-03, 5.0006584391705522e-03,
          8.9126144569994931e-03, 5.1903518099551647e-03,
          -2.5732423813622485e-03, -1.0247379197497011e-02,
          2.5457947342091593e-02, -4.1836505842572647e-03,
          -3.3600797690253041e-03, -3.8124563184335052e-06,
          -1.8903910453794185e-03, -1.1208251025288731e-04,
          -7.5463900854735920e-04, 3.5168566370250278e-03,
          5.4812829653251563e-03, -4.1836505842572655e-03,
          1.6520524634562894e-02 ]
   - !!opencv-matrix
      rows: 9
      cols: 9
      dt: d
      data: [ 9.3604120860327281e-02, 2.6199312055331922e-02,
          3.1037584818624224e-02, 5.6327674542285176e-02,
          4.0471563722559348e-02, 1.2005185173674525e-03,
          -1.2994124119117240e-02, 1.0019056662281594e-02,
          2.1060370268357002e-02, 2.6199312055331922e-02,
          2.0455779961662097e-02, 1.9289260385188307e-02,
          2.6291724114837760e-02, 2.2467820954742843e-02,
          2.6404109159093008e-03, 8.6162985782496041e-03,
          7.5381007975013703e-03, 1.0879029613451514e-02,
          3.1037584818624224e-02, 1.9289260385188307e-02,
          8.8480367504087026e-02, 4.1270044985079329e-02,
          3.8901319755674610e-02, 3.8607292480534825e-03,
          -1.3357679889653581e-02, 1.1220199838585448e-02,
          1.4543030389917055e-02, 5.6327674542285183e-02,
          2.6291724114837760e-02, 4.1270044985079329e-02,
          2.3953208415034388e-01, 9.5566115307089791e-02,
          5.1777149493037562e-03, -2.0488856678242862e-03,
          2.1013965458072516e-02, 4.5680196038387626e-02,
          4.0471563722559362e-02, 2.2467820954742847e-02,
          3.8901319755674603e-02, 9.5566115307089791e-02,
          1.6160179900313218e-01, 3.0804817346737016e-03,
          1.2916747318549424e-03, 1.6826640986926083e-02,
