%YAML:1.0
---
groups:
   - intact
   - CD19
   - blast
intactGmmnames:
   - "intact.609.0"
   - "intact.609.1"
   - "intact.609.2"
   - "intact.609.3"
   - "intact.609.4"
intactLabels:
   - FSC-A
   - SSC-A
   - CD20
   - CD10
   - CD45
   - CD34
   - SYTO41
   - CD19
   - CD38
intactMu: !!opencv-matrix
   rows: 5
   cols: 9
   dt: d
   data: [ 1.6138394567953265e+00, 4.3209946513164665e-01,
       9.6185692557602209e-01, 8.9197212763112455e-01,
       3.3858886037649647e+00, 9.7297049180991813e-01,
       2.4981955807937326e+00, 1.0061761586892155e+00,
       1.2810170653372821e+00, 3.0297264709221960e+00,
       3.2758641850543779e+00, 1.1567907623531031e+00,
       2.0273666775846748e+00, 2.5702105263569162e+00,
       1.0934436380423915e+00, 2.7476907051338544e+00,
       1.4573139329691596e+00, 1.6428369829920055e+00,
       1.3664769325803261e+00, 5.1450129029795455e-01,
       9.4319769368465500e-01, 1.1804030591871604e+00,
       1.2284562781558364e+00, 1.0343195633919593e+00,
       2.6246957882865920e+00, 1.0701400446729030e+00,
       1.3491116768466678e+00, 2.1148286844898507e+00,
       1.1947166418880750e+00, 1.2433138659339036e+00,
       1.6132704200116375e+00, 1.9748136804205914e+00,
       1.1735435443683100e+00, 2.7814633187725391e+00,
       1.1814878699075815e+00, 1.9618933779508840e+00,
       2.0317577717808395e+00, 8.1744821872904705e-01,
       1.1591907859312243e+00, 1.1441296166369015e+00,
       3.3105414206170458e+00, 1.2024732612438100e+00,
       2.3124283507839878e+00, 1.1494190237918118e+00,
       2.6722637129228888e+00 ]
intactSigma:
   - !!opencv-matrix
      rows: 9
      cols: 9
      dt: d
      data: [ 1.3132040211865637e-01, 3.4757517205678726e-02,
          1.9497842621446593e-02, 4.3231561578267602e-03,
          2.2717226858979114e-02, -5.6970509867088903e-03,
          -4.1571619219113634e-02, 4.5297084278906521e-03,
          -1.2896132350324042e-02, 3.4757517205678726e-02,
          2.5125412230319877e-02, 1.2819493614432943e-02,
          5.1515597035310069e-03, 1.3073652325782772e-02,
          -1.7375859645818326e-03, -1.8669756303450084e-02,
          1.5014869942560046e-03, -9.2853235539489386e-03,
          1.9497842621446597e-02, 1.2819493614432943e-02,
          5.7300528804311426e-02, 5.7398602705389598e-04,
          6.8251427314515939e-03, -1.0537323822138022e-03,
          -7.4847760078690546e-03, 2.5121994367616435e-03,
          -1.3042237137198688e-02, 4.3231561578267593e-03,
          5.1515597035310069e-03, 5.7398602705389533e-04,
          3.7972723350369567e-02, 3.3845972244713040e-03,
          -6.5218863234260309e-03, -2.5722135312785718e-03,
          7.3830906470386361e-04, -4.4368051956655752e-03,
          2.2717226858979110e-02, 1.3073652325782774e-02,
          6.8251427314515957e-03, 3.3845972244713044e-03,
          1.3505411247958017e-02, -3.1268031027474079e-03,
          -1.3394664189059149e-02, -2.0763237936711614e-04,
          -9.2291290637629888e-03, -5.6970509867088921e-03,
          -1.7375859645818322e-03, -1.0537323822138033e-03,
          -6.5218863234260335e-03, -3.1268031027474070e-03,
          1.3621346616020283e-01, 4.7873750071996107e-03,
          -2.0879743883959320e-03, 8.3257081901425434e-03,
          -4.1571619219113634e-02, -1.8669756303450084e-02,
          -7.4847760078690546e-03, -2.5722135312785718e-03,
          -1.3394664189059149e-02, 4.7873750071996141e-03,
          5.9193457275434659e-02, 4.6301168974922571e-04,
          9.2496726776415648e-03, 4.5297084278906512e-03,
          1.5014869942560046e-03, 2.5121994367616426e-03,
          7.3830906470386361e-04, -2.0763237936711614e-04,
          -2.0879743883959320e-03, 4.6301168974922544e-04,
          1.1253001419744297e-02, -6.5217260610642353e-04,
          -1.2896132350324042e-02, -9.2853235539489369e-03,
          -1.3042237137198688e-02, -4.4368051956655752e-03,
          -9.2291290637629888e-03, 8.3257081901425434e-03,
          9.2496726776415666e-03, -6.5217260610642353e-04,
          1.1321752010073433e-01 ]
   - !!opencv-matrix
      rows: 9
      cols: 9
      dt: d
      data: [ 2.9756938082763706e-01, 1.6518424329550216e-01,
          3.0793249744296577e-02, -2.0379270083149020e-02,
          -5.6791761765414440e-03, 7.8245963089134101e-03,
          -1.4073942563341244e-02, 2.7486181044356749e-02,
          1.8474881778513058e-02, 1.6518424329550221e-01,
          3.5054683562562911e-01, 4.4214746663001882e-02,
          4.9216224420714480e-02, 2.2431688099677938e-02,
          7.1856300749699098e-03, -3.2098920591738113e-02,
          4.7162707296398730e-02, 2.4470076663025777e-02,
          3.0793249744296577e-02, 4.4214746663001882e-02,
          4.1854834015007461e-02, 4.2186202039128947e-04,
          1.2179591982562328e-03, 4.9693798679572188e-04,
          -5.3124508826892479e-03, 6.7244588904489281e-03,
          7.0251622782265977e-03, -2.0379270083149013e-02,
          4.9216224420714487e-02, 4.2186202039128936e-04,
          1.3722485599534781e-01, 2.8191525269934820e-02,
          2.2041313324934874e-03, -1.2905419074795152e-02,
          5.2788555170863640e-03, -8.8235990665148922e-03,
          -5.6791761765414440e-03, 2.2431688099677938e-02,
          1.2179591982562335e-03, 2.8191525269934816e-02,
          2.8939558709019878e-02, -1.7556102734780452e-03,
          -7.8361392503084951e-03, 5.1110694987046143e-03,
          5.6431218538854574e-04, 7.8245963089134032e-03,
          7.1856300749699115e-03, 4.9693798679572188e-04,
          2.2041313324934870e-03, -1.7556102734780448e-03,
          4.9865985303550325e-02, 1.1099086088233231e-03,
          9.3973746169296593e-04, 1.4391385253178235e-03,
          -1.4073942563341244e-02, -3.2098920591738113e-02,
          -5.3124508826892453e-03, -1.2905419074795154e-02,
          -7.8361392503084951e-03, 1.1099086088233229e-03,
          3.3416880609365734e-02, -2.9888128343074950e-03,
          -3.2303072784725367e-03, 2.7486181044356753e-02,
          4.7162707296398723e-02, 6.7244588904489307e-03,
          5.2788555170863640e-03, 5.1110694987046151e-03,
          9.3973746169296593e-04, -2.9888128343074950e-03,
          2.2100287924951105e-02, 2.5122189325765083e-03,
          1.8474881778513058e-02, 2.4470076663025787e-02,
          7.0251622782265977e-03, -8.8235990665148922e-03,
          5.6431218538854607e-04, 1.4391385253178239e-03,
          -3.2303072784725358e-03, 2.5122189325765083e-03,
          6.7171624442577307e-02 ]
   - !!opencv-matrix
      rows: 9
      cols: 9
      dt: d
      data: [ 1.6798241072178155e-01, 4.5094541558629790e-02,
          3.3861714405282836e-02, 3.8729929254186342e-02,
          3.9309402835084689e-02, -1.8255252077715616e-03,
          -1.3313591537655236e-02, 5.8634216404856530e-03,
          1.8492476381560499e-02, 4.5094541558629790e-02,
          2.9573480198480412e-02, 2.0882056355294915e-02,
          2.3106326802121439e-02, 2.4067626578384016e-02,
          -1.0072201491447175e-03, 3.2830444911836074e-03,
          4.2286024555545617e-03, 1.0902021538669952e-02,
          3.3861714405282843e-02, 2.0882056355294911e-02,
          6.1266710157991039e-02, 9.1421496690615549e-03,
          1.7123843222273987e-02, -7.9557103811892101e-04,
          -6.7669383494107669e-04, 3.3616189684526530e-03,
          5.0733861099913737e-03, 3.8729929254186342e-02,
          2.3106326802121439e-02, 9.1421496690615549e-03,
          1.4744757846174031e-01, 3.8666814258129574e-02,
          -4.0432918924313086e-03, 2.5759725965865676e-02,
          3.3852585579101191e-03, 2.2150473501053775e-02,
          3.9309402835084696e-02, 2.4067626578384023e-02,
          1.7123843222273991e-02, 3.8666814258129567e-02,
          1.5640400393636772e-01, -2.3609725342864005e-03,
