%YAML:1.0
---
groups:
   - intact
   - CD19
   - blast
intactGmmnames:
   - "intact.613.0"
   - "intact.613.1"
   - "intact.613.2"
   - "intact.613.3"
   - "intact.613.4"
intactLabels:
   - FSC-A
   - SSC-A
   - CD20
   - CD10
   - CD45
   - CD34
   - SYTO41
   - CD19
   - CD38
intactMu: !!opencv-matrix
   rows: 5
   cols: 9
   dt: d
   data: [ 1.3362963619917851e+00, 2.4397958309479176e-01,
       9.5778686786003031e-01, 1.3559321957792327e+00,
       3.2377833950014430e+00, 1.1276527987897269e+00,
       3.6322135760948937e+00, 1.0830398926156235e+00,
       1.6498876680501617e+00, 2.7886871093273773e+00,
       2.2445135039336845e+00, 1.1949330905307969e+00,
       2.4449812451091200e+00, 2.9048855896050307e+00,
       1.3074345750516474e+00, 3.2764081173755111e+00,
       1.5363320306330310e+00, 1.6527476905334564e+00,
       2.2967666726363296e+00, 1.4399012302920011e+00,
       1.5456462645342783e+00, 1.8347447420270135e+00,
       2.9272423204597970e+00, 1.5328928448784263e+00,
       3.5203296449233319e+00, 1.5985390367603427e+00,
       1.8503831333209917e+00, 2.0539158746769188e+00,
       4.1591396057319652e-01, 1.1137676007910973e+00,
       1.4724838727599963e+00, 3.4052886922515158e+00,
       1.1736785021494855e+00, 3.2890122611617079e+00,
       1.1692176810147732e+00, 1.7667772643670403e+00,
       1.5374090676067285e+00, 1.0469689763385459e+00,
       8.7744148857089477e-01, 1.5121115730025603e+00,
       1.8089687744928027e+00, 1.1239876387643744e+00,
       3.1453938613514887e+00, 1.2165507055555820e+00,
       1.5717367538371463e+00 ]
intactSigma:
   - !!opencv-matrix
      rows: 9
      cols: 9
      dt: d
      data: [ 1.4897569823264065e-01, 9.1957446398317731e-03,
          3.2498803600496791e-02, 1.7447257222592522e-02,
          1.4720481499686513e-02, 1.7443199742279585e-03,
          -2.8110628046894539e-02, 5.0779883092093459e-03,
          -1.0473451204667529e-02, 9.1957446398317731e-03,
          5.0345360717506359e-03, 7.1703729162239938e-03,
          4.3258902080934164e-03, 3.1028425598729403e-03,
          1.4183650292391291e-03, -9.0893585206456239e-04,
          1.9456411570332789e-03, -1.9159093385495692e-03,
          3.2498803600496791e-02, 7.1703729162239938e-03,
          5.4653527040482541e-02, 5.6820642702903167e-03,
          8.8049159456628952e-03, 1.8076029344880019e-03,
          -6.9579039628716718e-03, 4.4770939866909023e-03,
          -4.1774587767665133e-03, 1.7447257222592522e-02,
          4.3258902080934164e-03, 5.6820642702903167e-03,
          5.5045609327947796e-02, 8.8066428011106083e-03,
          2.9569659988534949e-03, -1.2260581519100201e-03,
          2.8937281360812911e-03, -1.1379674927079072e-03,
          1.4720481499686513e-02, 3.1028425598729407e-03,
          8.8049159456628934e-03, 8.8066428011106083e-03,
          8.6914780314635634e-03, 4.8812955212966411e-04,
          -1.6469073456886548e-03, 1.5234348282862681e-03,
          -2.6213037651168147e-03, 1.7443199742279581e-03,
          1.4183650292391293e-03, 1.8076029344880006e-03,
          2.9569659988534936e-03, 4.8812955212966384e-04,
          1.2936428446307979e-01, 1.3406873765661274e-03,
          -2.0646842393915793e-03, 1.5942812113726352e-03,
          -2.8110628046894539e-02, -9.0893585206456228e-04,
          -6.9579039628716735e-03, -1.2260581519100199e-03,
          -1.6469073456886548e-03, 1.3406873765661269e-03,
          1.6314047177760572e-02, -2.2014390853213042e-04,
          7.3696789670851359e-04, 5.0779883092093451e-03,
          1.9456411570332776e-03, 4.4770939866909014e-03,
          2.8937281360812920e-03, 1.5234348282862679e-03,
          -2.0646842393915793e-03, -2.2014390853213021e-04,
          2.0965660526589061e-02, -1.9715075346500468e-03,
          -1.0473451204667529e-02, -1.9159093385495689e-03,
          -4.1774587767665124e-03, -1.1379674927079076e-03,
          -2.6213037651168147e-03, 1.5942812113726348e-03,
          7.3696789670851337e-04, -1.9715075346500468e-03,
          1.3567916735351382e-02 ]
   - !!opencv-matrix
      rows: 9
      cols: 9
      dt: d
      data: [ 3.4085243769441875e-01, 1.5347068692760049e-01,
          2.9011536159195925e-02, -1.2424142582209632e-02,
          -8.5236800295260197e-04, 2.7890380728862389e-03,
          -3.3324837882682375e-02, 3.3967798282555521e-02,
          2.9330562923458999e-03, 1.5347068692760046e-01,
          2.5511835427541896e-01, 4.1778178886209577e-02,
          3.7741139185493003e-02, 1.9514633764115857e-02,
          1.2346956511545696e-02, -1.9382327846775953e-02,
          5.5270246476653767e-02, 2.2591721166826807e-03,
          2.9011536159195925e-02, 4.1778178886209584e-02,
          5.2768384236354278e-02, 2.5004643653629720e-02,
          1.8899634575882937e-02, 9.7236053031602137e-03,
          -2.5546034648737042e-02, 1.2845043056598664e-02,
          2.9648349168421857e-04, -1.2424142582209632e-02,
          3.7741139185493003e-02, 2.5004643653629709e-02,
          1.4032834062771452e-01, 3.7491272195210729e-02,
          1.5063434670492315e-02, -1.3765661067326728e-02,
          1.5733609810909259e-02, -8.8686777669869966e-04,
          -8.5236800295260295e-04, 1.9514633764115857e-02,
          1.8899634575882941e-02, 3.7491272195210729e-02,
          3.3942611439293370e-02, 7.2601209195667605e-03,
          -1.3396457916905240e-02, 8.3781399239949619e-03,
          -1.4176743316864681e-03, 2.7890380728862406e-03,
          1.2346956511545699e-02, 9.7236053031602102e-03,
          1.5063434670492313e-02, 7.2601209195667640e-03,
          1.0813857715101387e-01, -4.8567292353112945e-03,
          2.6466557906127735e-03, 2.1295937944235425e-03,
          -3.3324837882682382e-02, -1.9382327846775956e-02,
          -2.5546034648737045e-02, -1.3765661067326728e-02,
          -1.3396457916905240e-02, -4.8567292353112980e-03,
          1.0256485148587012e-01, -6.0107333359433485e-03,
          -4.1743129154850697e-04, 3.3967798282555528e-02,
          5.5270246476653767e-02, 1.2845043056598664e-02,
          1.5733609810909259e-02, 8.3781399239949619e-03,
          2.6466557906127735e-03, -6.0107333359433503e-03,
          2.9259062985015006e-02, -1.4404026135101452e-03,
          2.9330562923458991e-03, 2.2591721166826807e-03,
          2.9648349168421868e-04, -8.8686777669869945e-04,
          -1.4176743316864683e-03, 2.1295937944235429e-03,
          -4.1743129154850697e-04, -1.4404026135101452e-03,
          7.8261136529495963e-03 ]
   - !!opencv-matrix
      rows: 9
      cols: 9
      dt: d
      data: [ 8.4364733706408568e-01, 3.4309473163729731e-01,
          4.3910576418157481e-02, 1.4477737491300155e-01,
          2.3087910600116095e-02, 4.1262866821503888e-02,
          1.7950194300887165e-02, 8.6041355321461940e-02,
          -3.4638343639585213e-02, 3.4309473163729731e-01,
          8.9214315455273419e-01, 3.2258365538960589e-02,
          1.8899599604076303e-01, 1.1012796046475355e-02,
          -4.2594732133413183e-03, 1.6326720892224523e-02,
          1.8187736598155504e-01, -6.7073113936482381e-02,
          4.3910576418157481e-02, 3.2258365538960589e-02,
          4.2185800275295982e-01, 1.7010555647296519e-01,
          4.8329324212958491e-02, 6.5594433269144312e-02,
          -7.3079045230122222e-02, 1.9313319390265868e-01,
          3.5802279165412239e-02, 1.4477737491300155e-01,
          1.8899599604076306e-01, 1.7010555647296519e-01,
          3.3558947240345544e-01, 4.2879103810244609e-02,
          9.1191652359401507e-02, -1.5626074395567791e-02,
          1.3254823539585656e-01, 7.5814403350238133e-02,
          2.3087910600116102e-02, 1.1012796046475353e-02,
          4.8329324212958491e-02, 4.2879103810244609e-02,
          3.2927778053472412e-01, -7.4266582915087878e-02,
          5.6073945504624557e-02, 5.7229337967257002e-02,
