%YAML:1.0
---
groups:
   - intact
   - CD19
   - blast
intactGmmnames:
   - "intact.617.0"
   - "intact.617.1"
   - "intact.617.2"
   - "intact.617.3"
   - "intact.617.4"
intactLabels:
   - FSC-A
   - SSC-A
   - CD20
   - CD10
   - CD45
   - CD34
   - SYTO41
   - CD19
   - CD38
intactMu: !!opencv-matrix
   rows: 5
   cols: 9
   dt: d
   data: [ 1.7510725713584940e+00, 4.4003633744373299e-01,
       9.6340835213863552e-01, 8.5131432503082660e-01,
       3.4781335629137606e+00, 1.0271535501229456e+00,
       2.6022519027073123e+00, 1.0308068271924817e+00,
       1.9992076234785279e+00, 2.3201263440420914e+00,
       2.4510799654699551e+00, 1.2057079143147551e+00,
       2.4990549723753301e+00, 2.9805382136823555e+00,
       1.3542489957358377e+00, 2.7363888967807468e+00,
       1.4635925247819830e+00, 1.5707307610349832e+00,
       1.0607572232643612e+00, 2.5981280467659612e-01,
       8.1710722197552732e-01, 1.1141926168894465e+00,
       1.0971849498486836e+00, 1.0292466666402629e+00,
       2.5003269151953775e+00, 1.0204754897072061e+00,
       1.1722957119481925e+00, 1.4738201485257643e+00,
       3.9440279774105280e-01, 9.5625758801097505e-01,
       1.4185988972530319e+00, 1.3288460654513929e+00,
       1.1150271519345245e+00, 2.6776581823536705e+00,
       1.0626090839158895e+00, 1.2720717387095195e+00,
       1.5118032247880044e+00, 2.3739018506080625e-01,
       9.4854889992396607e-01, 8.3426032279466167e-01,
       3.3802839518327272e+00, 1.0206477285190505e+00,
       3.0060745565559510e+00, 1.0033286191450752e+00,
       1.2350258346441740e+00 ]
intactSigma:
   - !!opencv-matrix
      rows: 9
      cols: 9
      dt: d
      data: [ 7.6406767572734541e-02, 4.5743820878796177e-03,
          5.3717931675474747e-03, -9.0528864522454575e-04,
          5.4716452510963215e-04, -1.3715260865629223e-03,
          -1.4715040494669604e-02, -7.6532200615704257e-04,
          4.8328089085732948e-03, 4.5743820878796177e-03,
          1.0373626817557971e-02, 2.7130793987155477e-03,
          8.5294470038370092e-04, 9.8124026152618914e-04,
          3.8061586578369035e-04, -8.0546085958456432e-03,
          1.9105122765191672e-03, 2.6007677341926775e-02,
          5.3717931675474765e-03, 2.7130793987155482e-03,
          4.5443961238922782e-02, 1.6019509970434119e-04,
          2.4511367688082489e-03, -3.4983791717007619e-03,
          3.8951357406770272e-03, 7.9389442519428328e-04,
          -2.6638391323249869e-02, -9.0528864522454575e-04,
          8.5294470038370113e-04, 1.6019509970434119e-04,
          4.3402911714629705e-02, -8.2612809408194590e-05,
          -3.1514754068404363e-03, 9.9924234287878978e-03,
          7.6168944169715451e-04, -1.7685553521351160e-02,
          5.4716452510963204e-04, 9.8124026152618914e-04,
          2.4511367688082493e-03, -8.2612809408194563e-05,
          9.7344150033437191e-03, -3.7070015767335673e-03,
          -5.3606308610084988e-03, -1.9004136592426009e-03,
          -1.2718871109219786e-02, -1.3715260865629225e-03,
          3.8061586578368970e-04, -3.4983791717007628e-03,
          -3.1514754068404380e-03, -3.7070015767335673e-03,
          1.6975711148890157e-01, 3.7634934434219169e-03,
          -3.0081671812523061e-03, 5.6028237791858008e-03,
          -1.4715040494669604e-02, -8.0546085958456432e-03,
          3.8951357406770272e-03, 9.9924234287878978e-03,
          -5.3606308610085005e-03, 3.7634934434219187e-03,
          8.6353357439001299e-02, 2.2019499051962087e-03,
          -6.2312166811363222e-02, -7.6532200615704203e-04,
          1.9105122765191672e-03, 7.9389442519428328e-04,
          7.6168944169715429e-04, -1.9004136592426016e-03,
          -3.0081671812523052e-03, 2.2019499051962091e-03,
          1.8991325310600059e-02, 2.4660453889638035e-03,
          4.8328089085732974e-03, 2.6007677341926782e-02,
          -2.6638391323249869e-02, -1.7685553521351149e-02,
          -1.2718871109219782e-02, 5.6028237791857990e-03,
          -6.2312166811363222e-02, 2.4660453889638035e-03,
          4.7547258628736072e-01 ]
   - !!opencv-matrix
      rows: 9
      cols: 9
      dt: d
      data: [ 4.3512862034909056e-01, 2.1599548195696605e-01,
          2.9079476312304783e-02, -2.7956418935160751e-03,
          4.9260807540863170e-02, -6.0267327920257175e-03,
          -4.7164544823752709e-03, 3.0475612293378938e-02,
          4.1117886251751286e-02, 2.1599548195696608e-01,
          1.0197301002061330e+00, -2.4546478645251349e-02,
          4.0918343704717858e-01, 1.7841365736835277e-01,
          -1.6709419574571460e-01, -5.6084498659850823e-02,
          1.6861337750696820e-01, -6.7670099459207836e-02,
          2.9079476312304786e-02, -2.4546478645251356e-02,
          9.9850250602154730e-02, 1.3503019764314007e-03,
          -5.1062111466008107e-04, 3.9623112929896911e-02,
          2.0214963486642674e-03, 9.1705359831250194e-03,
          1.8583771450345690e-02, -2.7956418935160734e-03,
          4.0918343704717858e-01, 1.3503019764314025e-03,
          5.2515437474719995e-01, 1.0440164607744967e-01,
          -1.8998922478600272e-02, -3.0238306677513819e-02,
          7.3902191208317966e-02, -1.0139564037431202e-01,
          4.9260807540863170e-02, 1.7841365736835277e-01,
          -5.1062111466008183e-04, 1.0440164607744967e-01,
          1.8435725878517259e-01, -5.1633036981857054e-02,
          -3.5185945829574076e-04, 2.4330979334474024e-02,
          -1.4204917915183668e-02, -6.0267327920257175e-03,
          -1.6709419574571460e-01, 3.9623112929896911e-02,
          -1.8998922478600272e-02, -5.1633036981857047e-02,
          2.7400540381723631e-01, -2.9756427660729353e-03,
          -2.8074928504604982e-02, 2.6734335339629763e-02,
          -4.7164544823752709e-03, -5.6084498659850823e-02,
          2.0214963486642661e-03, -3.0238306677513819e-02,
          -3.5185945829574027e-04, -2.9756427660729348e-03,
          1.0673969297960970e-01, -8.5083388039216678e-03,
          2.1753786081192855e-02, 3.0475612293378938e-02,
          1.6861337750696820e-01, 9.1705359831250194e-03,
          7.3902191208317966e-02, 2.4330979334474017e-02,
          -2.8074928504604978e-02, -8.5083388039216678e-03,
          5.5333741158912750e-02, -1.2994810448379416e-02,
          4.1117886251751279e-02, -6.7670099459207836e-02,
          1.8583771450345690e-02, -1.0139564037431202e-01,
          -1.4204917915183668e-02, 2.6734335339629763e-02,
          2.1753786081192855e-02, -1.2994810448379421e-02,
          2.0454569556603347e-01 ]
   - !!opencv-matrix
      rows: 9
      cols: 9
      dt: d
      data: [ 3.2011237284635487e-02, 4.5902741610886815e-03,
          4.6060489116126280e-03, 6.5038926380107057e-03,
          5.3469670358388625e-03, -6.2150129339345059e-04,
          -2.9559345223071631e-02, 1.2431273973769338e-03,
          2.0691751425022057e-04, 4.5902741610886807e-03,
          4.7380989976854148e-03, 3.6697183172000824e-03,
          2.6784941984190525e-03, 3.3798634979046215e-03,
          9.2573511769819620e-05, -8.1519859253775893e-03,
          1.0091675821804235e-03, 3.8803722334671036e-04,
          4.6060489116126280e-03, 3.6697183172000824e-03,
          3.6501521744206802e-02, -3.2643059266537866e-03,
          3.5818983097155354e-03, -9.9001096671955222e-04,
          -1.3226488157220474e-02, 1.3558117717454301e-03,
          -8.3303380919937478e-04, 6.5038926380107066e-03,
          2.6784941984190529e-03, -3.2643059266537866e-03,
          1.1388313181825974e-01, 1.2026067277473925e-02,
          -1.2209533654274254e-03, -5.9339284714304023e-03,
          3.6214629777970722e-05, 5.1251481990962147e-03,
          5.3469670358388633e-03, 3.3798634979046215e-03,
          3.5818983097155354e-03, 1.2026067277473924e-02,
          9.5935862586085274e-02, -4.0711894874225938e-03,
