%YAML:1.0
---
groups:
   - intact
   - CD19
   - blast
intactGmmnames:
   - "intact.618.0"
   - "intact.618.1"
   - "intact.618.2"
   - "intact.618.3"
   - "intact.618.4"
intactLabels:
   - FSC-A
   - SSC-A
   - CD20
   - CD10
   - CD45
   - CD34
   - SYTO41
   - CD19
   - CD38
intactMu: !!opencv-matrix
   rows: 5
   cols: 9
   dt: d
   data: [ 2.0638340836062024e+00, 7.5032119565512023e-01,
       9.8910627246881899e-01, 1.3206217713855641e+00,
       3.4052404367668236e+00, 1.0933009204361224e+00,
       3.5601239142921099e+00, 1.1887354453758574e+00,
       1.5409848728182836e+00, 1.4307103651426385e+00,
       2.4519074955373613e-01, 6.9492617863766737e-01,
       7.7515335064867530e-01, 3.3178504671739910e+00,
       1.0260834338014426e+00, 3.4692300740376663e+00,
       9.5912800076972071e-01, 1.5265996303633795e+00,
       2.7156031827322202e+00, 1.1743515053160167e+00,
       1.0183351360837560e+00, 1.1681769298762374e+00,
       3.0981386020284525e+00, 1.6803239841307178e+00,
       3.5956468126592172e+00, 1.1665811723983233e+00,
       2.6387703445546187e+00, 1.8123024356476618e+00,
       4.3468006346819837e-01, 7.7607175105130766e-01,
       8.1017683621415804e-01, 3.4529017387810499e+00,
       1.0260730347240907e+00, 3.3368386847490572e+00,
       9.8483844032403633e-01, 1.7841659121382942e+00,
       1.3529921604736717e+00, 4.5678380289431103e-01,
       7.1477372439905440e-01, 1.2584840334457190e+00,
       1.2936499992567962e+00, 1.1154732350046666e+00,
       3.6667338660180868e+00, 1.0707747487740167e+00,
       1.3307217743943618e+00 ]
intactSigma:
   - !!opencv-matrix
      rows: 9
      cols: 9
      dt: d
      data: [ 5.4695712321606371e-01, 7.1357550731196789e-02,
          -2.6549659211533995e-02, -1.8102045785530321e-01,
          8.6783003638695344e-02, -1.0656626665983965e-02,
          5.9357877905211166e-02, -4.3531861760787750e-03,
          8.0841459849744793e-02, 7.1357550731196789e-02,
          4.2931392128135459e-01, 1.7250393122622820e-01,
          -1.0833259587298627e-01, -1.0755516313292095e-02,
          4.5253315888584772e-03, 7.8498014819635524e-03,
          1.9941402334727321e-01, 2.2736975975985330e-02,
          -2.6549659211534002e-02, 1.7250393122622820e-01,
          3.3411633891267484e-01, 9.0578113907077555e-04,
          -2.0606519043103844e-02, 3.7670814440721498e-02,
          -5.1614481270656379e-04, 1.9506463806645918e-01,
          4.6210492928011318e-03, -1.8102045785530321e-01,
          -1.0833259587298627e-01, 9.0578113907077500e-04,
          2.8210567923511087e-01, -2.9953567201473862e-02,
          1.0409166551635934e-02, -4.1962794663677770e-02,
          -2.3268300652736020e-02, -5.7312454167166134e-02,
          8.6783003638695344e-02, -1.0755516313292095e-02,
          -2.0606519043103840e-02, -2.9953567201473862e-02,
          3.1768170806869958e-02, -1.5210228991233041e-02,
          1.3414533129130948e-02, -1.9429988174879773e-02,
          9.7065994063378035e-03, -1.0656626665983965e-02,
          4.5253315888584781e-03, 3.7670814440721498e-02,
          1.0409166551635936e-02, -1.5210228991233041e-02,
          1.6215480193565365e-01, 2.0711358741458335e-02,
          2.1195870796100153e-02, 3.0408423319874735e-02,
          5.9357877905211173e-02, 7.8498014819635489e-03,
          -5.1614481270656379e-04, -4.1962794663677770e-02,
          1.3414533129130948e-02, 2.0711358741458331e-02,
          5.7606157115297298e-02, 8.4129816127933368e-03,
          5.3020806843372258e-02, -4.3531861760787794e-03,
          1.9941402334727321e-01, 1.9506463806645918e-01,
          -2.3268300652736010e-02, -1.9429988174879773e-02,
          2.1195870796100153e-02, 8.4129816127933368e-03,
          1.9054562830499255e-01, 3.4166488362991007e-02,
          8.0841459849744821e-02, 2.2736975975985330e-02,
          4.6210492928011318e-03, -5.7312454167166141e-02,
          9.7065994063378087e-03, 3.0408423319874735e-02,
          5.3020806843372258e-02, 3.4166488362991007e-02,
          1.8411116128750205e-01 ]
   - !!opencv-matrix
      rows: 9
      cols: 9
      dt: d
      data: [ 7.9853210743418349e-02, 6.8837633589315965e-03,
          1.3874473268090869e-02, 2.4232070816819851e-03,
          9.1198408643276586e-03, -2.1712880316674264e-03,
          -2.4899149834854820e-02, 4.6003370203469962e-04,
          -7.2803903504978168e-03, 6.8837633589315965e-03,
          5.3597020693669645e-03, 4.7632066607857897e-03,
          2.0711988578983936e-03, 2.5253045689632870e-03,
          8.9390217194848650e-05, -3.8622998712946224e-03,
          8.1228436522878822e-04, -4.9712418618844418e-03,
          1.3874473268090865e-02, 4.7632066607857879e-03,
          3.2628744593026095e-02, -5.5785637634092307e-04,
          3.3432129462917324e-03, 6.2855610934579300e-04,
          -9.4944464000464926e-03, 4.5023564553895546e-04,
          -8.5139224439142527e-03, 2.4232070816819855e-03,
          2.0711988578983932e-03, -5.5785637634092307e-04,
          3.8650870782334805e-02, 5.0525493990286117e-04,
          -1.4280602970868801e-03, -1.5606529194596829e-03,
          9.3409786556912120e-04, -4.3903789038799183e-03,
          9.1198408643276586e-03, 2.5253045689632874e-03,
          3.3432129462917324e-03, 5.0525493990286139e-04,
          6.5613783585021747e-03, -2.8589670324395684e-03,
          -4.3761417800433754e-03, -6.9686602512462165e-04,
          -4.6337384647203916e-03, -2.1712880316674260e-03,
          8.9390217194848596e-05, 6.2855610934579322e-04,
          -1.4280602970868793e-03, -2.8589670324395684e-03,
          9.3495650557669813e-02, 1.3356668475492882e-03,
          -1.8165890269718360e-03, 4.0551881961785668e-03,
          -2.4899149834854820e-02, -3.8622998712946224e-03,
          -9.4944464000464926e-03, -1.5606529194596831e-03,
          -4.3761417800433754e-03, 1.3356668475492889e-03,
          2.3553278567704766e-02, 8.6970313078674395e-04,
          4.4186075144612936e-03, 4.6003370203469952e-04,
          8.1228436522878800e-04, 4.5023564553895530e-04,
          9.3409786556912175e-04, -6.9686602512462187e-04,
          -1.8165890269718371e-03, 8.6970313078674351e-04,
          1.3065538266605383e-02, -2.1176624218880633e-03,
          -7.2803903504978177e-03, -4.9712418618844418e-03,
          -8.5139224439142562e-03, -4.3903789038799157e-03,
          -4.6337384647203916e-03, 4.0551881961785668e-03,
          4.4186075144612945e-03, -2.1176624218880637e-03,
          7.6028999071904593e-02 ]
   - !!opencv-matrix
      rows: 9
      cols: 9
      dt: d
      data: [ 4.6750204315512756e-01, 8.0567949032176178e-02,
          2.7796961099638370e-03, -3.7079738348065286e-02,
          4.8311988572977159e-02, 2.4907201214992996e-02,
          1.2835592087585947e-02, -5.7650087646063603e-03,
          5.8098263987963888e-03, 8.0567949032176178e-02,
          2.8092557618540476e-01, 1.3029459865916471e-01,
          1.0420839100079111e-01, 1.3538360235768039e-03,
          -4.5774741872407557e-02, 1.4782051860693641e-02,
          7.9392396798538864e-02, 5.0587508771505495e-02,
          2.7796961099638335e-03, 1.3029459865916465e-01,
          1.7508468982679468e-01, 1.4200806548073180e-01,
          -1.5814708839180440e-03, -2.2342626458757807e-02,
          -6.0998124791668593e-02, 6.3869387917408649e-02,
          2.4056501103129912e-02, -3.7079738348065286e-02,
          1.0420839100079116e-01, 1.4200806548073180e-01,
          2.5930097880573572e-01, -2.6656785735312556e-02,
          -2.0378740548074575e-02, -5.3262398585353789e-02,
          7.0214351484038012e-02, 4.2941924780233919e-02,
          4.8311988572977152e-02, 1.3538360235768022e-03,
          -1.5814708839180429e-03, -2.6656785735312553e-02,
          7.4927710582238682e-02, -2.7224461176524771e-03,
