%YAML:1.0
---
groups:
   - intact
   - CD19
   - blast
intactGmmnames:
   - "intact.618.0"
   - "intact.618.1"
   - "intact.618.2"
   - "intact.618.3"
   - "intact.618.4"
intactLabels:
   - FSC-A
   - SSC-A
   - CD20
   - CD10
   - CD45
   - CD34
   - SYTO41
   - CD19
   - CD38
intactMu: !!opencv-matrix
   rows: 5
   cols: 9
   dt: d
   data: [ 2.0638340836062024e+00, 7.5032119565512023e-01,
       9.8910627246881899e-01, 1.3206217713855641e+00,
       3.4052404367668236e+00, 1.0933009204361224e+00,
       3.5601239142921099e+00, 1.1887354453758574e+00,
       1.5409848728182836e+00, 1.4307103651426385e+00,
       2.4519074955373613e-01, 6.9492617863766737e-01,
       7.7515335064867530e-01, 3.3178504671739910e+00,
       1.0260834338014426e+00, 3.4692300740376663e+00,
       9.5912800076972071e-01, 1.5265996303633795e+00,
       2.7156031827322202e+00, 1.1743515053160167e+00,
       1.0183351360837560e+00, 1.1681769298762374e+00,
       3.0981386020284525e+00, 1.6803239841307178e+00,
       3.5956468126592172e+00, 1.1665811723983233e+00,
       2.6387703445546187e+00, 1.8123024356476618e+00,
       4.3468006346819837e-01, 7.7607175105130766e-01,
       8.1017683621415804e-01, 3.4529017387810499e+00,
       1.0260730347240907e+00, 3.3368386847490572e+00,
       9.8483844032403633e-01, 1.7841659121382942e+00,
       1.3529921604736717e+00, 4.5678380289431103e-01,
       7.1477372439905440e-01, 1.2584840334457190e+00,
       1.2936499992567962e+00, 1.1154732350046666e+00,
       3.6667338660180868e+00, 1.0707747487740167e+00,
       1.3307217743943618e+00 ]
intactSigma:
   - !!opencv-matrix
      rows: 9
      cols: 9
      dt: d
      data: [ 5.4695712321606371e-01, 7.1357550731196789e-02,
          -2.6549659211533995e-02, -1.8102045785530321e-01,
          8.6783003638695344e-02, -1.0656626665983965e-02,
          5.9357877905211166e-02, -4.3531861760787750e-03,
          8.0841459849744793e-02, 7.1357550731196789e-02,
          4.2931392128135459e-01, 1.7250393122622820e-01,
          -1.0833259587298627e-01, -1.0755516313292095e-02,
          4.5253315888584772e-03, 7.8498014819635524e-03,
          1.9941402334727321e-01, 2.2736975975985330e-02,
          -2.6549659211534002e-02, 1.7250393122622820e-01,
          3.3411633891267484e-01, 9.0578113907077555e-04,
          -2.0606519043103844e-02, 3.7670814440721498e-02,
          -5.1614481270656379e-04, 1.9506463806645918e-01,
          4.6210492928011318e-03, -1.8102045785530321e-01,
          -1.0833259587298627e-01, 9.0578113907077500e-04,
          2.8210567923511087e-01, -2.9953567201473862e-02,
          1.0409166551635934e-02, -4.1962794663677770e-02,
          -2.3268300652736020e-02, -5.7312454167166134e-02,
          8.6783003638695344e-02, -1.0755516313292095e-02,
          -2.0606519043103840e-02, -2.9953567201473862e-02,
          3.1768170806869958e-02, -1.5210228991233041e-02,
          1.3414533129130948e-02, -1.9429988174879773e-02,
          9.7065994063378035e-03, -1.0656626665983965e-02,
          4.5253315888584781e-03, 3.7670814440721498e-02,
          1.0409166551635936e-02, -1.5210228991233041e-02,
          1.6215480193565365e-01, 2.0711358741458335e-02,
          2.1195870796100153e-02, 3.0408423319874735e-02,
          5.9357877905211173e-02, 7.8498014819635489e-03,
          -5.1614481270656379e-04, -4.1962794663677770e-02,
          1.3414533129130948e-02, 2.0711358741458331e-02,
          5.7606157115297298e-02, 8.4129816127933368e-03,
          5.3020806843372258e-02, -4.3531861760787794e-03,
          1.9941402334727321e-01, 1.9506463806645918e-01,
          -2.3268300652736010e-02, -1.9429988174879773e-02,
          2.1195870796100153e-02, 8.4129816127933368e-03,
          1.9054562830499255e-01, 3.4166488362991007e-02,
          8.0841459849744821e-02, 2.2736975975985330e-02,
          4.6210492928011318e-03, -5.7312454167166141e-02,
          9.7065994063378087e-03, 3.0408423319874735e-02,
          5.3020806843372258e-02, 3.4166488362991007e-02,
          1.8411116128750205e-01 ]
   - !!opencv-matrix
      rows: 9
      cols: 9
      dt: d
      data: [ 7.9853210743418349e-02, 6.8837633589315965e-03,
          1.3874473268090869e-02, 2.4232070816819851e-03,
          9.1198408643276586e-03, -2.1712880316674264e-03,
          -2.4899149834854820e-02, 4.6003370203469962e-04,
          -7.2803903504978168e-03, 6.8837633589315965e-03,
          5.3597020693669645e-03, 4.7632066607857897e-03,
          2.0711988578983936e-03, 2.5253045689632870e-03,
          8.9390217194848650e-05, -3.8622998712946224e-03,
          8.1228436522878822e-04, -4.9712418618844418e-03,
          1.3874473268090865e-02, 4.7632066607857879e-03,
          3.2628744593026095e-02, -5.5785637634092307e-04,
          3.3432129462917324e-03, 6.2855610934579300e-04,
          -9.4944464000464926e-03, 4.5023564553895546e-04,
          -8.5139224439142527e-03, 2.4232070816819855e-03,
          2.0711988578983932e-03, -5.5785637634092307e-04,
          3.8650870782334805e-02, 5.0525493990286117e-04,
          -1.4280602970868801e-03, -1.5606529194596829e-03,
          9.3409786556912120e-04, -4.3903789038799183e-03,
          9.1198408643276586e-03, 2.5253045689632874e-03,
          3.3432129462917324e-03, 5.0525493990286139e-04,
          6.5613783585021747e-03, -2.8589670324395684e-03,
          -4.3761417800433754e-03, -6.9686602512462165e-04,
          -4.6337384647203916e-03, -2.1712880316674260e-03,
          8.9390217194848596e-05, 6.2855610934579322e-04,
          -1.4280602970868793e-03, -2.8589670324395684e-03,
          9.3495650557669813e-02, 1.3356668475492882e-03,
          -1.8165890269718360e-03, 4.0551881961785668e-03,
          -2.4899149834854820e-02, -3.8622998712946224e-03,
          -9.4944464000464926e-03, -1.5606529194596831e-03,
          -4.3761417800433754e-03, 1.3356668475492889e-03,
          2.3553278567704766e-02, 8.6970313078674395e-04,
          4.4186075144612936e-03, 4.6003370203469952e-04,
          8.1228436522878800e-04, 4.5023564553895530e-04,
          9.3409786556912175e-04, -6.9686602512462187e-04,
          -1.8165890269718371e-03, 8.6970313078674351e-04,
          1.3065538266605383e-02, -2.1176624218880633e-03,
          -7.2803903504978177e-03, -4.9712418618844418e-03,
          -8.5139224439142562e-03, -4.3903789038799157e-03,
          -4.6337384647203916e-03, 4.0551881961785668e-03,
          4.4186075144612945e-03, -2.1176624218880637e-03,
          7.6028999071904593e-02 ]
   - !!opencv-matrix
      rows: 9
      cols: 9
      dt: d
      data: [ 4.6750204315512756e-01, 8.0567949032176178e-02,
          2.7796961099638370e-03, -3.7079738348065286e-02,
          4.8311988572977159e-02, 2.4907201214992996e-02,
          1.2835592087585947e-02, -5.7650087646063603e-03,
          5.8098263987963888e-03, 8.0567949032176178e-02,
          2.8092557618540476e-01, 1.3029459865916471e-01,
          1.0420839100079111e-01, 1.3538360235768039e-03,
          -4.5774741872407557e-02, 1.4782051860693641e-02,
          7.9392396798538864e-02, 5.0587508771505495e-02,
          2.7796961099638335e-03, 1.3029459865916465e-01,
          1.7508468982679468e-01, 1.4200806548073180e-01,
          -1.5814708839180440e-03, -2.2342626458757807e-02,
          -6.0998124791668593e-02, 6.3869387917408649e-02,
          2.4056501103129912e-02, -3.7079738348065286e-02,
          1.0420839100079116e-01, 1.4200806548073180e-01,
          2.5930097880573572e-01, -2.6656785735312556e-02,
          -2.0378740548074575e-02, -5.3262398585353789e-02,
          7.0214351484038012e-02, 4.2941924780233919e-02,
          4.8311988572977152e-02, 1.3538360235768022e-03,
          -1.5814708839180429e-03, -2.6656785735312553e-02,
          7.4927710582238682e-02, -2.7224461176524771e-03,
          -4.9256203907035306e-02, -3.9448940556990712e-03,
          -7.8306339176446693e-02, 2.4907201214992996e-02,
          -4.5774741872407557e-02, -2.2342626458757807e-02,
          -2.0378740548074575e-02, -2.7224461176524801e-03,
          3.8378355913634343e-01, 3.5869843980809245e-02,
          -3.7785875792096253e-02, 2.2251214105203233e-02,
          1.2835592087585940e-02, 1.4782051860693644e-02,
          -6.0998124791668600e-02, -5.3262398585353789e-02,
          -4.9256203907035320e-02, 3.5869843980809252e-02,
          1.5558536082736260e-01, -2.5573409564427996e-02,
          1.0368618732565649e-01, -5.7650087646063568e-03,
          7.9392396798538864e-02, 6.3869387917408649e-02,
          7.0214351484038012e-02, -3.9448940556990712e-03,
          -3.7785875792096260e-02, -2.5573409564427996e-02,
          8.0456434045781858e-02, 3.3945808176714484e-02,
          5.8098263987963880e-03, 5.0587508771505495e-02,
          2.4056501103129919e-02, 4.2941924780233891e-02,
          -7.8306339176446693e-02, 2.2251214105203247e-02,
          1.0368618732565651e-01, 3.3945808176714477e-02,
          3.7814319208320646e-01 ]
   - !!opencv-matrix
      rows: 9
      cols: 9
      dt: d
      data: [ 1.1952120879223438e-01, 9.6106987420059003e-03,
          9.3278788533785687e-03, -1.0658507389735752e-04,
          -9.8135362708397301e-05, -4.6108340921736278e-04,
          -1.3161623937474184e-02, 7.2992276356106868e-04,
          1.6095104770312219e-02, 9.6106987420059003e-03,
          1.5281040009975912e-02, 6.6402803501502327e-03,
          1.4669052801515340e-03, 2.5116490686014851e-03,
          9.3676426298727408e-04, -3.9361017930234785e-03,
          2.0554054019460591e-03, 2.7015097116099573e-02,
          9.3278788533785687e-03, 6.6402803501502327e-03,
          3.3701609800632838e-02, -2.4678073378358420e-03,
          2.1649025339194302e-03, -3.4425948700272360e-04,
          -6.4755374120705486e-03, 1.1363395229565837e-03,
          -9.5296084987552595e-03, -1.0658507389735708e-04,
          1.4669052801515345e-03, -2.4678073378358420e-03,
          4.3425017531058069e-02, -3.3451296211856171e-04,
          -8.2328229759717104e-03, 1.6779680063800981e-05,
          1.0320041123270346e-03, 4.9572599720679276e-04,
          -9.8135362708398264e-05, 2.5116490686014851e-03,
          2.1649025339194302e-03, -3.3451296211856193e-04,
          1.4432078951701840e-02, -2.7185907087841745e-03,
          -2.1915628008051112e-03, -3.0921459792916605e-03,
          -1.3888088302709991e-02, -4.6108340921736419e-04,
          9.3676426298727343e-04, -3.4425948700272382e-04,
          -8.2328229759717104e-03, -2.7185907087841740e-03,
          1.3178859435555612e-01, -4.4176739664033811e-04,
          -3.4087788408339887e-03, 2.2162429731665784e-02,
          -1.3161623937474186e-02, -3.9361017930234785e-03,
          -6.4755374120705486e-03, 1.6779680063800934e-05,
          -2.1915628008051112e-03, -4.4176739664033811e-04,
          3.3516551498522951e-02, 1.2133132553386936e-04,
          -4.5741393817945375e-03, 7.2992276356106868e-04,
          2.0554054019460591e-03, 1.1363395229565835e-03,
          1.0320041123270350e-03, -3.0921459792916605e-03,
          -3.4087788408339878e-03, 1.2133132553386909e-04,
          2.1598814693973664e-02, 4.0722810082641772e-03,
          1.6095104770312212e-02, 2.7015097116099569e-02,
          -9.5296084987552595e-03, 4.9572599720679276e-04,
          -1.3888088302709987e-02, 2.2162429731665788e-02,
          -4.5741393817945383e-03, 4.0722810082641772e-03,
          4.0847103930101109e-01 ]
   - !!opencv-matrix
      rows: 9
      cols: 9
      dt: d
      data: [ 3.7950503340369612e-01, 2.1630646662859696e-01,
          7.7809835211731779e-02, 8.1786033103271635e-02,
          1.1366161347598368e-01, 1.5151825438830271e-02,
          -4.9810819147349535e-02, 5.9905939728402267e-02,
          9.5197660982289448e-03, 2.1630646662859696e-01,
          3.7075810009081722e-01, 7.8537883476294021e-02,
          4.5437168492098147e-02, 8.6635513943365425e-02,
          2.8316945606252034e-02, -3.3316349181715679e-02,
          8.8939341418412407e-02, -1.0953368574606661e-02,
          7.7809835211731779e-02, 7.8537883476294021e-02,
          1.0345177763789024e-01, 2.7606122338838149e-02,
          4.4349146474498710e-02, 6.3386076352181936e-03,
          -5.7498479230740591e-02, 2.4016630053872196e-02,
          -5.7674678078683331e-03, 8.1786033103271691e-02,
          4.5437168492098147e-02, 2.7606122338838149e-02,
          1.6548081366466730e-01, 5.9907695088795426e-02,
          4.8639117338773897e-03, 1.5735796520673473e-02,
          1.0725358791781837e-02, 1.8149175474229891e-02,
          1.1366161347598368e-01, 8.6635513943365425e-02,
          4.4349146474498710e-02, 5.9907695088795426e-02,
          2.1397592066576052e-01, 7.5444994241374071e-03,
          2.4597486340014133e-02, 1.8091896488935885e-02,
          3.1350932209808231e-02, 1.5151825438830270e-02,
          2.8316945606252034e-02, 6.3386076352181936e-03,
          4.8639117338773888e-03, 7.5444994241374089e-03,
          2.4073439364802763e-02, -4.4163671708910201e-03,
          5.9525322255380396e-03, -6.0129807444348881e-04,
          -4.9810819147349535e-02, -3.3316349181715672e-02,
          -5.7498479230740591e-02, 1.5735796520673473e-02,
          2.4597486340014133e-02, -4.4163671708910201e-03,
          1.5508470579768957e-01, -1.4231846936268241e-02,
          1.9218326115818026e-02, 5.9905939728402267e-02,
          8.8939341418412407e-02, 2.4016630053872196e-02,
          1.0725358791781834e-02, 1.8091896488935885e-02,
          5.9525322255380396e-03, -1.4231846936268241e-02,
          2.9357930024700610e-02, -5.2852851265851285e-03,
          9.5197660982289413e-03, -1.0953368574606657e-02,
          -5.7674678078683331e-03, 1.8149175474229891e-02,
          3.1350932209808238e-02, -6.0129807444348870e-04,
          1.9218326115818026e-02, -5.2852851265851285e-03,
          2.2180562584673762e-02 ]
intactC: !!opencv-matrix
   rows: 1
   cols: 5
   dt: d
   data: [ 1.8513148162794302e-02, 6.3674789293658751e-01,
       3.4757816891747888e-02, 1.8592162715046795e-01,
       1.9339522630898734e-02 ]
intactNumEvents: 248801.
intactMaxVals: !!opencv-matrix
   rows: 1
   cols: 9
   dt: d
   data: [ 4.5000000000000000e+00, 4.5000000000000000e+00,
       4.5000000000000000e+00, 4.5000000000000000e+00,
       4.5000000000000000e+00, 4.5000000000000000e+00,
       4.5000000000000000e+00, 4.5000000000000000e+00,
       4.5000000000000000e+00 ]
intactScales: !!opencv-matrix
   rows: 1
   cols: 9
   dt: d
   data: [ 1., 1., 1., 1., 1., 1., 1., 1., 1. ]
CD19Gmmnames:
   - "CD19.618.0"
   - "CD19.618.1"
CD19Labels:
   - FSC-A
   - SSC-A
   - CD20
   - CD10
   - CD45
   - CD34
   - SYTO41
   - CD19
   - CD38
CD19Mu: !!opencv-matrix
   rows: 2
   cols: 9
   dt: d
   data: [ 1.4807743496955594e+00, 2.5185853880990416e-01,
       2.7811094290884708e+00, 1.0261529322155634e+00,
       3.2562676881902757e+00, 1.0405396066945547e+00,
       3.3883270878473590e+00, 2.5585411106128015e+00,
       1.4192624657524682e+00, 2.0805251808484213e+00,
       4.7291166747394786e-01, 2.7320837622284566e+00,
       1.1074579807229292e+00, 3.3754410689038448e+00,
       1.1103979721903157e+00, 3.4068379075454756e+00,
       2.5967434268055332e+00, 1.6737678538353640e+00 ]
CD19Sigma:
   - !!opencv-matrix
      rows: 9
      cols: 9
      dt: d
      data: [ 6.4222066952525747e-02, 4.2451159696239339e-03,
          9.0052881640815437e-03, 1.5870364441727841e-04,
          1.1551608310413183e-02, -1.1735846553955563e-03,
          -2.3373222729583205e-02, 1.1249998284116366e-02,
          3.9203741166185350e-03, 4.2451159696239339e-03,
          4.9317998598638422e-03, 3.1441234238044416e-03,
          2.4927604003804465e-04, 2.5656002849665819e-03,
          -2.1639604728017665e-04, -2.6107159800072750e-03,
          3.0365026567571460e-03, 1.1629857023573141e-03,
          9.0052881640815454e-03, 3.1441234238044416e-03,
          2.1262153629662578e-02, 1.7884918590745876e-03,
          4.1354027171894856e-03, -3.5397133954141410e-04,
          -4.4240906672651350e-03, 8.4071438751924313e-03,
          4.7713496907409057e-03, 1.5870364441727841e-04,
          2.4927604003804448e-04, 1.7884918590745868e-03,
          2.0051374616318099e-01, 1.0336953980106241e-03,
          -4.1623950224554682e-03, -3.3550617526325729e-03,
          1.5456441220187149e-03, 1.1506182764650916e-02,
          1.1551608310413183e-02, 2.5656002849665828e-03,
          4.1354027171894847e-03, 1.0336953980106249e-03,
          1.0419639499076486e-02, -2.6324611959924987e-03,
          -6.8485824787856845e-03, 5.8530200332928056e-03,
          1.9195269047850537e-03, -1.1735846553955571e-03,
          -2.1639604728017676e-04, -3.5397133954141426e-04,
          -4.1623950224554665e-03, -2.6324611959924987e-03,
          9.0162251168676169e-02, 2.6945801132458131e-03,
          -1.8516472821592387e-04, 3.4839171751652174e-03,
          -2.3373222729583205e-02, -2.6107159800072750e-03,
          -4.4240906672651350e-03, -3.3550617526325738e-03,
          -6.8485824787856845e-03, 2.6945801132458123e-03,
          3.0463163127537336e-02, -4.8536403028989665e-03,
          -1.5279919425117100e-03, 1.1249998284116366e-02,
          3.0365026567571456e-03, 8.4071438751924348e-03,
          1.5456441220187153e-03, 5.8530200332928056e-03,
          -1.8516472821592444e-04, -4.8536403028989665e-03,
          3.2324558302568453e-02, 3.1210598950461195e-03,
          3.9203741166185359e-03, 1.1629857023573143e-03,
          4.7713496907409066e-03, 1.1506182764650912e-02,
          1.9195269047850537e-03, 3.4839171751652183e-03,
          -1.5279919425117100e-03, 3.1210598950461186e-03,
          7.1179074035198742e-02 ]
   - !!opencv-matrix
      rows: 9
      cols: 9
      dt: d
      data: [ 4.2337176589976405e-01, 2.6723860599547226e-02,
          1.4713147613805716e-02, -2.5375378335807934e-02,
          6.4223109449230958e-02, -4.1877693693838827e-02,
          4.1298693172213068e-02, 2.3555889102118598e-02,
          6.3464789523115447e-02, 2.6723860599547226e-02,
          3.2149099401194925e-02, -1.4484822674352258e-02,
          -4.1165782228937036e-03, 1.2994411714525778e-02,
          -3.4835854052536501e-03, 2.2801215371869587e-02,
          1.6079731108711380e-02, 4.4071938039166800e-02,
          1.4713147613805716e-02, -1.4484822674352258e-02,
          3.2263743019101726e-01, 4.5512285003782599e-02,
          1.6459328375044976e-02, -3.5903824665717925e-03,
          -4.8605546876961114e-02, 6.7738516941130089e-02,
          -1.9477910522407607e-01, -2.5375378335807938e-02,
          -4.1165782228937018e-03, 4.5512285003782592e-02,
          2.6432953092691747e-01, -1.5110367852679135e-03,
          5.3146229827806674e-03, -4.7626453869079296e-03,
          8.0359398915803310e-03, -1.7567056356539084e-02,
          6.4223109449230958e-02, 1.2994411714525778e-02,
          1.6459328375044980e-02, -1.5110367852679155e-03,
          3.8420376197782699e-02, -9.7835688683872782e-03,
          1.4100996009957649e-02, 1.5606774454238552e-02,
          1.4504046088514683e-02, -4.1877693693838841e-02,
          -3.4835854052536514e-03, -3.5903824665717917e-03,
          5.3146229827806674e-03, -9.7835688683872782e-03,
          1.9861426978216096e-01, -2.7372116952055752e-03,
          -6.6888943503044104e-03, -1.5962257121176982e-02,
          4.1298693172213061e-02, 2.2801215371869587e-02,
          -4.8605546876961114e-02, -4.7626453869079296e-03,
          1.4100996009957650e-02, -2.7372116952055769e-03,
          1.0819434166837279e-01, -6.5226602160430383e-04,
          6.3469137060814779e-02, 2.3555889102118598e-02,
          1.6079731108711380e-02, 6.7738516941130089e-02,
          8.0359398915803328e-03, 1.5606774454238553e-02,
          -6.6888943503044104e-03, -6.5226602160430415e-04,
          8.3190301600533922e-02, 3.9003540180987954e-03,
          6.3464789523115447e-02, 4.4071938039166786e-02,
          -1.9477910522407607e-01, -1.7567056356539081e-02,
          1.4504046088514683e-02, -1.5962257121176982e-02,
          6.3469137060814793e-02, 3.9003540180987941e-03,
          4.0687768969288091e-01 ]
CD19C: !!opencv-matrix
   rows: 1
   cols: 2
   dt: d
   data: [ 9.7474841937132239e-02, 6.8925092609474414e-03 ]
CD19NumEvents: 29004.
CD19MaxVals: !!opencv-matrix
   rows: 1
   cols: 9
   dt: d
   data: [ 4.5000000000000000e+00, 4.5000000000000000e+00,
       4.5000000000000000e+00, 4.5000000000000000e+00,
       4.5000000000000000e+00, 4.5000000000000000e+00,
       4.5000000000000000e+00, 4.5000000000000000e+00,
       4.5000000000000000e+00 ]
CD19Scales: !!opencv-matrix
   rows: 1
   cols: 9
   dt: d
   data: [ 1., 1., 1., 1., 1., 1., 1., 1., 1. ]
blastGmmnames:
   - "blast.618.0"
blastLabels:
   - FSC-A
   - SSC-A
   - CD20
   - CD10
   - CD45
   - CD34
   - SYTO41
   - CD19
   - CD38
blastMu: !!opencv-matrix
   rows: 1
   cols: 9
   dt: d
   data: [ 2.0081181063943978e+00, 4.5341088698834786e-01,
       3.0647094176740062e+00, 4.0203374989178711e+00,
       2.0660675382431672e+00, 1.2904922883121335e+00,
       3.4703747228700284e+00, 2.9613919841999907e+00,
       2.6921284454209462e+00 ]
blastSigma:
   - !!opencv-matrix
      rows: 9
      cols: 9
      dt: d
      data: [ 1.2070177317948609e-01, 5.1250907443176176e-03,
          2.4322487312472763e-02, 8.3857011178468856e-03,
          1.9198721998357933e-02, 1.7843593036679088e-02,
          -1.5564632425056025e-03, -7.5296523791716999e-04,
          1.9049283192622866e-02, 5.1250907443176176e-03,
          9.4648999034307648e-03, 9.6864235969344667e-03,
          6.1528442436012869e-03, 1.1471937372972297e-02,
          5.9658624532337012e-03, 1.4142322182299357e-03,
          4.3594284340942355e-04, 4.2159343930338435e-03,
          2.4322487312472763e-02, 9.6864235969344667e-03,
          8.1902525730585554e-02, 2.8003616415222558e-03,
          8.8049372215397003e-03, -3.5748492858019183e-03,
          9.8473831766432724e-03, -1.2790527966716250e-02,
          2.2040767247923782e-02, 8.3857011178468856e-03,
          6.1528442436012869e-03, 2.8003616415222558e-03,
          2.8307685454614658e-02, 3.2920235433158904e-02,
          7.5920884006819870e-03, 2.0973995982139395e-03,
          2.7710603019237396e-03, 4.2499916122444937e-03,
          1.9198721998357933e-02, 1.1471937372972297e-02,
          8.8049372215397003e-03, 3.2920235433158904e-02,
          2.8523265890499833e-01, -4.5819928844657729e-04,
          1.4831130209402897e-03, -1.0491735649215827e-02,
          1.9139444083634334e-02, 1.7843593036679088e-02,
          5.9658624532337012e-03, -3.5748492858019183e-03,
          7.5920884006819870e-03, -4.5819928844657729e-04,
          1.3338031033229439e-01, -3.7843006472802320e-03,
          9.4285712172727867e-03, -2.8184031095428237e-02,
          -1.5564632425056025e-03, 1.4142322182299357e-03,
          9.8473831766432724e-03, 2.0973995982139395e-03,
          1.4831130209402897e-03, -3.7843006472802320e-03,
          8.4020257585731527e-03, -1.2357101330677290e-03,
          1.6888036796343239e-03, -7.5296523791716999e-04,
          4.3594284340942355e-04, -1.2790527966716250e-02,
          2.7710603019237396e-03, -1.0491735649215827e-02,
          9.4285712172727867e-03, -1.2357101330677290e-03,
          2.5383334531102097e-02, -3.6876535263066536e-03,
          1.9049283192622866e-02, 4.2159343930338435e-03,
          2.2040767247923782e-02, 4.2499916122444937e-03,
          1.9139444083634334e-02, -2.8184031095428237e-02,
          1.6888036796343239e-03, -3.6876535263066536e-03,
          1.0822668608325942e-01 ]
blastC: !!opencv-matrix
   rows: 1
   cols: 1
   dt: d
   data: [ 3.5264102942393546e-04 ]
blastNumEvents: 98.
blastMaxVals: !!opencv-matrix
   rows: 1
   cols: 9
   dt: d
   data: [ 4.5000000000000000e+00, 4.5000000000000000e+00,
       4.5000000000000000e+00, 4.5000000000000000e+00,
       4.5000000000000000e+00, 4.5000000000000000e+00,
       4.5000000000000000e+00, 4.5000000000000000e+00,
       4.5000000000000000e+00 ]
blastScales: !!opencv-matrix
   rows: 1
   cols: 9
   dt: d
   data: [ 1., 1., 1., 1., 1., 1., 1., 1., 1. ]
