%YAML:1.0
---
groups:
   - intact
   - CD19
   - blast
intactGmmnames:
   - "intact.623.0"
   - "intact.623.1"
   - "intact.623.2"
   - "intact.623.3"
   - "intact.623.4"
intactLabels:
   - FSC-A
   - SSC-A
   - CD20
   - CD10
   - CD45
   - CD34
   - SYTO41
   - CD19
   - CD38
intactMu: !!opencv-matrix
   rows: 5
   cols: 9
   dt: d
   data: [ 3.0291522322810498e+00, 2.4748679254613948e+00,
       1.0728793932992109e+00, 1.9491468816087725e+00,
       2.5643235636596811e+00, 1.0862038077728091e+00,
       2.8083884578056124e+00, 1.4453199187620307e+00,
       1.5304339351028622e+00, 1.4968723382977187e+00,
       3.1554678482902521e-01, 7.8959563471636218e-01,
       8.4327440737045667e-01, 3.4332546244865574e+00,
       1.0178938811330340e+00, 2.8130834099441158e+00,
       1.0109301580213201e+00, 1.5107928192284230e+00,
       1.1753597683704735e+00, 2.7744413840955312e-01,
       7.8698009225354848e-01, 1.0854065893591496e+00,
       1.4709020155561503e+00, 1.0683771628547056e+00,
       2.7417481890589750e+00, 1.0511232029259447e+00,
       1.6317646575396230e+00, 3.1075687950980804e+00,
       2.8142011595386180e+00, 1.0917273690644420e+00,
       2.6877978293225926e+00, 2.6866542408360199e+00,
       1.1171085698325638e+00, 2.6533549476107194e+00,
       1.4909337808156022e+00, 1.4563386367597189e+00,
       1.9817017647680850e+00, 1.0475889538012113e+00,
       1.1993408161034844e+00, 1.6216586444191612e+00,
       2.4050455241184499e+00, 1.3544274930030853e+00,
       2.7424855352888740e+00, 1.3594793228981334e+00,
       1.9917808699045825e+00 ]
intactSigma:
   - !!opencv-matrix
      rows: 9
      cols: 9
      dt: d
      data: [ 6.0071587978265684e-01, 2.6114560768327855e-01,
          9.6889842186125175e-02, -2.0974549286229691e-01,
          4.2712484228794798e-02, -5.6634793811569653e-03,
          -1.1651470567549818e-01, 5.8693162286443085e-02,
          7.5895307399715992e-02, 2.6114560768327855e-01,
          4.3065604762597043e-01, 8.1369346280127236e-02,
          -3.8093440115776464e-02, 2.2670381135109628e-02,
          4.6060152124876826e-03, -1.1515573447547375e-01,
          7.8954045396941785e-02, 4.8759791892156505e-02,
          9.6889842186125175e-02, 8.1369346280127236e-02,
          5.6335750825619021e-02, -4.2401168862767215e-02,
          8.3642268036322014e-03, 9.9440673386163420e-04,
          -2.9542528236941357e-02, 1.5914355931825160e-02,
          2.1102208366115146e-02, -2.0974549286229691e-01,
          -3.8093440115776464e-02, -4.2401168862767222e-02,
          2.7236898272950494e-01, -2.3274011957905971e-02,
          -4.9325106855030512e-03, 4.9322282188039156e-02,
          -1.1441200977850362e-02, -3.4585592882106081e-02,
          4.2712484228794784e-02, 2.2670381135109628e-02,
          8.3642268036322014e-03, -2.3274011957905971e-02,
          5.1612034511331360e-02, -6.3361805471422996e-03,
          -3.5386797741372523e-02, 5.2198828144813109e-03,
          1.8222991866133700e-02, -5.6634793811569644e-03,
          4.6060152124876826e-03, 9.9440673386163442e-04,
          -4.9325106855030512e-03, -6.3361805471422996e-03,
          3.4523139875166191e-02, -6.8629237415241589e-04,
          1.8535070450958282e-03, -8.6341625478601714e-04,
          -1.1651470567549817e-01, -1.1515573447547375e-01,
          -2.9542528236941361e-02, 4.9322282188039156e-02,
          -3.5386797741372523e-02, -6.8629237415241426e-04,
          1.0885007558123126e-01, -2.3139417081908531e-02,
          -2.3264432151937339e-02, 5.8693162286443085e-02,
          7.8954045396941799e-02, 1.5914355931825160e-02,
          -1.1441200977850362e-02, 5.2198828144813109e-03,
          1.8535070450958284e-03, -2.3139417081908531e-02,
          2.3954109020154431e-02, 8.7010429359115991e-03,
          7.5895307399715992e-02, 4.8759791892156512e-02,
          2.1102208366115149e-02, -3.4585592882106081e-02,
          1.8222991866133700e-02, -8.6341625478601747e-04,
          -2.3264432151937329e-02, 8.7010429359115991e-03,
          6.7287051106740603e-02 ]
   - !!opencv-matrix
      rows: 9
      cols: 9
      dt: d
      data: [ 8.5866667645799477e-02, 2.2186926157413654e-02,
          1.4357635130821113e-02, 2.5179136693894320e-03,
          1.5052730597784805e-02, 3.9183504312756271e-04,
          -5.6244668404777438e-02, 3.0438247570123951e-03,
          2.6305286281219892e-02, 2.2186926157413651e-02,
          1.7932831255557509e-02, 1.0391643877491058e-02,
          1.8842375133343065e-03, 9.7814785488246347e-03,
          7.3021940744632055e-04, -2.9949917955107055e-02,
          2.2796744619147740e-03, 2.5450082935314065e-02,
          1.4357635130821113e-02, 1.0391643877491060e-02,
          4.2747906042942617e-02, -4.9695794681673604e-04,
          8.1168447298754741e-03, -2.3433186111212123e-03,
          -1.9491600611500955e-02, 1.3356332665382740e-03,
          -5.2725244339916540e-03, 2.5179136693894333e-03,
          1.8842375133343060e-03, -4.9695794681673625e-04,
          2.2139355392992398e-02, 9.9425879514836971e-04,
          -3.4527877031349948e-03, -2.6815498501525444e-03,
          6.4231930288250394e-04, -3.2316844696198290e-03,
          1.5052730597784805e-02, 9.7814785488246347e-03,
          8.1168447298754758e-03, 9.9425879514836971e-04,
          1.6615663353497293e-02, -3.6753911614464769e-03,
          -2.3939300039230095e-02, -2.0377005779953459e-04,
          -5.9348590909127944e-03, 3.9183504312756255e-04,
          7.3021940744632033e-04, -2.3433186111212123e-03,
          -3.4527877031349944e-03, -3.6753911614464769e-03,
          1.2586495136635970e-01, 1.7310502848166653e-03,
          -1.0991593493844909e-03, 1.4797533561894028e-02,
          -5.6244668404777438e-02, -2.9949917955107055e-02,
          -1.9491600611500955e-02, -2.6815498501525435e-03,
          -2.3939300039230095e-02, 1.7310502848166644e-03,
          1.0400196036761333e-01, -2.6138405205590890e-03,
          -3.0518745681931154e-02, 3.0438247570123960e-03,
          2.2796744619147740e-03, 1.3356332665382731e-03,
          6.4231930288250372e-04, -2.0377005779953448e-04,
          -1.0991593493844905e-03, -2.6138405205590881e-03,
          1.2154375754309870e-02, 3.2740767124161533e-03,
          2.6305286281219892e-02, 2.5450082935314068e-02,
          -5.2725244339916523e-03, -3.2316844696198268e-03,
          -5.9348590909127927e-03, 1.4797533561894028e-02,
          -3.0518745681931154e-02, 3.2740767124161524e-03,
          2.7636695270557488e-01 ]
   - !!opencv-matrix
      rows: 9
      cols: 9
      dt: d
      data: [ 1.5288663706723055e-01, 2.3738959951585304e-02,
          2.6484988835619571e-02, 1.9430221631678530e-02,
          3.4449895193795592e-02, 9.7459125069408086e-04,
          -2.7952225241753437e-02, 6.7091756102116333e-03,
          2.7120149464335781e-02, 2.3738959951585304e-02,
          9.7259237461265746e-03, 9.4851912266838770e-03,
          8.2094766416474212e-03, 1.7218271030946836e-02,
          9.4920138544999917e-04, -1.7261112529412728e-03,
          2.5113412317490300e-03, 1.4167645317698652e-02,
          2.6484988835619571e-02, 9.4851912266838770e-03,
          4.8468143789089389e-02, 6.5363852687468230e-03,
          2.0602166990624275e-02, 7.7165491241777933e-04,
          -2.2095048542213398e-02, 4.0096591134529029e-03,
          1.6917340350749280e-02, 1.9430221631678530e-02,
          8.2094766416474212e-03, 6.5363852687468221e-03,
          9.2568764133323447e-02, 3.3220391088524703e-02,
          5.1884363730077753e-04, -8.9934343300859879e-03,
          2.4554939484161095e-03, 2.8042269971332384e-02,
          3.4449895193795585e-02, 1.7218271030946839e-02,
          2.0602166990624275e-02, 3.3220391088524710e-02,
          1.6528253526891243e-01, 1.8783752884717802e-03,
