%YAML:1.0
---
groups:
   - intact
   - CD19
   - blast
intactGmmnames:
   - "intact.632.0"
   - "intact.632.1"
   - "intact.632.2"
   - "intact.632.3"
   - "intact.632.4"
intactLabels:
   - FSC-A
   - SSC-A
   - CD20
   - CD10
   - CD45
   - CD34
   - SYTO41
   - CD19
   - CD38
intactMu: !!opencv-matrix
   rows: 5
   cols: 9
   dt: d
   data: [ 2.6039956232974646e+00, 3.3753498756087117e+00,
       1.2863165433094503e+00, 1.9183032537068592e+00,
       2.8283854054573143e+00, 1.1344331418945370e+00,
       3.4888110268005104e+00, 1.5895095769478078e+00,
       1.6180117354957120e+00, 1.1709360136190183e+00,
       2.8443822443059064e-01, 8.6911174858309226e-01,
       8.7840732659395804e-01, 3.5292615379776966e+00,
       1.0492105902300117e+00, 3.4707612232370586e+00,
       1.0226398181180349e+00, 1.6368929542170985e+00,
       1.0326296423124963e+00, 4.4823686957681635e-01,
       1.1175087194044664e+00, 1.0719750932321939e+00,
       1.3941129807537327e+00, 1.0636812856807485e+00,
       3.6975793555299141e+00, 9.5339858558364921e-01,
       1.5679255868610578e+00, 2.5060904628380851e+00,
       1.4666465057963227e+00, 1.4553319646017928e+00,
       1.2962315234555806e+00, 2.7393301063438056e+00,
       1.2018220317563912e+00, 3.5103436379537118e+00,
       1.3885804191488174e+00, 1.7796639990361192e+00,
       1.8003628493391701e+00, 5.7972126715055949e-01,
       1.0078762386946962e+00, 9.3366115209335232e-01,
       3.7313467250721279e+00, 1.0915751130078966e+00,
       3.3187097020181504e+00, 1.1375939654440250e+00,
       2.0221550848796408e+00 ]
intactSigma:
   - !!opencv-matrix
      rows: 9
      cols: 9
      dt: d
      data: [ 3.4830653176857690e-01, 1.3593439330418711e-01,
          3.2327909008755942e-02, -6.9081385067345610e-02,
          -5.7809880274883345e-03, 6.0692617406594230e-03,
          -3.1284323312775905e-02, 3.4028360390882348e-02,
          1.2043594921721811e-02, 1.3593439330418711e-01,
          3.2289778571685396e-01, 4.0806491476323647e-02,
          4.0721847566633385e-02, 7.7416243624180668e-03,
          1.4306959513203626e-02, 8.1024322471030755e-03,
          5.7573264930803898e-02, 4.0569479887077129e-03,
          3.2327909008755935e-02, 4.0806491476323654e-02,
          5.1648121191123074e-02, -8.7359375049154888e-03,
          6.7840587359800923e-04, 3.7115735929939440e-03,
          2.2934196416534267e-03, 7.4448265442442737e-03,
          2.7662270039882403e-03, -6.9081385067345610e-02,
          4.0721847566633385e-02, -8.7359375049154905e-03,
          2.8576323694667533e-01, 3.7956692856949428e-02,
          6.0664163848813384e-03, -1.7117749036629692e-04,
          7.0507345710465056e-03, -7.1044677674539473e-03,
          -5.7809880274883353e-03, 7.7416243624180625e-03,
          6.7840587359800858e-04, 3.7956692856949428e-02,
          3.5342472995171556e-02, 1.6069308541732908e-03,
          -3.8091347309369642e-03, 2.1175799987973557e-03,
          -1.7798890237848326e-03, 6.0692617406594230e-03,
          1.4306959513203628e-02, 3.7115735929939440e-03,
          6.0664163848813384e-03, 1.6069308541732910e-03,
          7.4694355558752784e-02, 9.0061232250481914e-04,
          2.1779407031222932e-03, 1.3339636410372594e-03,
          -3.1284323312775898e-02, 8.1024322471030755e-03,
          2.2934196416534267e-03, -1.7117749036629751e-04,
          -3.8091347309369620e-03, 9.0061232250481871e-04,
          2.6059672458787972e-02, -4.2151483314159539e-03,
          -1.1245980333095527e-03, 3.4028360390882348e-02,
          5.7573264930803905e-02, 7.4448265442442754e-03,
          7.0507345710465047e-03, 2.1175799987973561e-03,
          2.1779407031222928e-03, -4.2151483314159539e-03,
          2.8112886172662787e-02, -2.9016668560218517e-03,
          1.2043594921721816e-02, 4.0569479887077155e-03,
          2.7662270039882407e-03, -7.1044677674539465e-03,
          -1.7798890237848324e-03, 1.3339636410372596e-03,
          -1.1245980333095527e-03, -2.9016668560218517e-03,
          2.4494601846384058e-02 ]
   - !!opencv-matrix
      rows: 9
      cols: 9
      dt: d
      data: [ 1.1072210181809851e-01, 8.1591474893635534e-03,
          1.1586300525584743e-02, 9.5012532093813398e-03,
          1.6759526891680594e-02, -2.8207454670689473e-03,
          -4.2147898385837934e-02, 1.6730381100158131e-02,
          -8.9781134619939893e-03, 8.1591474893635534e-03,
          7.4883046127581241e-03, 7.1363127001496905e-03,
          2.7585111691823079e-03, 3.7665709644412915e-03,
          7.9827191580012901e-04, -5.0953274708969327e-03,
          2.7538843001411110e-03, -2.3307080924504673e-03,
          1.1586300525584743e-02, 7.1363127001496905e-03,
          7.7123509284257721e-02, -2.7744209435614465e-03,
          3.9993879573126875e-03, -2.6289037343270815e-03,
          -4.8711466618600614e-03, 3.4000664792738478e-03,
          -4.9326152837403867e-03, 9.5012532093813416e-03,
          2.7585111691823079e-03, -2.7744209435614465e-03,
          2.8970759416536911e-02, 2.5127139475606712e-03,
          -2.7136805461671176e-03, -6.5429174028380664e-03,
          3.1899812958589195e-03, -2.8811625312446815e-03,
          1.6759526891680594e-02, 3.7665709644412911e-03,
          3.9993879573126875e-03, 2.5127139475606707e-03,
          1.1618576303687888e-02, -2.1040106543022642e-03,
          -7.6677131432746027e-03, 2.8338511700942218e-03,
          -3.7654312025136474e-03, -2.8207454670689481e-03,
          7.9827191580012890e-04, -2.6289037343270815e-03,
          -2.7136805461671176e-03, -2.1040106543022638e-03,
          1.2269608727705156e-01, 1.9308376665447202e-03,
          9.7279168570447180e-04, 2.9018140919090840e-03,
          -4.2147898385837934e-02, -5.0953274708969327e-03,
          -4.8711466618600614e-03, -6.5429174028380664e-03,
          -7.6677131432746027e-03, 1.9308376665447202e-03,
          4.1680796037290378e-02, -1.4123530704252395e-02,
          6.5420457835446083e-03, 1.6730381100158131e-02,
          2.7538843001411115e-03, 3.4000664792738465e-03,
          3.1899812958589195e-03, 2.8338511700942218e-03,
          9.7279168570447256e-04, -1.4123530704252395e-02,
          1.6056609253767909e-02, -5.0714878490268388e-03,
          -8.9781134619939893e-03, -2.3307080924504673e-03,
          -4.9326152837403858e-03, -2.8811625312446815e-03,
          -3.7654312025136487e-03, 2.9018140919090840e-03,
          6.5420457835446083e-03, -5.0714878490268371e-03,
          3.3772154967318418e-02 ]
   - !!opencv-matrix
      rows: 9
      cols: 9
      dt: d
      data: [ 1.4623514680798852e-01, 5.2538263404741978e-02,
          5.3853117038160890e-02, 3.6774706054649907e-02,
          6.1321811157368129e-02, 1.2839054101922314e-03,
          9.7827798351833271e-03, 2.7058229512783465e-03,
          9.4752899814608653e-03, 5.2538263404741978e-02,
          3.7793788852308163e-02, 3.6175563060008666e-02,
          2.2275437281428424e-02, 3.7221668855563279e-02,
          8.9482198824201965e-04, 1.3169877123341651e-02,
          -1.5560939062979880e-03, 6.6884602162047549e-03,
          5.3853117038160876e-02, 3.6175563060008666e-02,
          9.4532960474432992e-02, 1.5886125262718803e-02,
          3.9653281769285141e-02, -9.6488129125599643e-04,
          1.4425683828114700e-02, -2.0689813484271171e-03,
          6.8674546237278656e-03, 3.6774706054649907e-02,
          2.2275437281428424e-02, 1.5886125262718806e-02,
          9.7981672865406669e-02, 3.9282309178506100e-02,
          -9.1600537129471547e-04, 3.8910492963692761e-03,
          1.3846578488869582e-03, 5.9542224186921984e-03,
          6.1321811157368129e-02, 3.7221668855563279e-02,
          3.9653281769285141e-02, 3.9282309178506100e-02,
          1.8001767025251475e-01, 6.7327469050868459e-04,
