%YAML:1.0
---
groups:
   - intact
   - CD19
   - blast
intactGmmnames:
   - "intact.640.0"
   - "intact.640.1"
   - "intact.640.2"
   - "intact.640.3"
   - "intact.640.4"
intactLabels:
   - FSC-A
   - SSC-A
   - CD20
   - CD10
   - CD45
   - CD34
   - SYTO41
   - CD19
   - CD38
intactMu: !!opencv-matrix
   rows: 5
   cols: 9
   dt: d
   data: [ 1.4774496643338804e+00, 2.7094954160300577e-01,
       9.6441350692676220e-01, 8.5210052583365226e-01,
       3.6169041010322389e+00, 1.0984797363914289e+00,
       3.9236602924697115e+00, 7.3140369639731528e-01,
       1.8148409710214983e+00, 2.4887070210540889e+00,
       3.2319965684693419e+00, 1.4143098503481040e+00,
       2.6041770460380196e+00, 3.2167191309580199e+00,
       1.3464565882491670e+00, 3.6966030587535585e+00,
       1.6289452694253710e+00, 1.7203765927579642e+00,
       1.7939719795803957e+00, 5.0705466925503928e-01,
       1.1209718841461358e+00, 9.4102199179269941e-01,
       3.7676696761800419e+00, 1.1177084920742217e+00,
       3.6519208054810210e+00, 9.3158766249481173e-01,
       2.0231917586346242e+00, 1.7628501965498218e+00,
       1.3860651988463089e+00, 1.3008338410754692e+00,
       1.3345882931943398e+00, 1.6470793622762465e+00,
       1.4156935195236562e+00, 3.1368602681147446e+00,
       1.2937896819145465e+00, 1.6313986870626287e+00,
       1.7867897524830583e+00, 1.1284035136887003e+00,
       1.4003633167753387e+00, 1.6251611157461234e+00,
       3.5608000713007479e+00, 1.3168960400567697e+00,
       3.9041711422055232e+00, 1.2204572853822040e+00,
       1.8731752070676764e+00 ]
intactSigma:
   - !!opencv-matrix
      rows: 9
      cols: 9
      dt: d
      data: [ 6.8337577210941997e-02, 5.5048677267963810e-03,
          8.8180107374979562e-03, 6.0359186907049953e-03,
          8.6212598920689856e-03, -3.8230352309189311e-04,
          -9.9654068492181624e-03, 1.2193082405398249e-02,
          -4.9676763739239958e-03, 5.5048677267963801e-03,
          6.5152265922024753e-03, 8.3902506934160990e-03,
          3.1203302416015011e-03, 3.4972929506098846e-03,
          4.3243845643590843e-06, -1.1334606005381088e-03,
          2.3741465353579252e-03, -2.4394646624153280e-03,
          8.8180107374979562e-03, 8.3902506934160990e-03,
          1.0075760680928915e-01, 9.9994497112118629e-04,
          5.7637585830314685e-03, 3.2423760609603673e-03,
          -1.0690368875263959e-03, 3.9142125678037652e-03,
          -8.4520072722913207e-03, 6.0359186907049944e-03,
          3.1203302416015011e-03, 9.9994497112118586e-04,
          3.6682771967874041e-02, 2.5298427512580436e-03,
          -3.4405666588799315e-03, -2.7014292977797197e-03,
          3.8167111817622641e-03, -1.9234939144902609e-03,
          8.6212598920689856e-03, 3.4972929506098846e-03,
          5.7637585830314685e-03, 2.5298427512580436e-03,
          9.8107514268714127e-03, -2.9778633912405836e-03,
          -2.5129065114447308e-03, 2.3767416983282389e-03,
          -2.5487096820114409e-03, -3.8230352309189225e-04,
          4.3243845643592393e-06, 3.2423760609603669e-03,
          -3.4405666588799302e-03, -2.9778633912405845e-03,
          1.1900194099672724e-01, 9.8044902149068314e-04,
          9.0495844139932072e-04, 1.2779453318044710e-03,
          -9.9654068492181624e-03, -1.1334606005381088e-03,
          -1.0690368875263959e-03, -2.7014292977797201e-03,
          -2.5129065114447308e-03, 9.8044902149068314e-04,
          6.8384079267873087e-03, -6.9053235562443463e-03,
          1.1009766633922409e-03, 1.2193082405398247e-02,
          2.3741465353579257e-03, 3.9142125678037669e-03,
          3.8167111817622636e-03, 2.3767416983282380e-03,
          9.0495844139932093e-04, -6.9053235562443480e-03,
          2.1437042000718314e-02, -3.2931353030230897e-03,
          -4.9676763739239958e-03, -2.4394646624153276e-03,
          -8.4520072722913172e-03, -1.9234939144902605e-03,
          -2.5487096820114409e-03, 1.2779453318044708e-03,
          1.1009766633922416e-03, -3.2931353030230897e-03,
          2.6111499438544173e-02 ]
   - !!opencv-matrix
      rows: 9
      cols: 9
      dt: d
      data: [ 2.7512086966516330e-01, 1.5506788169623598e-01,
          2.6883542485820009e-02, -7.5112102873248101e-04,
          4.3016082873954670e-03, 8.7686395999700189e-04,
          -1.8635761021628252e-02, 5.0693284917152130e-02,
          -3.9833327463620494e-03, 1.5506788169623598e-01,
          3.4192997311513040e-01, 3.2906252708958375e-02,
          4.9383960134008656e-02, 1.1701013537927065e-02,
          1.0906376949443127e-02, -1.1523387982958990e-02,
          8.6090688018982231e-02, -1.3580572394925881e-03,
          2.6883542485820013e-02, 3.2906252708958375e-02,
          6.3912434501591620e-02, 1.2079867302734240e-02,
          1.3444369973592623e-02, 1.1489574786825938e-02,
          -7.2239874225657422e-03, 1.7025163740654683e-02,
          -1.5344514015257502e-03, -7.5112102873248232e-04,
          4.9383960134008656e-02, 1.2079867302734240e-02,
          2.4301218342951764e-01, 3.9705122157162834e-02,
          5.2558104721075315e-03, -1.1671433445464691e-02,
          1.7966880674443804e-02, -6.1319184819505455e-03,
          4.3016082873954678e-03, 1.1701013537927065e-02,
          1.3444369973592623e-02, 3.9705122157162834e-02,
          3.8767341000972289e-02, 4.6943157704102288e-03,
          -1.2676229565272224e-02, 1.0705127912861928e-02,
          -4.7588534437469016e-03, 8.7686395999699842e-04,
          1.0906376949443124e-02, 1.1489574786825937e-02,
          5.2558104721075333e-03, 4.6943157704102271e-03,
          1.0622041039827944e-01, 5.8836586972725981e-04,
          3.0817227442819679e-03, 1.9161497562701151e-03,
          -1.8635761021628252e-02, -1.1523387982958990e-02,
          -7.2239874225657405e-03, -1.1671433445464691e-02,
          -1.2676229565272224e-02, 5.8836586972725992e-04,
          7.5682402940571644e-02, -3.8464740522299576e-02,
          4.4224226409046137e-03, 5.0693284917152123e-02,
          8.6090688018982231e-02, 1.7025163740654686e-02,
          1.7966880674443807e-02, 1.0705127912861927e-02,
          3.0817227442819688e-03, -3.8464740522299576e-02,
          6.6153603096535701e-02, -7.1091816050280901e-03,
          -3.9833327463620494e-03, -1.3580572394925896e-03,
          -1.5344514015257495e-03, -6.1319184819505455e-03,
          -4.7588534437469016e-03, 1.9161497562701169e-03,
          4.4224226409046137e-03, -7.1091816050280901e-03,
          1.4822023007399670e-02 ]
   - !!opencv-matrix
      rows: 9
      cols: 9
      dt: d
      data: [ 2.1152982765703301e-01, 5.9779254443226189e-03,
          1.5889434584158119e-02, 1.3208550502117614e-02,
          1.2348996847084057e-02, 3.8860201096270735e-03,
          -8.4698233534512460e-02, 3.0699003394083622e-02,
          3.0509056372748797e-02, 5.9779254443226180e-03,
          2.8969371138689786e-02, 1.3988850957010458e-02,
          7.3945766651557837e-03, 6.3153256536968259e-03,
          -4.0618734567375917e-04, -7.6451265780333785e-03,
          1.2770753364193466e-02, 2.6614483746701161e-02,
          1.5889434584158119e-02, 1.3988850957010454e-02,
          8.5161534182952817e-02, 4.3544874222398713e-03,
          5.6430264507302541e-03, -3.2387442208502474e-04,
          -1.0785779255888500e-02, 1.2556685648450515e-02,
          -4.4037191611328297e-03, 1.3208550502117614e-02,
          7.3945766651557819e-03, 4.3544874222398704e-03,
          4.8077892049717068e-02, 5.0876921845744169e-03,
          -4.7279310704233055e-03, -2.6800461312001107e-02,
          2.0923602587608225e-02, 3.7933268221543976e-03,
          1.2348996847084057e-02, 6.3153256536968251e-03,
          5.6430264507302541e-03, 5.0876921845744187e-03,
          1.6284549896665640e-02, -1.1207583471319884e-03,
