%YAML:1.0
---
groups:
   - intact
   - CD19
   - blast
intactGmmnames:
   - "intact.641.0"
   - "intact.641.1"
   - "intact.641.2"
   - "intact.641.3"
   - "intact.641.4"
intactLabels:
   - FSC-A
   - SSC-A
   - CD20
   - CD10
   - CD45
   - CD34
   - SYTO41
   - CD19
   - CD38
intactMu: !!opencv-matrix
   rows: 5
   cols: 9
   dt: d
   data: [ 1.5903580289420463e+00, 4.7854139673209062e-01,
       1.1296443905393905e+00, 9.6999589460220026e-01,
       3.8147923271638975e+00, 1.1427454682566518e+00,
       2.8228294901347977e+00, 1.0784614146271669e+00,
       1.9594610885251935e+00, 3.0083720775633882e+00,
       3.1763045443289792e+00, 1.3415642303149953e+00,
       2.2852766479020188e+00, 2.6880031944913227e+00,
       1.1647893950049080e+00, 3.0041755472760530e+00,
       1.7174549607676699e+00, 1.7314895950667217e+00,
       1.3597659071687027e+00, 2.9230334859361817e-01,
       1.1087027319726361e+00, 9.4520383663816654e-01,
       3.6926599051796183e+00, 1.1080678511520758e+00,
       3.1692215798276981e+00, 1.0041312022474227e+00,
       1.8374154103164790e+00, 1.2676417817748606e+00,
       4.8648226731431771e-01, 1.1508854397786155e+00,
       1.5667801757891970e+00, 1.6864068307715574e+00,
       1.1122440896571069e+00, 2.9594971810455961e+00,
       1.0266725133326973e+00, 1.7368742584657308e+00,
       2.2006613984372696e+00, 1.4148378877103354e+00,
       1.5183403532874131e+00, 1.7453524497571999e+00,
       3.0017997698776804e+00, 1.4025570775399661e+00,
       3.0668251788943341e+00, 1.3278298753291564e+00,
       2.1438307822447689e+00 ]
intactSigma:
   - !!opencv-matrix
      rows: 9
      cols: 9
      dt: d
      data: [ 6.9599708465680740e-02, 1.9084930752724261e-02,
          1.0491020564485884e-02, 4.7442986057045326e-03,
          9.4923246798284903e-03, 5.0941038923646960e-03,
          -4.0693100461756435e-02, 1.3614697876755573e-02,
          -8.2050949886071957e-03, 1.9084930752724261e-02,
          2.2983371513467278e-02, 1.1660591826296200e-02,
          6.5201357069970050e-03, 9.2716606177023191e-03,
          3.2356082528594262e-03, -3.0180481219437432e-02,
          1.2378539222446947e-02, -3.0852780597763608e-03,
          1.0491020564485882e-02, 1.1660591826296198e-02,
          7.7023278280596741e-02, 5.2392995096173516e-04,
          5.2136822594776320e-03, -1.7536123369763534e-03,
          -9.0341870804183759e-03, 7.4782353915380101e-03,
          -1.9649992697736079e-02, 4.7442986057045344e-03,
          6.5201357069970059e-03, 5.2392995096173516e-04,
          4.3262067241059091e-02, 5.3792284089333618e-03,
          -8.4582664713297468e-03, -1.7391823908634314e-02,
          6.8530898588607522e-03, -4.8650478705935312e-03,
          9.4923246798284920e-03, 9.2716606177023191e-03,
          5.2136822594776337e-03, 5.3792284089333601e-03,
          1.5928664404531872e-02, -1.5186144248001722e-03,
          -2.1672129468971433e-02, 6.3241146229340893e-03,
          -1.4555282144500359e-02, 5.0941038923646986e-03,
          3.2356082528594275e-03, -1.7536123369763514e-03,
          -8.4582664713297433e-03, -1.5186144248001722e-03,
          1.7128573033120298e-01, -1.9501957063509301e-03,
          6.4335334018350192e-03, 4.7213319964492829e-03,
          -4.0693100461756435e-02, -3.0180481219437432e-02,
          -9.0341870804183742e-03, -1.7391823908634314e-02,
          -2.1672129468971429e-02, -1.9501957063509316e-03,
          1.4044669417352240e-01, -3.7662881353635554e-02,
          1.2052333865733362e-02, 1.3614697876755573e-02,
          1.2378539222446951e-02, 7.4782353915380118e-03,
          6.8530898588607522e-03, 6.3241146229340885e-03,
          6.4335334018350166e-03, -3.7662881353635554e-02,
          5.3825296167767087e-02, -2.8640818955943202e-03,
          -8.2050949886071957e-03, -3.0852780597763617e-03,
          -1.9649992697736079e-02, -4.8650478705935312e-03,
          -1.4555282144500359e-02, 4.7213319964492812e-03,
          1.2052333865733362e-02, -2.8640818955943210e-03,
          1.7689879664889283e-01 ]
   - !!opencv-matrix
      rows: 9
      cols: 9
      dt: d
      data: [ 2.5894730942771599e-01, 1.2510502540942009e-01,
          2.3185359753696483e-02, -3.4691898397841175e-02,
          -1.6994725583878843e-02, -3.0546666271885235e-04,
          -1.6086500857514237e-02, 3.1101398683932805e-02,
          4.0728858050985322e-03, 1.2510502540942009e-01,
          3.6357771250926096e-01, 4.0766992899939479e-02,
          3.9917650878086353e-02, 8.6929364572717258e-03,
          6.4388955919135035e-03, -5.7111313903543265e-02,
          8.2350073278042765e-02, 1.4174977023833598e-03,
          2.3185359753696479e-02, 4.0766992899939479e-02,
          4.5057118679623698e-02, -7.4824276804545632e-04,
          6.1310227433507649e-04, -1.5208909903816160e-04,
          -3.4240413343210973e-03, 1.0680260055527292e-02,
          8.5222360143246691e-04, -3.4691898397841175e-02,
          3.9917650878086346e-02, -7.4824276804545610e-04,
          1.2371057791869594e-01, 3.3830386712893380e-02,
          2.6344910366045242e-03, -1.1577798140028048e-02,
          9.7387983388846737e-03, -4.1843419852342521e-03,
          -1.6994725583878847e-02, 8.6929364572717258e-03,
          6.1310227433507595e-04, 3.3830386712893380e-02,
          4.5612302769562504e-02, -1.5123924055634207e-03,
          -5.7936857865431316e-03, 2.6491070531540922e-03,
          -1.8679895018840287e-03, -3.0546666271885235e-04,
          6.4388955919135035e-03, -1.5208909903816160e-04,
          2.6344910366045246e-03, -1.5123924055634201e-03,
          4.7896678741718358e-02, 3.0825608689284034e-03,
          1.1753222888051295e-03, 1.0342432930907041e-03,
          -1.6086500857514230e-02, -5.7111313903543265e-02,
          -3.4240413343210956e-03, -1.1577798140028052e-02,
          -5.7936857865431308e-03, 3.0825608689284034e-03,
          6.8546482351268784e-02, -2.0123436964709682e-02,
          -6.3320296852986831e-04, 3.1101398683932805e-02,
          8.2350073278042807e-02, 1.0680260055527292e-02,
          9.7387983388846720e-03, 2.6491070531540922e-03,
          1.1753222888051295e-03, -2.0123436964709682e-02,
          3.8961890733548186e-02, -2.3549953007325386e-03,
          4.0728858050985313e-03, 1.4174977023833574e-03,
          8.5222360143246681e-04, -4.1843419852342521e-03,
          -1.8679895018840289e-03, 1.0342432930907038e-03,
          -6.3320296852986864e-04, -2.3549953007325386e-03,
          1.0255368863156132e-02 ]
   - !!opencv-matrix
      rows: 9
      cols: 9
      dt: d
      data: [ 4.4252418404803283e-02, 4.7479637439226787e-03,
          7.8788205115866358e-03, 3.7324748506434389e-03,
          5.5471957644678011e-03, 1.8213579822129564e-03,
          -1.5926431566942182e-02, 6.5371447223625482e-03,
          -4.9995666838731736e-04, 4.7479637439226787e-03,
          4.9595255952947104e-03, 7.6207366843406973e-03,
          2.9218433581753088e-03, 2.6136562857860261e-03,
          1.9278041350218343e-04, -4.3995886678732535e-03,
          2.8220521440281894e-03, -2.7388308324273985e-03,
          7.8788205115866358e-03, 7.6207366843406973e-03,
          7.9479062183680990e-02, 1.0182246242079814e-03,
          3.7944317556145102e-03, 2.5341758298091850e-03,
          -5.6193652305798021e-03, 6.6101802984147749e-03,
          -6.3482156440320299e-03, 3.7324748506434389e-03,
          2.9218433581753088e-03, 1.0182246242079823e-03,
          4.5087179011959883e-02, 2.4550560648418738e-03,
          -7.6121000010020605e-03, -5.0549181221776589e-03,
          2.4563996344683886e-03, -3.6415465687274569e-03,
          5.5471957644677994e-03, 2.6136562857860261e-03,
          3.7944317556145093e-03, 2.4550560648418734e-03,
          7.5046309730107588e-03, -2.0427615960406879e-03,
