%YAML:1.0
---
groups:
   - intact
   - CD19
   - blast
intactGmmnames:
   - "intact.645.0"
   - "intact.645.1"
   - "intact.645.2"
   - "intact.645.3"
   - "intact.645.4"
intactLabels:
   - FSC-A
   - SSC-A
   - CD20
   - CD10
   - CD45
   - CD34
   - SYTO41
   - CD19
   - CD38
intactMu: !!opencv-matrix
   rows: 5
   cols: 9
   dt: d
   data: [ 2.6013079463918900e+00, 3.2232830214521195e+00,
       1.3030887439293410e+00, 2.1570121309352039e+00,
       2.9870328511728372e+00, 1.1514335035885517e+00,
       3.7935388207598906e+00, 1.5036041222317655e+00,
       1.7999515730835307e+00, 1.4477178690777053e+00,
       3.8017395352995997e-01, 9.6076572325267950e-01,
       8.3969043189891535e-01, 3.7625630119665798e+00,
       1.0714810734185700e+00, 3.7102376973441413e+00,
       1.0908483150599788e+00, 1.7149753588834089e+00,
       1.6788485019927339e+00, 5.9794705934099002e-01,
       9.4224034343010699e-01, 8.4444409804000597e-01,
       3.7633997172593134e+00, 1.1175147001538246e+00,
       3.5909423576997743e+00, 1.1730057836494212e+00,
       2.7728486503523597e+00, 1.2439464557526201e+00,
       4.1823491040600397e-01, 1.0769625021917091e+00,
       9.7303664377452426e-01, 1.5072128756247498e+00,
       1.0992918078424119e+00, 3.9248934570236820e+00,
       8.9804611441295001e-01, 1.7839656868354630e+00,
       2.2082438508903532e+00, 1.5292585384433932e+00,
       1.6574405895822639e+00, 1.4416179507569611e+00,
       2.9713313021764729e+00, 1.4599613138537966e+00,
       3.7926913605625847e+00, 1.2984087968266336e+00,
       2.4768444444293700e+00 ]
intactSigma:
   - !!opencv-matrix
      rows: 9
      cols: 9
      dt: d
      data: [ 3.1795559771289500e-01, 1.3858566337196054e-01,
          3.8464336573500950e-02, -1.2321725349646409e-01,
          -7.6276010311882043e-03, 5.5654500367555053e-03,
          -1.5912586436282322e-02, 3.6957731768353430e-02,
          2.6208463899748836e-02, 1.3858566337196054e-01,
          4.0011335569548634e-01, 5.0306167444352949e-02,
          7.4307008696101184e-02, 2.8480812946319864e-02,
          1.1638663550928430e-02, -9.2130143533602528e-03,
          7.7101810928060885e-02, 6.9398397750797440e-03,
          3.8464336573500957e-02, 5.0306167444352949e-02,
          5.4853344776038503e-02, -1.3537257793034298e-02,
          1.9689524078517211e-03, 2.4154122789955008e-03,
          -1.2100416292674047e-03, 1.2187957386130394e-02,
          6.0308095285316818e-03, -1.2321725349646410e-01,
          7.4307008696101184e-02, -1.3537257793034297e-02,
          4.0678813927527491e-01, 4.6139732573209184e-02,
          8.0917485384288407e-03, -4.1610596665178530e-03,
          9.7282807000464797e-03, -3.3995080703960519e-02,
          -7.6276010311882043e-03, 2.8480812946319864e-02,
          1.9689524078517215e-03, 4.6139732573209184e-02,
          3.5530082858404560e-02, -6.5161568063814483e-04,
          -7.9818927890218279e-03, 8.3327203487381252e-03,
          -2.2814447112636635e-03, 5.5654500367555053e-03,
          1.1638663550928430e-02, 2.4154122789955008e-03,
          8.0917485384288425e-03, -6.5161568063814516e-04,
          5.6854927655751820e-02, 4.7745999842276888e-05,
          2.8809199572699985e-03, -5.7805697527231633e-04,
          -1.5912586436282322e-02, -9.2130143533602476e-03,
          -1.2100416292674049e-03, -4.1610596665178530e-03,
          -7.9818927890218279e-03, 4.7745999842276665e-05,
          1.6450191237535307e-02, -9.8123301514970659e-03,
          -1.6182044031218315e-03, 3.6957731768353444e-02,
          7.7101810928060871e-02, 1.2187957386130389e-02,
          9.7282807000464797e-03, 8.3327203487381252e-03,
          2.8809199572699990e-03, -9.8123301514970642e-03,
          3.3408809596704253e-02, 3.2892127737778435e-04,
          2.6208463899748836e-02, 6.9398397750797466e-03,
          6.0308095285316818e-03, -3.3995080703960526e-02,
          -2.2814447112636639e-03, -5.7805697527231600e-04,
          -1.6182044031218315e-03, 3.2892127737778408e-04,
          2.0198712822717714e-02 ]
   - !!opencv-matrix
      rows: 9
      cols: 9
      dt: d
      data: [ 1.3307594220240920e-01, 2.7812518953050872e-02,
          2.7854804345577078e-02, 1.4010821167277022e-02,
          3.1936800487557357e-02, 1.9456765696610667e-03,
          -2.7657182801852115e-02, 2.1915846944988524e-02,
          -6.8457935508067528e-03, 2.7812518953050872e-02,
          2.1643225929111814e-02, 1.7101937616365141e-02,
          6.0584564335873833e-03, 1.8181073609547585e-02,
          -9.4018434065992621e-04, -9.2426090499888799e-03,
          9.8367438183594690e-03, -3.4686460744678040e-03,
          2.7854804345577078e-02, 1.7101937616365141e-02,
          1.0199126939419940e-01, 3.1173581286180366e-03,
          1.6214418420892777e-02, -1.0081350161732611e-03,
          -8.4942944617494593e-03, 9.0410763992441884e-03,
          -4.5087900833900869e-03, 1.4010821167277025e-02,
          6.0584564335873841e-03, 3.1173581286180366e-03,
          2.9469873169632548e-02, 7.3554237279240637e-03,
          -6.6216506242837096e-03, -6.6709537869173354e-03,
          5.4277328905215222e-03, -9.8579307501215361e-04,
          3.1936800487557357e-02, 1.8181073609547585e-02,
          1.6214418420892777e-02, 7.3554237279240637e-03,
          2.7175396555995834e-02, -2.7775408046113665e-03,
          -1.2728055523293353e-02, 1.1106232037170738e-02,
          -4.5191824842223541e-03, 1.9456765696610648e-03,
          -9.4018434065992653e-04, -1.0081350161732609e-03,
          -6.6216506242837096e-03, -2.7775408046113665e-03,
          1.4595169297346694e-01, 9.2016692261045433e-04,
          2.2728780181300030e-03, 1.7041065797509299e-03,
          -2.7657182801852115e-02, -9.2426090499888799e-03,
          -8.4942944617494610e-03, -6.6709537869173345e-03,
          -1.2728055523293353e-02, 9.2016692261045411e-04,
          1.7027668443562953e-02, -1.1254423124440856e-02,
          2.3809469564456914e-03, 2.1915846944988524e-02,
          9.8367438183594690e-03, 9.0410763992441866e-03,
          5.4277328905215213e-03, 1.1106232037170738e-02,
          2.2728780181300035e-03, -1.1254423124440856e-02,
          1.9818851931182813e-02, -3.3927780265566444e-03,
          -6.8457935508067537e-03, -3.4686460744678040e-03,
          -4.5087900833900869e-03, -9.8579307501215361e-04,
          -4.5191824842223541e-03, 1.7041065797509299e-03,
          2.3809469564456918e-03, -3.3927780265566444e-03,
          1.9555990880054754e-02 ]
   - !!opencv-matrix
      rows: 9
      cols: 9
      dt: d
      data: [ 7.3915916822678507e-02, 9.3004561631879149e-03,
          7.2582440420971674e-03, 1.5993817371942678e-03,
          1.1446072224339658e-04, 1.9481659979753228e-03,
          -4.5572083050479557e-03, 3.2554178109239999e-03,
          1.5313774232922520e-02, 9.3004561631879132e-03,
          1.4903252826208602e-02, 5.9898392842236007e-03,
          1.3254034794360587e-03, 3.8892446727344433e-03,
          2.9033728858780380e-03, -7.2642213967014568e-04,
          2.9686549089514660e-03, 2.2957227835850181e-02,
          7.2582440420971657e-03, 5.9898392842235989e-03,
          7.6871058091923766e-02, -3.5764658249289737e-03,
          1.9353571444766524e-03, -3.7679722584923409e-03,
          7.2225758032071089e-04, 1.4714250352770696e-03,
          -4.9183296603894991e-03, 1.5993817371942685e-03,
          1.3254034794360581e-03, -3.5764658249289750e-03,
          2.5850303932185521e-02, 1.1846382131743870e-03,
          -6.2809004148772045e-03, -7.3169506972451336e-04,
          7.4329387597214618e-04, 1.3203728339032121e-03,
          1.1446072224339665e-04, 3.8892446727344424e-03,
          1.9353571444766520e-03, 1.1846382131743868e-03,
          7.8180353962777876e-03, -1.0285550410252895e-03,
