%YAML:1.0
---
groups:
   - intact
   - CD19
   - blast
intactGmmnames:
   - "intact.669.0"
   - "intact.669.1"
   - "intact.669.2"
   - "intact.669.3"
   - "intact.669.4"
intactLabels:
   - FSC-A
   - SSC-A
   - CD20
   - CD10
   - CD45
   - CD34
   - SYTO41
   - CD19
   - CD38
intactMu: !!opencv-matrix
   rows: 5
   cols: 9
   dt: d
   data: [ 1.9794373005634880e+00, 1.2283374210213198e+00,
       9.5997378694282975e-01, 1.0365460211766278e+00,
       1.4862863109375306e+00, 1.3954899504863296e+00,
       1.8341185366853063e+00, 1.5628594216754228e+00,
       1.6397259453236235e+00, 2.6358544172722125e+00,
       3.1313722700211044e+00, 1.4928126296932898e+00,
       2.8492864602583619e+00, 3.3881044473807091e+00,
       1.4449054662584073e+00, 2.5926186463651377e+00,
       2.0855620485917727e+00, 1.7907431957366957e+00,
       1.6780636797541135e+00, 4.5023176983503865e-01,
       1.3608468437749519e+00, 1.4249133726747083e+00,
       3.8516694565493377e+00, 1.2484978560649813e+00,
       2.6163189731177199e+00, 1.4979583956350124e+00,
       2.1257771641949987e+00, 2.8301219450712791e+00,
       1.9636343500446785e+00, 1.6383717435521412e+00,
       1.7331474445743895e+00, 3.0319284962818243e+00,
       1.4941985134773541e+00, 2.8447068787199936e+00,
       1.8656391117153448e+00, 2.2190026365958859e+00,
       1.1984601501208607e+00, 3.6240309470569593e-01,
       1.0722682447759206e+00, 1.3390895349361176e+00,
       1.6898571752351033e+00, 1.1238792859895237e+00,
       2.6883431310042516e+00, 1.0673238160304410e+00,
       1.8099517469137572e+00 ]
intactSigma:
   - !!opencv-matrix
      rows: 9
      cols: 9
      dt: d
      data: [ 3.7116945000553253e-01, 7.4654495304445883e-03,
          8.5932824186576565e-02, 6.9974451755205141e-02,
          9.2683799466268660e-02, 8.7084699638022331e-02,
          7.2497547890185574e-02, 1.8107738980194847e-02,
          2.1053336441908446e-02, 7.4654495304445840e-03,
          6.6390935599000378e-01, -2.8941001537006596e-02,
          -1.3019296562211014e-02, -7.9769510791031020e-02,
          -1.2574643510065256e-01, 1.3183751771387272e-02,
          1.9729763675999459e-01, -3.7597438529410533e-02,
          8.5932824186576551e-02, -2.8941001537006582e-02,
          1.7162346804648529e-01, 8.5183024237896629e-02,
          1.2223070227047893e-01, 1.3079243559642409e-01,
          9.0091203180348009e-02, 1.4995917238199720e-02,
          2.2773637454228470e-02, 6.9974451755205141e-02,
          -1.3019296562211008e-02, 8.5183024237896601e-02,
          1.6996125965680664e-01, 9.8179038867707499e-02,
          9.7332945012085295e-02, 7.2037362479321021e-02,
          1.1764194540871570e-02, 1.7891314444907328e-02,
          9.2683799466268688e-02, -7.9769510791031006e-02,
          1.2223070227047889e-01, 9.8179038867707513e-02,
          2.6473134735464776e-01, 2.0278308003865819e-01,
          9.4709586791636546e-02, -1.1550109965352242e-02,
          3.4952246843770095e-02, 8.7084699638022331e-02,
          -1.2574643510065256e-01, 1.3079243559642412e-01,
          9.7332945012085337e-02, 2.0278308003865819e-01,
          2.8647773151234246e-01, 1.0756901588736049e-01,
          -1.7694932726917214e-02, 3.7260924771394935e-02,
          7.2497547890185587e-02, 1.3183751771387276e-02,
          9.0091203180348009e-02, 7.2037362479321021e-02,
          9.4709586791636519e-02, 1.0756901588736049e-01,
          9.8866407781496676e-02, 2.0446962615384808e-02,
          1.6406980652087517e-02, 1.8107738980194844e-02,
          1.9729763675999459e-01, 1.4995917238199721e-02,
          1.1764194540871574e-02, -1.1550109965352242e-02,
          -1.7694932726917210e-02, 2.0446962615384801e-02,
          1.1943211817753410e-01, -1.1642246366396233e-02,
          2.1053336441908446e-02, -3.7597438529410533e-02,
          2.2773637454228470e-02, 1.7891314444907325e-02,
          3.4952246843770102e-02, 3.7260924771394928e-02,
          1.6406980652087517e-02, -1.1642246366396233e-02,
          1.0400752660225105e-02 ]
   - !!opencv-matrix
      rows: 9
      cols: 9
      dt: d
      data: [ 2.7950705925884245e-01, 1.6048380836752327e-01,
          1.8430240513338199e-02, -1.8162898729688633e-02,
          -1.0768922890552247e-02, 5.2401763502443952e-03,
          -5.0685158076834314e-03, 2.7759470799151961e-02,
          -1.0788231383883813e-03, 1.6048380836752327e-01,
          3.9911303459033137e-01, 3.5079779863539634e-02,
          2.3191063176327898e-02, 6.3891637740349652e-03,
          1.7423325652722636e-02, -2.5005416363416584e-03,
          6.9255490715919465e-02, 4.1865196512675690e-03,
          1.8430240513338202e-02, 3.5079779863539641e-02,
          5.1409723014967885e-02, 1.2610971310708454e-02,
          1.0489152685830101e-02, 1.1764075022268223e-02,
          1.5367039745175820e-03, 8.7078889477908827e-03,
          2.0489570315950639e-03, -1.8162898729688619e-02,
          2.3191063176327898e-02, 1.2610971310708454e-02,
          9.4101013658751176e-02, 1.8670182071702835e-02,
          7.6248179656099296e-03, -7.1030754884564415e-04,
          7.1021332016256303e-03, 1.2555326041043509e-03,
          -1.0768922890552247e-02, 6.3891637740349618e-03,
          1.0489152685830099e-02, 1.8670182071702835e-02,
          2.0548445607327000e-02, 1.0489581204040537e-03,
          -3.0149876047265447e-03, 3.7820665840893283e-03,
          6.3097346733376305e-06, 5.2401763502443917e-03,
          1.7423325652722643e-02, 1.1764075022268221e-02,
          7.6248179656099278e-03, 1.0489581204040539e-03,
          1.4998672550329478e-01, 1.2073213420660854e-03,
          5.1410237464298595e-03, 6.6970906063424842e-03,
          -5.0685158076834314e-03, -2.5005416363416593e-03,
          1.5367039745175831e-03, -7.1030754884564458e-04,
          -3.0149876047265438e-03, 1.2073213420660861e-03,
          2.2059079315195081e-02, -1.4580788100098656e-03,
          -6.3510293327262500e-04, 2.7759470799151961e-02,
          6.9255490715919465e-02, 8.7078889477908809e-03,
          7.1021332016256303e-03, 3.7820665840893296e-03,
          5.1410237464298587e-03, -1.4580788100098650e-03,
          2.8473518022226026e-02, -2.2013301450529675e-03,
          -1.0788231383883800e-03, 4.1865196512675708e-03,
          2.0489570315950639e-03, 1.2555326041043518e-03,
          6.3097346733376254e-06, 6.6970906063424851e-03,
          -6.3510293327262511e-04, -2.2013301450529666e-03,
          1.8749030113784287e-02 ]
   - !!opencv-matrix
      rows: 9
      cols: 9
      dt: d
      data: [ 2.1171547537039698e-01, 4.7869557685275101e-02,
          2.5818596854758923e-02, 3.1107915187762451e-02,
          3.5296133412967876e-02, 5.0988223114549558e-03,
          -8.2529200993253352e-02, 4.5085508643811889e-02,
          5.6790411217489518e-02, 4.7869557685275101e-02,
          3.9733281840967812e-02, 1.8979551393763148e-02,
          2.1400398719468854e-02, 1.8435382883404371e-02,
          1.2227989797811162e-02, -3.4193487129196100e-02,
          3.0454121165448989e-02, 4.5778837735261271e-02,
          2.5818596854758930e-02, 1.8979551393763148e-02,
          5.5634657593640453e-02, 1.0665424037700618e-02,
          1.1276399910055763e-02, 1.0356752778756115e-02,
          -1.2201364664816656e-02, 1.8844076373877992e-02,
          1.9064310048112453e-02, 3.1107915187762451e-02,
          2.1400398719468850e-02, 1.0665424037700618e-02,
          7.2548241400827829e-02, 1.6575568963964751e-02,
          1.4931557008843728e-04, -1.7532413583481891e-02,
          2.5477952423474160e-02, 1.9790111775998979e-02,
          3.5296133412967876e-02, 1.8435382883404371e-02,
          1.1276399910055761e-02, 1.6575568963964751e-02,
          1.9747518729898664e-02, 3.1017432394487470e-03,
          -2.5057785451167339e-02, 2.0404827478533005e-02,
