%YAML:1.0
---
groups:
   - intact
   - CD19
intactGmmnames:
   - "intact.672.0"
   - "intact.672.1"
   - "intact.672.2"
   - "intact.672.3"
   - "intact.672.4"
intactLabels:
   - FSC-A
   - SSC-A
   - CD20
   - CD10
   - CD45
   - CD34
   - SYTO41
   - CD19
   - CD38
intactMu: !!opencv-matrix
   rows: 5
   cols: 9
   dt: d
   data: [ 3.0468576306046575e+00, 3.3260762076305879e+00,
       1.3189325283172160e+00, 2.6557709903657822e+00,
       3.0417277611809106e+00, 1.1755847774143846e+00,
       2.8229732013616755e+00, 1.8958879803163540e+00,
       2.0715119498223187e+00, 1.8263833882849676e+00,
       3.9342031344384365e-01, 1.0399074140787816e+00,
       9.0688984876064760e-01, 3.8579885643578766e+00,
       1.1291742190268463e+00, 2.6805244600477414e+00,
       1.1969560966983319e+00, 1.7218215581866765e+00,
       1.3271452463833500e+00, 2.9892748551050052e-01,
       9.3863399486510068e-01, 1.0869365938109141e+00,
       1.5708123258893594e+00, 1.1041768347243583e+00,
       2.9043944815249345e+00, 9.9549704881488443e-01,
       1.6434617333002970e+00, 2.3572490694656953e+00,
       9.3453659319704663e-01, 1.2660901275912306e+00,
       1.3434145181972528e+00, 2.9198947487426183e+00,
       1.4747682620303417e+00, 2.9582926355839891e+00,
       1.2986529972210576e+00, 2.5889889178356329e+00,
       3.4326627210080485e+00, 2.8069191884684939e+00,
       1.4679420381614185e+00, 1.3550307961064725e+00,
       2.9955811156243106e+00, 1.3007459115825479e+00,
       2.7808494291536645e+00, 1.8296520040182529e+00,
       2.4541816435153363e+00 ]
intactSigma:
   - !!opencv-matrix
      rows: 9
      cols: 9
      dt: d
      data: [ 3.7706245040236730e-01, 1.6585348733127664e-01,
          2.7697611288618151e-02, 2.6805691607698198e-04,
          7.4804690615573538e-03, 3.3237567261725442e-03,
          -3.4945838025296737e-03, 3.5516836090386139e-02,
          2.4239190826877591e-02, 1.6585348733127664e-01,
          3.3422725703433298e-01, 4.6724836032677360e-02,
          2.5122567281208583e-02, 1.5581797766267206e-02,
          3.5477462621575574e-03, 7.0880486235486706e-03,
          6.7254585290922056e-02, 2.4707124623491835e-02,
          2.7697611288618154e-02, 4.6724836032677360e-02,
          5.1491810286040329e-02, 5.1003017654608638e-03,
          3.6367984493303491e-03, 1.2433314626805214e-03,
          2.4956990395354917e-03, 9.7114541174748922e-03,
          7.7323897428836367e-03, 2.6805691607698242e-04,
          2.5122567281208586e-02, 5.1003017654608646e-03,
          7.4279345680688350e-02, 1.3957902595203506e-02,
          3.5801280402272717e-03, -3.2340922476908646e-04,
          5.9589797794898048e-03, -3.6677642653320072e-03,
          7.4804690615573495e-03, 1.5581797766267206e-02,
          3.6367984493303491e-03, 1.3957902595203506e-02,
          2.1654594876099234e-02, 1.1095382281743661e-03,
          -1.0191760029005126e-03, 3.2393712714487983e-03,
          3.1387923470874361e-03, 3.3237567261725442e-03,
          3.5477462621575574e-03, 1.2433314626805211e-03,
          3.5801280402272717e-03, 1.1095382281743661e-03,
          7.2580851698599194e-02, 2.6749239373348475e-05,
          1.3747192304822346e-03, 3.3861840672605253e-03,
          -3.4945838025296750e-03, 7.0880486235486732e-03,
          2.4956990395354917e-03, -3.2340922476908679e-04,
          -1.0191760029005128e-03, 2.6749239373347686e-05,
          1.9634973489805467e-02, -5.6872097785555336e-05,
          -2.3779829663545674e-03, 3.5516836090386146e-02,
          6.7254585290922056e-02, 9.7114541174748922e-03,
          5.9589797794898048e-03, 3.2393712714487970e-03,
          1.3747192304822339e-03, -5.6872097785555275e-05,
          3.3582337848786857e-02, -1.6001977836564095e-03,
          2.4239190826877591e-02, 2.4707124623491842e-02,
          7.7323897428836367e-03, -3.6677642653320055e-03,
          3.1387923470874361e-03, 3.3861840672605253e-03,
          -2.3779829663545652e-03, -1.6001977836564095e-03,
          1.0299837586102500e-01 ]
   - !!opencv-matrix
      rows: 9
      cols: 9
      dt: d
      data: [ 1.6064215629306303e-01, 2.3711204506849937e-02,
          1.8230197063270642e-02, 5.9030006988496347e-03,
          1.4909079512796805e-02, -3.5785512795455132e-03,
          -9.0313768635263778e-03, 1.5329927115417237e-02,
          -7.7223006281842430e-03, 2.3711204506849933e-02,
          1.7356777722482553e-02, 1.1081322790827337e-02,
          4.2621758851146838e-03, 6.4445975121618093e-03,
          -9.0877589956372669e-04, -3.7720436068037854e-04,
          8.3491145244615171e-03, -1.8255186197241795e-03,
          1.8230197063270642e-02, 1.1081322790827337e-02,
          8.9687578146249308e-02, -2.3878249368496684e-03,
          6.5122359406076871e-03, -1.8186078247797871e-03,
          1.2582463193597339e-03, 7.7209557409883564e-03,
          -1.8298511502150325e-02, 5.9030006988496364e-03,
          4.2621758851146838e-03, -2.3878249368496684e-03,
          4.8500731451720784e-02, 1.4164262140889442e-03,
          -9.5120798842403837e-03, -3.8411293513454292e-04,
          2.0174859113127521e-03, -4.9451532571983606e-03,
          1.4909079512796809e-02, 6.4445975121618093e-03,
          6.5122359406076854e-03, 1.4164262140889442e-03,
          1.2773778394997279e-02, -9.8851593122040323e-04,
          -1.4901351065558133e-03, 4.6469590681916867e-03,
          -5.1651151286680698e-03, -3.5785512795455149e-03,
          -9.0877589956372626e-04, -1.8186078247797866e-03,
          -9.5120798842403854e-03, -9.8851593122040345e-04,
          1.7881797980406094e-01, 1.6093491840702340e-03,
          2.1936823448358155e-03, 6.2104390884239972e-03,
          -9.0313768635263778e-03, -3.7720436068037875e-04,
          1.2582463193597346e-03, -3.8411293513454330e-04,
          -1.4901351065558133e-03, 1.6093491840702336e-03,
          2.3525850967201750e-02, -1.7108637822866610e-03,
          -5.2964320827740491e-03, 1.5329927115417237e-02,
          8.3491145244615171e-03, 7.7209557409883590e-03,
          2.0174859113127521e-03, 4.6469590681916858e-03,
          2.1936823448358146e-03, -1.7108637822866610e-03,
          7.3079053433221977e-02, -1.3879981909244101e-02,
          -7.7223006281842499e-03, -1.8255186197241801e-03,
          -1.8298511502150325e-02, -4.9451532571983588e-03,
          -5.1651151286680698e-03, 6.2104390884239980e-03,
          -5.2964320827740491e-03, -1.3879981909244105e-02,
          3.1337167165462754e-01 ]
   - !!opencv-matrix
      rows: 9
      cols: 9
      dt: d
      data: [ 1.3073998216393179e-01, 2.3233597170833318e-02,
          2.2536862332496195e-02, 2.8009794557671722e-02,
          3.9681657153024047e-02, 3.1968818313434857e-03,
          1.3432878353784388e-02, 7.7420074875558867e-03,
          4.2297035049619028e-02, 2.3233597170833318e-02,
          1.2354943794286141e-02, 1.1395482837091294e-02,
          1.2229047154548934e-02, 1.7147250759036163e-02,
          1.6665136483467360e-03, 7.8155047147175204e-03,
          4.0303969102882566e-03, 1.7154672588142870e-02,
          2.2536862332496198e-02, 1.1395482837091294e-02,
          7.2284511927902029e-02, 7.6161626512406301e-03,
          1.8399724916733241e-02, 1.8320574686210810e-03,
          1.1106479583130163e-02, 2.9242063987781888e-03,
          1.7699648864381072e-02, 2.8009794557671729e-02,
          1.2229047154548936e-02, 7.6161626512406301e-03,
          1.0599419782465425e-01, 4.0166215528519782e-02,
          9.0243669829042511e-04, 9.4676266851530643e-03,
          4.5668396625241255e-03, 4.0756156988496328e-02,
          3.9681657153024033e-02, 1.7147250759036163e-02,
          1.8399724916733237e-02, 4.0166215528519782e-02,
          1.2646566114868801e-01, 1.7377378904597023e-03,
          1.4096837961632991e-02, 4.3808696869819695e-03,
