%YAML:1.0
---
groups:
   - intact
   - CD19
   - blast
intactGmmnames:
   - "intact.680.0"
   - "intact.680.1"
   - "intact.680.2"
   - "intact.680.3"
   - "intact.680.4"
intactLabels:
   - FSC-A
   - SSC-A
   - CD20
   - CD10
   - CD45
   - CD34
   - SYTO41
   - CD19
   - CD38
intactMu: !!opencv-matrix
   rows: 5
   cols: 9
   dt: d
   data: [ 2.8789199870407116e+00, 7.0973560293560045e-01,
       1.3752873631334273e+00, 1.1180698337640076e+00,
       1.9202872681921119e+00, 1.9343101762722361e+00,
       2.7264091500017522e+00, 1.4303975138284899e+00,
       1.6166467676079506e+00, 1.4772323782468508e+00,
       2.9778023623689537e-01, 9.6262993543754083e-01,
       9.4754828609345054e-01, 1.5058747139719486e+00,
       1.5253045110651504e+00, 2.3830433795867854e+00,
       1.2340609479761520e+00, 1.5050202121497340e+00,
       1.1663286993041106e+00, 3.2698103494868991e-01,
       1.1215361607631675e+00, 9.0853824530657090e-01,
       3.5563469722618359e+00, 1.0857157067905228e+00,
       3.3760275842478444e+00, 1.0998535709809896e+00,
       1.8087745096923051e+00, 1.8475191816487904e+00,
       2.0692713837664942e+00, 1.3406207039001456e+00,
       2.0654207418462027e+00, 2.7020556243785623e+00,
       1.2715473596174298e+00, 3.4343481024343041e+00,
       1.4907589073194942e+00, 1.6776934435865010e+00,
       1.0212839806784104e+00, 4.0414924401311675e-01,
       1.2004408078237641e+00, 1.0224019118268066e+00,
       1.3543406715228576e+00, 1.0553402200631481e+00,
       3.1788872083819730e+00, 1.1012204646006136e+00,
       1.5192178185473082e+00 ]
intactSigma:
   - !!opencv-matrix
      rows: 9
      cols: 9
      dt: d
      data: [ 7.5322804809566624e-01, 1.3478180364359280e-01,
          9.1111705383529987e-02, 4.0642812099123050e-02,
          1.4710800161108634e-01, 9.6494627912415018e-02,
          8.5214538174067864e-02, 4.0817384049739058e-02,
          4.3464697992755041e-02, 1.3478180364359280e-01,
          8.4066929024787448e-02, 4.1816928994993383e-02,
          2.3256698054710749e-02, 6.2082168849102067e-02,
          4.7603900735534166e-02, 3.7852914593876408e-02,
          2.6788494745313942e-02, 1.9556762389518593e-02,
          9.1111705383529973e-02, 4.1816928994993369e-02,
          6.0298385676006941e-02, 1.3178658471417620e-02,
          3.6209028381664739e-02, 3.5876225605452838e-02,
          2.8743831766743187e-02, 2.0575340130088788e-02,
          9.9003955206538614e-03, 4.0642812099123050e-02,
          2.3256698054710749e-02, 1.3178658471417621e-02,
          6.8975964045577057e-02, 2.1096481760109823e-02,
          1.8390268492184714e-02, 1.6462707255046800e-02,
          1.3442668323280550e-02, 4.7046635207229704e-03,
          1.4710800161108634e-01, 6.2082168849102067e-02,
          3.6209028381664739e-02, 2.1096481760109826e-02,
          1.2263086039164461e-01, 3.6233913304423208e-02,
          3.3278359940230130e-02, 1.7665386527290449e-02,
          1.9569588991142035e-02, 9.6494627912415018e-02,
          4.7603900735534166e-02, 3.5876225605452852e-02,
          1.8390268492184711e-02, 3.6233913304423208e-02,
          1.0670340557996739e-01, 3.3964559763203943e-02,
          2.4873791703417171e-02, 1.1670090560579648e-02,
          8.5214538174067864e-02, 3.7852914593876408e-02,
          2.8743831766743187e-02, 1.6462707255046800e-02,
          3.3278359940230130e-02, 3.3964559763203943e-02,
          3.9706149464339993e-02, 2.0679032332064251e-02,
          8.5920039027248662e-03, 4.0817384049739051e-02,
          2.6788494745313942e-02, 2.0575340130088795e-02,
          1.3442668323280550e-02, 1.7665386527290449e-02,
          2.4873791703417168e-02, 2.0679032332064258e-02,
          3.1355648819727452e-02, 1.3815111188661769e-04,
          4.3464697992755041e-02, 1.9556762389518593e-02,
          9.9003955206538596e-03, 4.7046635207229695e-03,
          1.9569588991142035e-02, 1.1670090560579648e-02,
          8.5920039027248662e-03, 1.3815111188661785e-04,
          2.4474097987717776e-02 ]
   - !!opencv-matrix
      rows: 9
      cols: 9
      dt: d
      data: [ 1.9970528465201159e-01, 2.2290156194474855e-02,
          2.5913699035138949e-02, 7.7300122227527248e-03,
          3.7894949205041217e-02, 1.6353747591799823e-02,
          1.1808217598361296e-02, 6.1950787504351816e-03,
          8.1622719338896067e-03, 2.2290156194474855e-02,
          1.2940007180345030e-02, 1.2273587763957042e-02,
          4.8978117934815046e-03, 1.4553191887879060e-02,
          1.1876909788625102e-02, 1.1750171042928683e-02,
          4.4337124050094611e-03, 2.5807891527406448e-03,
          2.5913699035138946e-02, 1.2273587763957042e-02,
          8.1773040771354763e-02, -3.2802005682450001e-03,
          1.5865214109324888e-02, 1.6987516832549406e-02,
          1.8588252470928643e-02, 6.6029206584601475e-03,
          2.1604843219979932e-03, 7.7300122227527248e-03,
          4.8978117934815046e-03, -3.2802005682450010e-03,
          4.9656286387651107e-02, 8.9546573874400969e-03,
          2.5615855049586087e-03, 5.8408310452470955e-03,
          2.2515751263828118e-03, 1.3969081831664092e-03,
          3.7894949205041217e-02, 1.4553191887879059e-02,
          1.5865214109324888e-02, 8.9546573874400969e-03,
          9.2827101182870575e-02, 1.4767091593941174e-02,
          1.5443478240934153e-02, 3.2635459022327474e-03,
          3.4367934360812736e-03, 1.6353747591799826e-02,
          1.1876909788625102e-02, 1.6987516832549409e-02,
          2.5615855049586100e-03, 1.4767091593941174e-02,
          8.9138992241365289e-02, 2.3185978512233370e-02,
          7.6250312062615226e-03, 3.4230513597760482e-03,
          1.1808217598361290e-02, 1.1750171042928683e-02,
          1.8588252470928643e-02, 5.8408310452470946e-03,
          1.5443478240934149e-02, 2.3185978512233377e-02,
          4.3133943054561662e-02, 7.5426458917235159e-03,
          2.4855265524202420e-03, 6.1950787504351816e-03,
          4.4337124050094620e-03, 6.6029206584601475e-03,
          2.2515751263828127e-03, 3.2635459022327474e-03,
          7.6250312062615217e-03, 7.5426458917235151e-03,
          1.1303014274282302e-02, -1.4267105338420104e-03,
          8.1622719338896067e-03, 2.5807891527406444e-03,
          2.1604843219979936e-03, 1.3969081831664094e-03,
          3.4367934360812731e-03, 3.4230513597760478e-03,
          2.4855265524202416e-03, -1.4267105338420104e-03,
          7.9222838118520131e-03 ]
   - !!opencv-matrix
      rows: 9
      cols: 9
      dt: d
      data: [ 1.6481254959974098e-01, 2.9549522181231150e-02,
          1.9792406118569587e-02, 1.7274077628396244e-02,
          3.9583965149851762e-02, -3.7839722762602898e-03,
          -8.9660896275340587e-02, 3.7092278263551631e-02,
          1.2680620157620547e-02, 2.9549522181231150e-02,
          1.6974583372452258e-02, 1.2061614858308894e-02,
          7.1342108947007911e-03, 1.0686724469528846e-02,
          1.1604511886613357e-03, -2.2988731686300608e-02,
          1.1077091405919320e-02, 1.8232490120923713e-02,
          1.9792406118569580e-02, 1.2061614858308894e-02,
          7.9441043671030109e-02, -8.9457090793208679e-05,
          9.4606709809481569e-03, 3.8758580774007428e-03,
          -9.4121991465901857e-03, 7.1349623951794039e-03,
          -1.1424386732730860e-02, 1.7274077628396244e-02,
          7.1342108947007920e-03, -8.9457090793207961e-05,
          5.3645312116253931e-02, 7.9115077808579043e-03,
          -5.4750444380760573e-03, -1.5360035796091576e-02,
          8.0763971929891359e-03, 2.6864236013601707e-03,
          3.9583965149851762e-02, 1.0686724469528848e-02,
          9.4606709809481569e-03, 7.9115077808579060e-03,
          2.4587110250900896e-02, -2.9273359792142224e-03,
          -2.9070747606293180e-02, 1.2369292074593648e-02,
