%YAML:1.0
---
groups:
   - intact
   - CD19
   - blast
intactGmmnames:
   - "intact.684.0"
   - "intact.684.1"
   - "intact.684.2"
   - "intact.684.3"
   - "intact.684.4"
intactLabels:
   - FSC-A
   - SSC-A
   - CD20
   - CD10
   - CD45
   - CD34
   - SYTO41
   - CD19
   - CD38
intactMu: !!opencv-matrix
   rows: 5
   cols: 9
   dt: d
   data: [ 1.7131996030642878e+00, 3.6318067570368517e-01,
       1.0161978329071228e+00, 9.8261153517798594e-01,
       3.6668056944023539e+00, 1.1645327804107704e+00,
       2.1843370302146679e+00, 1.1500228052902919e+00,
       1.7912495929952936e+00, 1.6712286563493584e+00,
       7.6861152667745225e-01, 1.1790054122545737e+00,
       1.0888416888165224e+00, 1.4947790527208167e+00,
       1.1515626544983550e+00, 2.2233193911382609e+00,
       1.1904787702254316e+00, 1.6923173761866519e+00,
       2.4980034900628389e+00, 1.8745781579019143e+00,
       1.4795858263794797e+00, 1.7968947868327125e+00,
       3.0507295354701647e+00, 1.5550508567443135e+00,
       2.3877910076829161e+00, 1.6130904571131293e+00,
       2.0078613302309680e+00, 1.3178297927945009e+00,
       2.6699868122189963e-01, 9.1750845901380440e-01,
       9.0297036666609498e-01, 3.6079782132197211e+00,
       1.1452013328768154e+00, 2.2593797877949231e+00,
       1.1031495047966533e+00, 1.9332627024396671e+00,
       2.1284188993460065e+00, 6.1073617724373985e-01,
       1.0098752965120044e+00, 9.5756542540168355e-01,
       3.7725383354739441e+00, 1.2063535946901118e+00,
       2.0932043628645038e+00, 1.2348164096074843e+00,
       2.5025571004504314e+00 ]
intactSigma:
   - !!opencv-matrix
      rows: 9
      cols: 9
      dt: d
      data: [ 2.1428605848074789e-01, 5.6125863847813345e-03,
          7.0866360831227469e-03, -2.4028668417497507e-03,
          2.4250191788253255e-02, -4.7717402388134343e-03,
          -1.9768322906297018e-02, -2.3314107921152730e-03,
          -9.0254298283974996e-03, 5.6125863847813345e-03,
          1.0881799557021829e-02, 8.1295608293456487e-03,
          2.3134738573289781e-03, 5.1059837848283617e-03,
          1.2556136336418309e-03, 1.4864945057892606e-03,
          2.4348480752324733e-03, -1.5829579445754546e-03,
          7.0866360831227469e-03, 8.1295608293456487e-03,
          6.4874562518025897e-02, -1.5718000107789840e-03,
          4.8253454656925036e-03, 1.6682933362217075e-03,
          3.4524589639058530e-03, 2.4356460873144192e-03,
          -4.1057406435414693e-03, -2.4028668417497494e-03,
          2.3134738573289777e-03, -1.5718000107789859e-03,
          7.8595020514561215e-02, 2.0258106431270606e-03,
          -4.0804618630309849e-03, 2.6885772194141420e-03,
          6.1303792956883844e-03, -1.7805347434805008e-03,
          2.4250191788253255e-02, 5.1059837848283617e-03,
          4.8253454656925028e-03, 2.0258106431270614e-03,
          1.2395384773862551e-02, -2.4377960524860440e-03,
          -2.7472786415384063e-03, 2.2488882189403685e-03,
          -4.1053760724068114e-03, -4.7717402388134369e-03,
          1.2556136336418307e-03, 1.6682933362217075e-03,
          -4.0804618630309866e-03, -2.4377960524860440e-03,
          1.5311516961766891e-01, 1.6565263971549022e-03,
          3.7913488034799912e-03, 1.4483512957943945e-03,
          -1.9768322906297014e-02, 1.4864945057892606e-03,
          3.4524589639058530e-03, 2.6885772194141428e-03,
          -2.7472786415384063e-03, 1.6565263971549022e-03,
          1.4101576584096392e-02, 1.9621175294864505e-03,
          5.6326122737251287e-04, -2.3314107921152726e-03,
          2.4348480752324733e-03, 2.4356460873144188e-03,
          6.1303792956883844e-03, 2.2488882189403685e-03,
          3.7913488034799912e-03, 1.9621175294864505e-03,
          5.4510679049289516e-02, -4.3947710012878886e-03,
          -9.0254298283974996e-03, -1.5829579445754548e-03,
          -4.1057406435414676e-03, -1.7805347434805008e-03,
          -4.1053760724068114e-03, 1.4483512957943938e-03,
          5.6326122737251276e-04, -4.3947710012878886e-03,
          1.7986286740167744e-02 ]
   - !!opencv-matrix
      rows: 9
      cols: 9
      dt: d
      data: [ 3.1629312671632942e-01, 1.0032590938282782e-01,
          4.3570099720901229e-02, 1.8233994210162634e-02,
          2.6155850374330405e-02, 1.5734701018886584e-02,
          -3.0443486454391116e-03, 2.9788343307954372e-02,
          2.9519477896472403e-03, 1.0032590938282782e-01,
          1.2296849519720257e-01, 7.0416882710945365e-03,
          7.9701786184735567e-03, 8.1252901013323820e-03,
          3.2132455961237380e-03, -1.0885303636269493e-02,
          3.3051248509208167e-02, -5.5577501799853864e-04,
          4.3570099720901229e-02, 7.0416882710945365e-03,
          1.1303863782132716e-01, 3.4819930445605163e-02,
          2.9263639782805870e-02, 6.4367471355087540e-03,
          6.1473603110115183e-02, 4.3930859993520704e-03,
          8.6610063811214458e-03, 1.8233994210162637e-02,
          7.9701786184735567e-03, 3.4819930445605163e-02,
          7.8928905583481299e-02, 2.6633943709179528e-02,
          3.0043926759044572e-03, 3.5294072218438950e-02,
          5.7398789365037195e-03, 7.1626074218342729e-03,
          2.6155850374330401e-02, 8.1252901013323837e-03,
          2.9263639782805873e-02, 2.6633943709179528e-02,
          5.1483056900802154e-02, 5.6183627879383144e-03,
          2.3904577209112519e-02, 1.7971770349799519e-03,
          8.0015071300940516e-03, 1.5734701018886584e-02,
          3.2132455961237380e-03, 6.4367471355087531e-03,
          3.0043926759044581e-03, 5.6183627879383162e-03,
          7.0364518872409840e-02, -3.0365247843199819e-03,
          3.3662630380005281e-03, 1.4172782312597211e-03,
          -3.0443486454391124e-03, -1.0885303636269491e-02,
          6.1473603110115189e-02, 3.5294072218438950e-02,
          2.3904577209112522e-02, -3.0365247843199819e-03,
          9.9604442864885012e-02, -3.1801837488141115e-03,
          8.5539090223938959e-03, 2.9788343307954369e-02,
          3.3051248509208167e-02, 4.3930859993520704e-03,
          5.7398789365037195e-03, 1.7971770349799522e-03,
          3.3662630380005272e-03, -3.1801837488141128e-03,
          3.3794817889255840e-02, -2.1885138411906770e-03,
          2.9519477896472390e-03, -5.5577501799853918e-04,
          8.6610063811214458e-03, 7.1626074218342729e-03,
          8.0015071300940516e-03, 1.4172782312597211e-03,
          8.5539090223938959e-03, -2.1885138411906779e-03,
          5.3604974526358113e-03 ]
   - !!opencv-matrix
      rows: 9
      cols: 9
      dt: d
      data: [ 8.4316268071156386e-01, 8.0065639916763454e-01,
          -7.6983455856176414e-02, 6.5825968917168437e-02,
          8.5118405407076672e-02, 6.5526211096443576e-02,
          3.1968195383034088e-02, 8.0347575036000193e-02,
          5.8842671769762517e-02, 8.0065639916763454e-01,
          1.5560399288705775e+00, -1.2355451459417406e-01,
          2.7828074840270250e-01, -7.9906366644384996e-03,
          -6.4140554848911733e-03, 3.9505535458013039e-02,
          1.8897766379535089e-01, -9.1867777238866868e-02,
          -7.6983455856176414e-02, -1.2355451459417406e-01,
          3.3605542903428104e-01, 3.2584249854000720e-02,
          2.3571493303354018e-02, 5.3485331039772139e-03,
          3.8521921828222040e-02, 1.2886419285375561e-01,
          -1.1558460608086824e-02, 6.5825968917168437e-02,
          2.7828074840270250e-01, 3.2584249854000720e-02,
          5.0885601519602397e-01, 1.0102888920121968e-01,
          5.7414650231427144e-04, -1.0363656639954181e-03,
          8.7202801828935167e-02, -8.4462011773363224e-02,
          8.5118405407076658e-02, -7.9906366644385100e-03,
          2.3571493303354018e-02, 1.0102888920121963e-01,
          5.4869447935532212e-01, 2.4041683432131179e-02,
          -1.1498553114159418e-02, 3.1807598562205192e-02,
