%YAML:1.0
---
groups:
   - intact
   - CD19
   - blast
intactGmmnames:
   - "intact.686.0"
   - "intact.686.1"
   - "intact.686.2"
   - "intact.686.3"
   - "intact.686.4"
intactLabels:
   - FSC-A
   - SSC-A
   - CD20
   - CD10
   - CD45
   - CD34
   - SYTO41
   - CD19
   - CD38
intactMu: !!opencv-matrix
   rows: 5
   cols: 9
   dt: d
   data: [ 2.0476749677558264e+00, 1.7776258429968219e+00,
       1.5673729474500919e+00, 1.6953453567507830e+00,
       2.5829169448597851e+00, 1.4605385385503686e+00,
       3.2999304739772257e+00, 1.5284605408649456e+00,
       1.8340117693720754e+00, 1.4922228748725022e+00,
       3.1118751973625680e-01, 9.9366849040298055e-01,
       9.0825253505558345e-01, 3.6169785035195043e+00,
       1.1251621390288311e+00, 3.5929818447013853e+00,
       9.8232062064901626e-01, 1.9040829763465950e+00,
       2.5794310355755679e+00, 3.2462156029320317e+00,
       1.4127286320292252e+00, 2.7375046721414806e+00,
       3.2060908063776785e+00, 1.3319364666682378e+00,
       3.3432693759928376e+00, 1.7143518495410404e+00,
       1.7141373397858193e+00, 2.1942419820554933e+00,
       2.7673657103466764e+00, 1.1262053035239057e+00,
       2.6255763156807026e+00, 3.1399179627802942e+00,
       1.3005121590572712e+00, 3.4044912706347148e+00,
       1.5643077144761706e+00, 1.6725507731181104e+00,
       2.4362031101907933e+00, 3.1424630920961558e+00,
       1.4820278162794718e+00, 2.5032691175331543e+00,
       3.1195427391718815e+00, 1.3794104434480681e+00,
       3.3664953236327322e+00, 1.6846336437346436e+00,
       1.6659596661033576e+00 ]
intactSigma:
   - !!opencv-matrix
      rows: 9
      cols: 9
      dt: d
      data: [ 8.0534176482119235e-01, 4.5759775299792183e-01,
          1.1946384818367761e-01, 1.5689010229065681e-01,
          2.7881160525077636e-01, -5.4055831090026908e-04,
          -1.6239172208208825e-02, 1.8625935768628968e-01,
          6.0961799491131480e-02, 4.5759775299792183e-01,
          1.0246789082271077e+00, 2.2230148802530714e-01,
          3.9597522638749938e-01, 2.7602866427925771e-01,
          5.9571859947597346e-02, -2.4411839965396441e-02,
          3.1427503943576907e-01, -2.7917056009868942e-02,
          1.1946384818367761e-01, 2.2230148802530714e-01,
          4.4700339036388459e-01, 2.4067410437469627e-01,
          1.7906475381351519e-01, 1.1885042829272464e-01,
          2.9009710916332043e-02, 2.4739744380355541e-01,
          1.0713535990860978e-01, 1.5689010229065681e-01,
          3.9597522638749938e-01, 2.4067410437469627e-01,
          4.8397645791893307e-01, 2.2505269120619631e-01,
          9.5295961905303636e-02, -4.0290789428852371e-03,
          1.9856978836400249e-01, 7.0435343885184618e-02,
          2.7881160525077636e-01, 2.7602866427925771e-01,
          1.7906475381351519e-01, 2.2505269120619634e-01,
          8.3853781860664800e-01, 6.1868380633560559e-02,
          6.7206437788471171e-02, 2.0810535458737334e-01,
          2.7009236775010576e-01, -5.4055831090027298e-04,
          5.9571859947597353e-02, 1.1885042829272464e-01,
          9.5295961905303636e-02, 6.1868380633560559e-02,
          3.3044463195055568e-01, -1.9978702938545909e-02,
          9.9935122632648227e-02, 8.2343942793177569e-02,
          -1.6239172208208825e-02, -2.4411839965396431e-02,
          2.9009710916332043e-02, -4.0290789428852397e-03,
          6.7206437788471157e-02, -1.9978702938545905e-02,
          2.1885017551424391e-01, -7.2985513095949806e-02,
          4.0991175926271869e-02, 1.8625935768628968e-01,
          3.1427503943576907e-01, 2.4739744380355541e-01,
          1.9856978836400249e-01, 2.0810535458737334e-01,
          9.9935122632648227e-02, -7.2985513095949819e-02,
          3.3014662766549668e-01, 7.8439671620673876e-02,
          6.0961799491131501e-02, -2.7917056009868942e-02,
          1.0713535990860978e-01, 7.0435343885184618e-02,
          2.7009236775010576e-01, 8.2343942793177569e-02,
          4.0991175926271869e-02, 7.8439671620673876e-02,
          3.3578049365907786e-01 ]
   - !!opencv-matrix
      rows: 9
      cols: 9
      dt: d
      data: [ 2.4312723637688183e-01, 2.8546372581499700e-02,
          1.1011127772777796e-02, 1.1028289791051481e-02,
          1.8627881382285123e-02, -1.2414290322594394e-05,
          -5.5481951178973046e-02, 3.1399298380180442e-02,
          4.8039145946164048e-02, 2.8546372581499700e-02,
          2.4273543735146313e-02, 1.6930642212863792e-02,
          8.6593698346551558e-03, 7.0020833273990507e-03,
          3.7048682018681117e-03, -1.3256809195512986e-02,
          1.0691617749512756e-02, 3.7477675204111098e-02,
          1.1011127772777796e-02, 1.6930642212863795e-02,
          1.2065851393322681e-01, -8.2090352669431717e-04,
          5.7694994592879080e-03, 1.9388430526466446e-03,
          -2.8247911863252548e-03, 7.5463114719907295e-03,
          3.6305689868715509e-03, 1.1028289791051481e-02,
          8.6593698346551558e-03, -8.2090352669431815e-04,
          5.6873419526229055e-02, 4.3156252383176833e-03,
          -5.3098687501868993e-03, -4.9364907416011633e-03,
          4.0371827489717044e-03, 3.4339879910750956e-03,
          1.8627881382285123e-02, 7.0020833273990507e-03,
          5.7694994592879080e-03, 4.3156252383176833e-03,
          1.1949429585708356e-02, -4.2013573310229326e-04,
          -7.6260734642521026e-03, 4.9239596563544989e-03,
          -1.8188062029499449e-03, -1.2414290322595517e-05,
          3.7048682018681095e-03, 1.9388430526466466e-03,
          -5.3098687501868993e-03, -4.2013573310229326e-04,
          1.7386411745735228e-01, -8.2509079594378539e-04,
          1.5282197618588028e-03, 6.3527327882011639e-03,
          -5.5481951178973032e-02, -1.3256809195512986e-02,
          -2.8247911863252565e-03, -4.9364907416011633e-03,
          -7.6260734642521026e-03, -8.2509079594378636e-04,
          2.7344375093871887e-02, -1.3641706586950214e-02,
          -2.7665876192867710e-02, 3.1399298380180442e-02,
          1.0691617749512756e-02, 7.5463114719907303e-03,
          4.0371827489717044e-03, 4.9239596563544989e-03,
          1.5282197618588043e-03, -1.3641706586950214e-02,
          3.3931768982398462e-02, 1.3424275285223263e-02,
          4.8039145946164048e-02, 3.7477675204111098e-02,
          3.6305689868715491e-03, 3.4339879910750969e-03,
          -1.8188062029499449e-03, 6.3527327882011621e-03,
          -2.7665876192867721e-02, 1.3424275285223263e-02,
          2.4340232497516798e-01 ]
   - !!opencv-matrix
      rows: 9
      cols: 9
      dt: d
      data: [ 3.0984155312176437e-01, 1.0954321980719398e-01,
          1.3798406594522937e-02, -1.7363216921923736e-02,
          -1.1724996691953633e-02, 6.7916856613359682e-03,
          -6.2431185462104343e-04, 2.2113108583788430e-02,
          1.3277388673094194e-04, 1.0954321980719395e-01,
          3.2482688105025503e-01, 2.3163886289414765e-02,
          -3.0264568573305805e-03, -6.5276995152203547e-03,
          2.0147603974775507e-02, 9.4285394180547415e-03,
          5.6744274728875624e-02, 5.7937641890637498e-03,
          1.3798406594522940e-02, 2.3163886289414768e-02,
          3.6401585452574610e-02, 1.4357944095440363e-03,
          2.4535559443807503e-03, 3.1685123763531670e-03,
          1.4351088024307122e-03, 4.9034812143377545e-03,
          1.3473982882157257e-03, -1.7363216921923739e-02,
          -3.0264568573305796e-03, 1.4357944095440354e-03,
          3.9956933980749058e-02, 1.1412717272198034e-02,
          1.0147140835858805e-03, -6.8098219505858453e-04,
          5.1477917764087807e-04, -3.6558288996468174e-03,
          -1.1724996691953633e-02, -6.5276995152203556e-03,
          2.4535559443807507e-03, 1.1412717272198036e-02,
          1.4879331548378475e-02, -1.5765536851780595e-03,
          -1.1672383572767619e-03, -3.3378104623918415e-04,
