%YAML:1.0
---
groups:
   - intact
   - CD19
   - blast
intactGmmnames:
   - "intact.687.0"
   - "intact.687.1"
   - "intact.687.2"
   - "intact.687.3"
   - "intact.687.4"
intactLabels:
   - FSC-A
   - SSC-A
   - CD20
   - CD10
   - CD45
   - CD34
   - SYTO41
   - CD19
   - CD38
intactMu: !!opencv-matrix
   rows: 5
   cols: 9
   dt: d
   data: [ 2.4075251381531086e+00, 2.4815851745396262e+00,
       1.3060178929614532e+00, 1.9568511940374860e+00,
       3.0585575621884220e+00, 1.1648594794349256e+00,
       3.5487610803979113e+00, 1.3543433267669349e+00,
       1.8155515189997837e+00, 1.4774758838206263e+00,
       4.2278313117592825e-01, 1.0188378896063088e+00,
       8.4442339482458528e-01, 3.6756483331209431e+00,
       1.1150476238758418e+00, 3.7511681378060771e+00,
       9.7914718896645769e-01, 1.9535214621695320e+00,
       1.4170175886158056e+00, 5.3468245728227748e-01,
       1.1288959831407956e+00, 9.7284153559243003e-01,
       1.3335186449349652e+00, 1.1539257895229387e+00,
       3.6699477253895787e+00, 9.4256519682906281e-01,
       1.7328928467826683e+00, 2.5599231586623192e+00,
       3.2004298213042084e+00, 1.3757952971467402e+00,
       2.8135715089371129e+00, 3.4871234884821933e+00,
       1.1894100914331667e+00, 3.6005924855556337e+00,
       1.5370962514436577e+00, 1.7922823388428735e+00,
       2.3644153605973299e+00, 1.7045756379224835e+00,
       1.6828879506105654e+00, 1.4546498685684168e+00,
       3.1337746623817511e+00, 1.5206828842259914e+00,
       3.7227667796735231e+00, 1.3469060163105770e+00,
       2.1776088588708897e+00 ]
intactSigma:
   - !!opencv-matrix
      rows: 9
      cols: 9
      dt: d
      data: [ 7.7374926202619232e-01, 3.2002997923423404e-01,
          1.8184668262665342e-02, -2.5498811327049820e-01,
          6.6214693675451547e-02, -8.5611598241922045e-03,
          3.3392439220826423e-02, 5.4818963888175143e-02,
          5.2877571581902816e-02, 3.2002997923423404e-01,
          5.3828949244163560e-01, 3.1893047456551277e-02,
          -4.2892463145373302e-02, 6.4117533867113843e-02,
          -1.1408957204881713e-02, 7.4901689149562523e-02,
          7.1444609558169447e-02, 2.6999880533519319e-02,
          1.8184668262665342e-02, 3.1893047456551277e-02,
          6.8912508650218307e-02, 3.3134707725024470e-02,
          1.7463488376924050e-02, 4.4364843984341408e-03,
          6.2487354939225735e-04, 5.9098708458231435e-03,
          4.3868526695664707e-04, -2.5498811327049814e-01,
          -4.2892463145373302e-02, 3.3134707725024477e-02,
          4.2766840049412413e-01, 5.8979359329842773e-02,
          2.5338224758613939e-03, 8.8445431720794235e-03,
          -3.0707358121367909e-02, -3.7694718475227540e-02,
          6.6214693675451519e-02, 6.4117533867113830e-02,
          1.7463488376924050e-02, 5.8979359329842780e-02,
          1.4311753987997419e-01, -5.6577426275382734e-03,
          5.0220501467787892e-02, -1.0607111735654508e-02,
          1.4350258707321843e-02, -8.5611598241922045e-03,
          -1.1408957204881713e-02, 4.4364843984341399e-03,
          2.5338224758613918e-03, -5.6577426275382734e-03,
          8.6037346894180244e-02, -2.5056040042272577e-03,
          -2.4680707179397096e-03, -2.6488671850483049e-03,
          3.3392439220826409e-02, 7.4901689149562523e-02,
          6.2487354939225702e-04, 8.8445431720794217e-03,
          5.0220501467787892e-02, -2.5056040042272568e-03,
          1.2190427534975279e-01, -3.8468347607177697e-02,
          1.4270500626807707e-02, 5.4818963888175143e-02,
          7.1444609558169461e-02, 5.9098708458231435e-03,
          -3.0707358121367909e-02, -1.0607111735654508e-02,
          -2.4680707179397096e-03, -3.8468347607177690e-02,
          5.2780706009315510e-02, -1.1763640308224213e-03,
          5.2877571581902816e-02, 2.6999880533519319e-02,
          4.3868526695664707e-04, -3.7694718475227540e-02,
          1.4350258707321843e-02, -2.6488671850483049e-03,
          1.4270500626807707e-02, -1.1763640308224213e-03,
          1.7513035536673729e-02 ]
   - !!opencv-matrix
      rows: 9
      cols: 9
      dt: d
      data: [ 2.2899881732653607e-01, 4.2262782367697205e-02,
          2.4827870601475920e-02, 1.5886884996001428e-02,
          4.5640119783563395e-02, -4.3168844585006678e-04,
          -4.6188373701845274e-02, 3.6363810153468748e-02,
          2.9702573661389630e-02, 4.2262782367697205e-02,
          2.8975806670331221e-02, 1.5444351299594180e-02,
          9.5492402413269121e-03, 1.7731919939175105e-02,
          3.4031461803611068e-03, -1.6086788636142300e-02,
          1.6944129140388221e-02, 1.6729201366001614e-02,
          2.4827870601475920e-02, 1.5444351299594180e-02,
          9.9185957299933097e-02, 1.6761310856632831e-03,
          1.3124840284184367e-02, 4.8497607178463395e-03,
          -6.1431946324830436e-03, 9.7002271355413009e-03,
          -1.4594185411523162e-02, 1.5886884996001417e-02,
          9.5492402413269121e-03, 1.6761310856632818e-03,
          3.6947179613646859e-02, 7.4382221562208761e-03,
          -5.1624881576073541e-03, -8.4412872286069116e-03,
          7.8684617561312412e-03, 1.4641037141467114e-03,
          4.5640119783563395e-02, 1.7731919939175105e-02,
          1.3124840284184367e-02, 7.4382221562208743e-03,
          2.4337973923270320e-02, -1.2455487458680776e-03,
          -1.4639962061984150e-02, 1.4287392656454664e-02,
          6.2132403155296004e-04, -4.3168844585006710e-04,
          3.4031461803611072e-03, 4.8497607178463404e-03,
          -5.1624881576073541e-03, -1.2455487458680769e-03,
          1.6641561289303686e-01, 2.6734049186391616e-03,
          3.7082593948866813e-03, 1.9473052501467196e-03,
          -4.6188373701845274e-02, -1.6086788636142296e-02,
          -6.1431946324830436e-03, -8.4412872286069116e-03,
          -1.4639962061984150e-02, 2.6734049186391620e-03,
          2.7849913245517725e-02, -1.9898025374872275e-02,
          -1.8399505747092995e-02, 3.6363810153468748e-02,
          1.6944129140388221e-02, 9.7002271355413026e-03,
          7.8684617561312394e-03, 1.4287392656454664e-02,
          3.7082593948866800e-03, -1.9898025374872279e-02,
          3.6830205651295862e-02, 1.0443364676318083e-02,
          2.9702573661389630e-02, 1.6729201366001614e-02,
          -1.4594185411523162e-02, 1.4641037141467116e-03,
          6.2132403155296069e-04, 1.9473052501467179e-03,
          -1.8399505747092999e-02, 1.0443364676318083e-02,
          1.4251731341822893e-01 ]
   - !!opencv-matrix
      rows: 9
      cols: 9
      dt: d
      data: [ 4.3967526845517008e-01, 8.7511394382756916e-02,
          6.5150444275034067e-02, 4.3083684722156401e-02,
          9.1234809665908786e-02, 6.6206259381645982e-02,
          -3.5956338282649034e-02, 3.4530665567276304e-02,
          5.9248051081338855e-03, 8.7511394382756916e-02,
          7.2303534095310262e-02, 6.0268388266016513e-02,
          3.1811484879716127e-02, 6.2767362756082440e-02,
          2.0175191263869560e-02, 4.8582367825598331e-04,
          1.7888140818735205e-02, 5.3049998246428188e-03,
          6.5150444275034053e-02, 6.0268388266016513e-02,
          1.3065620948747603e-01, 2.8767479871967736e-02,
          5.8868369361958085e-02, 1.4045645542606644e-02,
          8.3957566065907688e-04, 1.7304607408215770e-02,
          4.4716710435511601e-03, 4.3083684722156415e-02,
          3.1811484879716127e-02, 2.8767479871967736e-02,
          6.7203199265138944e-02, 5.8005964106785345e-02,
          1.4909315256679446e-02, -2.9406430179116993e-02,
          3.0095866038765150e-02, 2.1351305900153481e-03,
          9.1234809665908786e-02, 6.2767362756082440e-02,
          5.8868369361958085e-02, 5.8005964106785345e-02,
          2.3249935211947642e-01, 3.8664463121431389e-02,
          -4.2964348879582608e-02, 4.5099826958224509e-02,
