%YAML:1.0
---
groups:
   - intact
   - CD19
   - blast
intactGmmnames:
   - "intact.692.0"
   - "intact.692.1"
   - "intact.692.2"
   - "intact.692.3"
   - "intact.692.4"
intactLabels:
   - FSC-A
   - SSC-A
   - CD20
   - CD10
   - CD45
   - CD34
   - SYTO41
   - CD19
   - CD38
intactMu: !!opencv-matrix
   rows: 5
   cols: 9
   dt: d
   data: [ 1.1251575198200012e+00, 3.7443894915153880e-01,
       9.9932674333429772e-01, 8.3654130100549384e-01,
       3.8238194475298148e+00, 1.1415872954373587e+00,
       3.7199050297905858e+00, 1.1329446410095287e+00,
       1.9095960753997909e+00, 2.1818149919732970e+00,
       3.4299706774338037e+00, 1.1444934946679235e+00,
       2.6630825012743622e+00, 3.2358032224134314e+00,
       1.1958910309817874e+00, 3.5515255619630053e+00,
       1.4748311356223787e+00, 1.9245255553761353e+00,
       2.0548055402188550e+00, 1.8122380729406420e+00,
       1.4873823021285173e+00, 1.4223981292992602e+00,
       2.6443612025859999e+00, 1.3826535894673266e+00,
       3.5693825611549075e+00, 1.2757567367312623e+00,
       2.0818587101410664e+00, 1.6133138639218687e+00,
       6.6140091322954764e-01, 1.1012693186632831e+00,
       9.4224612885743286e-01, 3.9980490725887643e+00,
       1.1666494860319019e+00, 3.1202040198667866e+00,
       1.3487513310138834e+00, 2.1518267526403916e+00,
       9.6131266773736468e-01, 3.8006803917200616e-01,
       8.8903237591736173e-01, 9.0591084913180642e-01,
       1.3980916707433866e+00, 1.1067098690197334e+00,
       3.5089290508275588e+00, 1.0327398155621015e+00,
       1.6545645312309727e+00 ]
intactSigma:
   - !!opencv-matrix
      rows: 9
      cols: 9
      dt: d
      data: [ 6.8555608646352739e-02, 7.4566763644187068e-03,
          9.1915918563475283e-03, 2.3845458571235129e-03,
          1.3798262638635704e-02, 1.7953207796077165e-03,
          -5.1014064423409219e-03, -8.0208079295381027e-05,
          -7.1521127306164983e-03, 7.4566763644187068e-03,
          1.2989347752443309e-02, 1.2399656863075969e-02,
          4.4961321126312220e-03, 4.2299661483733804e-03,
          3.3915918414429169e-03, -4.2687098662348892e-03,
          3.5755869670300428e-03, -5.5579887092454617e-03,
          9.1915918563475283e-03, 1.2399656863075967e-02,
          1.0364659958247975e-01, 6.2130547638999997e-03,
          6.6463720562113995e-03, 2.9214113612248617e-03,
          -1.4416369216756365e-02, 9.7488693723658797e-03,
          -1.4843925088635296e-02, 2.3845458571235133e-03,
          4.4961321126312220e-03, 6.2130547639000005e-03,
          3.0585840071769621e-02, 2.4752050913540687e-03,
          -5.7702888657309576e-03, -1.6658425756342556e-02,
          1.0425704486985217e-02, -5.0088986603709857e-03,
          1.3798262638635704e-02, 4.2299661483733804e-03,
          6.6463720562113995e-03, 2.4752050913540687e-03,
          8.4498529079059439e-03, -5.2405309373714307e-04,
          -5.5362341771023190e-03, 2.9336527321442937e-03,
          -4.9051797593246439e-03, 1.7953207796077176e-03,
          3.3915918414429164e-03, 2.9214113612248608e-03,
          -5.7702888657309593e-03, -5.2405309373714328e-04,
          1.4661740358648925e-01, -1.5620370082467840e-04,
          3.0738139976032013e-03, -5.9446099356532257e-04,
          -5.1014064423409201e-03, -4.2687098662348901e-03,
          -1.4416369216756365e-02, -1.6658425756342556e-02,
          -5.5362341771023190e-03, -1.5620370082467918e-04,
          4.9606455447028332e-02, -2.7554108331033611e-02,
          1.0723749583730534e-02, -8.0208079295381244e-05,
          3.5755869670300432e-03, 9.7488693723658797e-03,
          1.0425704486985215e-02, 2.9336527321442937e-03,
          3.0738139976032013e-03, -2.7554108331033614e-02,
          2.9942387150356735e-02, -8.7216873034511432e-03,
          -7.1521127306164983e-03, -5.5579887092454599e-03,
          -1.4843925088635296e-02, -5.0088986603709848e-03,
          -4.9051797593246431e-03, -5.9446099356532116e-04,
          1.0723749583730529e-02, -8.7216873034511432e-03,
          9.0106327108169279e-02 ]
   - !!opencv-matrix
      rows: 9
      cols: 9
      dt: d
      data: [ 3.1701462405230252e-01, 1.1268231281665426e-01,
          2.4588640888866115e-02, -2.6469719813802743e-02,
          5.1647245193681829e-03, 1.1167663070597350e-02,
          -2.7056911366719521e-03, 1.7990418299394309e-02,
          4.4221567506836845e-03, 1.1268231281665428e-01,
          3.1210254327509318e-01, 4.3019982861383692e-02,
          4.2632413570285133e-02, 3.1294744234852005e-02,
          1.1702074541465947e-02, -6.2427061115702343e-02,
          6.2549905059390010e-02, 1.5227034810886235e-02,
          2.4588640888866115e-02, 4.3019982861383678e-02,
          7.3354047592957286e-02, 5.5430572901685564e-03,
          5.1017102369195402e-03, 4.5928247092640144e-03,
          -1.3188426932679269e-02, 1.3231399543912899e-02,
          4.0384471299769699e-03, -2.6469719813802750e-02,
          4.2632413570285133e-02, 5.5430572901685564e-03,
          8.1745598975705575e-02, 2.5655486965735323e-02,
          4.6180432663242956e-03, -2.3581976860781756e-02,
          1.5390953256887087e-02, 2.6796125692823292e-03,
          5.1647245193681829e-03, 3.1294744234852005e-02,
          5.1017102369195402e-03, 2.5655486965735323e-02,
          2.8982918822533166e-02, 1.5674835182168084e-03,
          -1.8487729485799135e-02, 1.1422071782773897e-02,
          1.8900329314346165e-03, 1.1167663070597350e-02,
          1.1702074541465948e-02, 4.5928247092640127e-03,
          4.6180432663242956e-03, 1.5674835182168084e-03,
          8.3240377361589693e-02, 4.9832442211095640e-04,
          3.8097691015763851e-03, 3.7868178855325991e-03,
          -2.7056911366719508e-03, -6.2427061115702363e-02,
          -1.3188426932679269e-02, -2.3581976860781756e-02,
          -1.8487729485799135e-02, 4.9832442211095716e-04,
          1.0376921191554168e-01, -4.7993222900519411e-02,
          -1.0869429505873517e-03, 1.7990418299394309e-02,
          6.2549905059389996e-02, 1.3231399543912899e-02,
          1.5390953256887087e-02, 1.1422071782773897e-02,
          3.8097691015763864e-03, -4.7993222900519411e-02,
          4.3893419712606609e-02, -2.8066202439789309e-04,
          4.4221567506836854e-03, 1.5227034810886230e-02,
          4.0384471299769690e-03, 2.6796125692823292e-03,
          1.8900329314346165e-03, 3.7868178855325991e-03,
          -1.0869429505873524e-03, -2.8066202439789309e-04,
          3.8795365167570747e-02 ]
   - !!opencv-matrix
      rows: 9
      cols: 9
      dt: d
      data: [ 9.6716871985083419e-01, 7.8496940780843061e-01,
          2.5238815760532149e-02, 1.7082122854270063e-02,
          3.8714915137719252e-01, -7.8644404542044702e-02,
          1.1002512683508515e-01, 1.0565336450645670e-01,
          1.0426007535400265e-01, 7.8496940780843061e-01,
          1.4808838513790421e+00, 6.7317364772855645e-02,
          1.6414457792693568e-01, 5.0481221393578291e-01,
          -8.6542267232613809e-02, 7.4934368055024569e-02,
          2.4399412371223400e-01, 1.1545257813435164e-01,
          2.5238815760532152e-02, 6.7317364772855645e-02,
          3.4694851385357034e-01, 1.8234000435360845e-01,
          -8.3549657049431111e-02, 1.0301871145985133e-02,
          6.0300508865055794e-02, 8.0478074142385295e-02,
          -2.4084942138927277e-02, 1.7082122854270052e-02,
          1.6414457792693568e-01, 1.8234000435360845e-01,
          3.5088872089600709e-01, 4.5658437133605942e-02,
          3.0796702852382504e-02, 1.6429243121700608e-02,
          9.1967753579525774e-02, 1.4484860254308349e-02,
          3.8714915137719252e-01, 5.0481221393578291e-01,
          -8.3549657049431084e-02, 4.5658437133605942e-02,
          8.7956778346355091e-01, 1.6195638739255967e-02,
          -1.5638872686242588e-03, 1.5338555028470571e-01,
