%YAML:1.0
---
groups:
   - intact
   - CD19
   - blast
intactGmmnames:
   - "intact.696.0"
   - "intact.696.1"
   - "intact.696.2"
   - "intact.696.3"
   - "intact.696.4"
intactLabels:
   - FSC-A
   - SSC-A
   - CD20
   - CD10
   - CD45
   - CD34
   - SYTO41
   - CD19
   - CD38
intactMu: !!opencv-matrix
   rows: 5
   cols: 9
   dt: d
   data: [ 2.0404099170252969e+00, 2.3162102730293199e+00,
       1.5434644098073753e+00, 1.9044574380846075e+00,
       2.9228025415307339e+00, 1.2887220857367541e+00,
       2.5691375677681707e+00, 1.7901060189014868e+00,
       1.7957533951021512e+00, 1.5155022394208917e+00,
       5.5608416276569894e-01, 1.0851567888837559e+00,
       9.0469720169402723e-01, 3.6211788744692317e+00,
       1.0612226711790607e+00, 2.3785118365711657e+00,
       1.1846928658299274e+00, 2.0785164093447070e+00,
       1.0130531730667862e+00, 2.7111603391406958e-01,
       1.0469912369667045e+00, 8.8528276971133435e-01,
       3.4339415403869391e+00, 1.0393704394521406e+00,
       2.3853089379698402e+00, 1.0373320289243186e+00,
       1.7635363600037652e+00, 1.7987521631646379e+00,
       1.4649615772518436e+00, 1.3382789959933321e+00,
       1.0781296283293669e+00, 1.4164668484470400e+00,
       1.8571564900342323e+00, 2.2060961578554119e+00,
       1.6897998929709865e+00, 1.6792205223121046e+00,
       1.0679493547158545e+00, 5.3548131682032918e-01,
       1.5349650531024921e+00, 1.3128403370115018e+00,
       1.3177256288780088e+00, 1.0842845468213111e+00,
       2.6872023091958366e+00, 1.0227153065456231e+00,
       1.7014418653786183e+00 ]
intactSigma:
   - !!opencv-matrix
      rows: 9
      cols: 9
      dt: d
      data: [ 5.1511340576812004e-01, 4.2566307646194429e-01,
          -7.5563776426088355e-03, 8.0072311443397534e-02,
          1.1668395674049704e-01, -2.7695906412321055e-02,
          4.8470779818059757e-02, 6.7213031651725472e-02,
          -5.6923408850594118e-03, 4.2566307646194429e-01,
          1.4131351932089926e+00, -2.6893141645519415e-02,
          4.0735269449218720e-01, 2.0274118974532712e-01,
          -1.2004116464611053e-01, 1.0323230889021193e-01,
          2.4556343644868328e-01, -9.9921190875344776e-02,
          -7.5563776426088381e-03, -2.6893141645519428e-02,
          2.4271371671200379e-01, 7.3792691880741113e-02,
          -4.1810917825634494e-02, 7.0611758373837111e-02,
          7.6275424150717863e-02, 5.8733720491985414e-02,
          1.4760180182089175e-02, 8.0072311443397493e-02,
          4.0735269449218720e-01, 7.3792691880741113e-02,
          4.4856893781803436e-01, 1.0107389580822811e-01,
          -1.2137301854795769e-02, 6.5564429227622623e-02,
          9.1826110337088665e-02, -4.3093517758650932e-02,
          1.1668395674049700e-01, 2.0274118974532712e-01,
          -4.1810917825634494e-02, 1.0107389580822811e-01,
          4.2095915807138901e-01, -7.8196795904862074e-02,
          -1.1914044328823998e-02, 4.2811526047692658e-02,
          4.4669539530824360e-03, -2.7695906412321055e-02,
          -1.2004116464611053e-01, 7.0611758373837111e-02,
          -1.2137301854795777e-02, -7.8196795904862074e-02,
          2.6760392259606480e-01, 2.4754581144573129e-02,
          3.7915665344899043e-03, 3.0887779281242065e-02,
          4.8470779818059764e-02, 1.0323230889021194e-01,
          7.6275424150717863e-02, 6.5564429227622623e-02,
          -1.1914044328823996e-02, 2.4754581144573129e-02,
          8.9148228637912205e-02, 3.0028561121477258e-02,
          2.0775925133368484e-03, 6.7213031651725472e-02,
          2.4556343644868331e-01, 5.8733720491985421e-02,
          9.1826110337088665e-02, 4.2811526047692658e-02,
          3.7915665344898999e-03, 3.0028561121477258e-02,
          1.1617621194905929e-01, -8.3729173637500029e-03,
          -5.6923408850594135e-03, -9.9921190875344748e-02,
          1.4760180182089175e-02, -4.3093517758650932e-02,
          4.4669539530824368e-03, 3.0887779281242065e-02,
          2.0775925133368488e-03, -8.3729173637500046e-03,
          8.4315758237978697e-02 ]
   - !!opencv-matrix
      rows: 9
      cols: 9
      dt: d
      data: [ 1.4435224191200224e-01, -2.5312990167426037e-03,
          6.5849897334879087e-03, -2.8767668514136759e-03,
          1.8118485936635426e-02, -4.9868037694541980e-03,
          9.1539560710263181e-03, -4.5580090182461164e-03,
          -2.1292358351444846e-02, -2.5312990167426033e-03,
          3.3513678854264033e-02, 9.6279548271277077e-03,
          4.1581353574154656e-03, 1.4517111335603436e-03,
          3.6823889534544118e-03, 1.3091038873109570e-02,
          1.9114915369271762e-02, 3.1468528693228533e-02,
          6.5849897334879079e-03, 9.6279548271277077e-03,
          7.3139694143766809e-02, -4.8275291006276110e-03,
          4.8312010392906231e-03, -2.3653663985982766e-03,
          7.6942550230853016e-03, 9.9362532517597215e-03,
          -1.1611248619828105e-02, -2.8767668514136768e-03,
          4.1581353574154656e-03, -4.8275291006276110e-03,
          5.4854164419469519e-02, 2.4449386311799880e-05,
          -6.7762298450321579e-03, 1.8566599998530713e-03,
          5.2405008767804420e-03, 1.7014394671732000e-03,
          1.8118485936635426e-02, 1.4517111335603434e-03,
          4.8312010392906231e-03, 2.4449386311800097e-05,
          2.7695126013948697e-02, -7.0923745295158862e-03,
          4.9811150233531687e-03, 6.2615401272103086e-03,
          -1.1558959401164198e-02, -4.9868037694542023e-03,
          3.6823889534544126e-03, -2.3653663985982775e-03,
          -6.7762298450321544e-03, -7.0923745295158845e-03,
          1.7661340094752748e-01, 2.1946981848644477e-03,
          5.6391154259031141e-03, 8.7012813711672219e-03,
          9.1539560710263181e-03, 1.3091038873109570e-02,
          7.6942550230853016e-03, 1.8566599998530709e-03,
          4.9811150233531687e-03, 2.1946981848644477e-03,
          2.3330029196768853e-02, 9.3351810801352037e-03,
          5.2188011306218383e-03, -4.5580090182461156e-03,
          1.9114915369271762e-02, 9.9362532517597180e-03,
          5.2405008767804438e-03, 6.2615401272103095e-03,
          5.6391154259031124e-03, 9.3351810801352055e-03,
          1.1014401888730434e-01, 1.2083416423519492e-02,
          -2.1292358351444846e-02, 3.1468528693228533e-02,
          -1.1611248619828107e-02, 1.7014394671731980e-03,
          -1.1558959401164198e-02, 8.7012813711672236e-03,
          5.2188011306218383e-03, 1.2083416423519486e-02,
          1.4328447455358759e-01 ]
   - !!opencv-matrix
      rows: 9
      cols: 9
      dt: d
      data: [ 8.0723300236480208e-02, 3.0415116317416939e-03,
          3.6372780795177039e-03, 1.5689885372175306e-03,
          1.2558747721213955e-02, -9.7423243541758838e-04,
          -1.2144447572947342e-02, -2.2855031017317605e-03,
          -2.3145223692384049e-03, 3.0415116317416939e-03,
          5.4227072239142020e-03, 6.9542252500940467e-03,
          2.6063657405778658e-03, 2.5683149942841302e-03,
          3.9345996946627519e-04, 7.3389938762575516e-04,
          3.2328282406828422e-03, -4.4012490435045923e-04,
          3.6372780795177039e-03, 6.9542252500940467e-03,
          6.7391148945071130e-02, -2.9358751146550816e-03,
          3.3347655020936804e-03, 3.7925755213222089e-04,
          2.4698583752114610e-03, 5.6441397278859688e-03,
          -9.6921694572082355e-04, 1.5689885372175308e-03,
          2.6063657405778662e-03, -2.9358751146550820e-03,
          5.0979153978223682e-02, 1.7958791536541359e-03,
          -5.7117546622176812e-03, 1.5571424081868084e-03,
          1.7072207430852565e-03, 7.8703613038343513e-05,
          1.2558747721213955e-02, 2.5683149942841302e-03,
          3.3347655020936804e-03, 1.7958791536541365e-03,
          9.7752489011293207e-03, -2.0430542737665701e-03,
          -1.9811401642058661e-03, 6.8543339051419828e-04,
