%YAML:1.0
---
groups:
   - intact
   - CD19
intactGmmnames:
   - "intact.700.0"
   - "intact.700.1"
   - "intact.700.2"
   - "intact.700.3"
   - "intact.700.4"
intactLabels:
   - FSC-A
   - SSC-A
   - CD20
   - CD10
   - CD45
   - CD34
   - SYTO41
   - CD19
   - CD38
intactMu: !!opencv-matrix
   rows: 5
   cols: 9
   dt: d
   data: [ 1.4833255353410408e+00, 4.7500624598509583e-01,
       1.0008998976498147e+00, 9.2981252813765969e-01,
       3.7427777511438274e+00, 1.0952826163561573e+00,
       2.5975494257635812e+00, 1.1930413615273163e+00,
       1.7095953310883385e+00, 2.8050447138208852e+00,
       3.6260085827942476e+00, 1.3513837279865486e+00,
       2.6805250465215931e+00, 3.1758104019347551e+00,
       1.2745362796255040e+00, 2.6418716649845213e+00,
       1.8007831143726105e+00, 1.8051588920555413e+00,
       1.1579016117019365e+00, 5.0602955801786609e-01,
       1.1069129362304313e+00, 1.2372745921183463e+00,
       1.5284470431424011e+00, 1.0902478637210051e+00,
       2.7441003545187002e+00, 1.0902653240782423e+00,
       1.6164587485562980e+00, 2.4563836102987060e+00,
       2.2628621826201725e+00, 1.4612532428796090e+00,
       1.6761079296928971e+00, 2.6507728750549862e+00,
       1.3680762999493690e+00, 2.4619514293027076e+00,
       1.5844770227156886e+00, 1.9549877268163034e+00,
       1.5540295800635253e+00, 6.3247870134546469e-01,
       9.5978262482803145e-01, 9.2130620021353626e-01,
       3.7587971473165411e+00, 1.1587801246539868e+00,
       2.5586281209311479e+00, 1.2286622341241475e+00,
       2.8753750508398603e+00 ]
intactSigma:
   - !!opencv-matrix
      rows: 9
      cols: 9
      dt: d
      data: [ 1.1809308191851176e-01, 1.2650540162523110e-02,
          8.2368990880945878e-03, 4.0864587721877689e-03,
          1.2980826697774400e-02, -6.6120288294099511e-04,
          1.0671265896943194e-02, 3.1898644145945290e-03,
          -4.8204658713132936e-03, 1.2650540162523110e-02,
          3.2512190452609474e-02, 1.7430504686440727e-02,
          9.9864869967297154e-03, 1.3260387309786265e-02,
          3.2824295015604498e-03, 6.5274580327709397e-04,
          1.3018656573703073e-02, -5.1657975946057689e-03,
          8.2368990880945913e-03, 1.7430504686440730e-02,
          8.5469388786215197e-02, -1.2007036454310929e-03,
          9.5478572658216024e-03, 2.7354984660529730e-03,
          1.2531510364533398e-03, 8.7918077961080705e-03,
          -2.3786002962995273e-03, 4.0864587721877671e-03,
          9.9864869967297154e-03, -1.2007036454310938e-03,
          5.7467715577105123e-02, 4.1429590645933826e-03,
          -7.5090678399940590e-03, 1.0740405316088716e-03,
          5.2446724612455605e-03, -3.7479568200762350e-03,
          1.2980826697774403e-02, 1.3260387309786265e-02,
          9.5478572658216024e-03, 4.1429590645933826e-03,
          1.6206639918634438e-02, -1.9530050499573521e-03,
          1.0947914873432728e-03, 6.7044162590116103e-03,
          -3.6600682989423559e-03, -6.6120288294099370e-04,
          3.2824295015604489e-03, 2.7354984660529747e-03,
          -7.5090678399940590e-03, -1.9530050499573521e-03,
          1.7496046415729069e-01, -1.3234616607364557e-03,
          3.5746597359302386e-03, 2.0845467336009040e-03,
          1.0671265896943194e-02, 6.5274580327709429e-04,
          1.2531510364533398e-03, 1.0740405316088716e-03,
          1.0947914873432728e-03, -1.3234616607364575e-03,
          2.3650255569828645e-02, -1.2406647481951136e-04,
          -2.3537675855680131e-04, 3.1898644145945281e-03,
          1.3018656573703073e-02, 8.7918077961080740e-03,
          5.2446724612455597e-03, 6.7044162590116103e-03,
          3.5746597359302395e-03, -1.2406647481951128e-04,
          5.6741015411825461e-02, -7.9890498494299880e-03,
          -4.8204658713132927e-03, -5.1657975946057689e-03,
          -2.3786002962995264e-03, -3.7479568200762367e-03,
          -3.6600682989423559e-03, 2.0845467336009040e-03,
          -2.3537675855680139e-04, -7.9890498494299880e-03,
          4.1474855614959213e-02 ]
   - !!opencv-matrix
      rows: 9
      cols: 9
      dt: d
      data: [ 4.1201429857020350e-01, 1.0726774239028834e-01,
          2.1246176230742715e-02, -2.4261092572804722e-02,
          -4.7151748035900628e-04, 6.8384895502821745e-03,
          1.3670354800912098e-02, 2.2953165418418756e-02,
          1.2122766002583951e-02, 1.0726774239028834e-01,
          2.6942933487421178e-01, 3.6115405191377625e-02,
          1.3997713652540315e-02, 1.0115538803220709e-02,
          6.4205682706618148e-03, 5.8280598788221592e-03,
          4.6631162349507684e-02, 1.1666065461637912e-02,
          2.1246176230742715e-02, 3.6115405191377625e-02,
          4.6626567162072516e-02, 1.5321775808353189e-03,
          1.8661944385897434e-03, 2.1037800986595380e-03,
          1.0149773770020700e-03, 7.6278846675156241e-03,
          2.2422386822125652e-03, -2.4261092572804725e-02,
          1.3997713652540312e-02, 1.5321775808353180e-03,
          8.5874712086307814e-02, 2.8428857894249284e-02,
          6.8117538958852475e-04, -1.9974761952921316e-03,
          4.4964942812893037e-03, -1.1936988551015406e-03,
          -4.7151748035900704e-04, 1.0115538803220707e-02,
          1.8661944385897434e-03, 2.8428857894249284e-02,
          2.9647939842799325e-02, 2.8917801876084641e-04,
          4.9732271721356525e-04, 2.7838141477486708e-03,
          -2.0808811234973323e-03, 6.8384895502821737e-03,
          6.4205682706618113e-03, 2.1037800986595380e-03,
          6.8117538958852497e-04, 2.8917801876084635e-04,
          1.0830523696599037e-01, 1.2414956213460083e-03,
          1.7932411408672880e-03, 2.4294310900447517e-03,
          1.3670354800912098e-02, 5.8280598788221592e-03,
          1.0149773770020696e-03, -1.9974761952921308e-03,
          4.9732271721356503e-04, 1.2414956213460079e-03,
          1.8237434553417069e-02, 1.6696589457230375e-03,
          1.6888940341027675e-03, 2.2953165418418759e-02,
          4.6631162349507684e-02, 7.6278846675156223e-03,
          4.4964942812893045e-03, 2.7838141477486704e-03,
          1.7932411408672876e-03, 1.6696589457230366e-03,
          2.9171780903104096e-02, -2.1049095318195600e-03,
          1.2122766002583947e-02, 1.1666065461637912e-02,
          2.2422386822125652e-03, -1.1936988551015403e-03,
          -2.0808811234973323e-03, 2.4294310900447517e-03,
          1.6888940341027677e-03, -2.1049095318195600e-03,
          3.0644145004086368e-02 ]
   - !!opencv-matrix
      rows: 9
      cols: 9
      dt: d
      data: [ 1.3787960533144153e-01, 2.9545794058195213e-02,
          2.4578379291294694e-02, 2.6913394613373619e-02,
          1.9759941374127860e-02, 8.0562437934097975e-04,
          2.3173991688320333e-02, 8.7403104748663401e-03,
          8.5012469689457731e-03, 2.9545794058195213e-02,
          3.7088803861697314e-02, 2.3218615826636656e-02,
          2.1793706734453300e-02, 1.8079252627280863e-02,
          3.0651154323210134e-03, 1.2040021630243768e-02,
          1.0096577413802163e-02, 6.0063050963240026e-03,
          2.4578379291294694e-02, 2.3218615826636656e-02,
          7.4769876373848271e-02, 1.2897059151365336e-02,
          1.6037798552004989e-02, 2.3324310465820527e-03,
          1.2047567397529603e-02, 7.2383921222727429e-03,
          5.0637198215725829e-03, 2.6913394613373613e-02,
          2.1793706734453300e-02, 1.2897059151365331e-02,
          1.3779702396302795e-01, 3.4261617088322725e-02,
          9.9134993641010905e-04, 9.7213092166116982e-03,
          7.0397829029333519e-03, 1.1769124050591228e-02,
          1.9759941374127860e-02, 1.8079252627280860e-02,
          1.6037798552004989e-02, 3.4261617088322725e-02,
          1.0056600298272947e-01, 8.2378943349150225e-04,
          5.7350055558222793e-03, 3.6529588827253082e-03,
