%YAML:1.0
---
groups:
   - intact
   - CD19
   - blast
intactGmmnames:
   - "intact.706.0"
   - "intact.706.1"
   - "intact.706.2"
   - "intact.706.3"
   - "intact.706.4"
intactLabels:
   - FSC-A
   - SSC-A
   - CD20
   - CD10
   - CD45
   - CD34
   - SYTO41
   - CD19
   - CD38
intactMu: !!opencv-matrix
   rows: 5
   cols: 9
   dt: d
   data: [ 1.7608360639320439e+00, 3.5846304373458699e+00,
       1.3071014891438901e+00, 2.4589802223011081e+00,
       3.0659518122474001e+00, 1.3062649238268935e+00,
       2.5985978794065536e+00, 1.9394181291958459e+00,
       1.6934090869042973e+00, 1.3850796032818911e+00,
       2.9045866945238585e-01, 9.6301941472713559e-01,
       9.4030116882287829e-01, 3.6151007534691577e+00,
       1.1140467340354514e+00, 2.8904048950177379e+00,
       1.1161309864299811e+00, 1.8092257435082797e+00,
       8.8982425804229925e-01, 4.3091806610174571e-01,
       1.0449619347080970e+00, 1.3913498859841502e+00,
       1.3677947924179361e+00, 1.1368069726778354e+00,
       2.7154387904600692e+00, 9.6555121282103396e-01,
       1.5766864959116795e+00, 1.7144274550471355e+00,
       1.3947738174192155e+00, 1.3227758890916799e+00,
       1.3126222995080663e+00, 2.6311996547416823e+00,
       1.3751478718408636e+00, 2.4826107728738860e+00,
       1.5571792916615657e+00, 2.1113078684728452e+00,
       2.2557022038981036e+00, 3.1831855607314710e+00,
       1.3360368502673283e+00, 1.7220066358821882e+00,
       2.8150508914955212e+00, 1.2710026491156496e+00,
       2.6356690319824456e+00, 1.8197533939670780e+00,
       1.7017532755343832e+00 ]
intactSigma:
   - !!opencv-matrix
      rows: 9
      cols: 9
      dt: d
      data: [ 2.3559760291081275e-01, 8.9107424524672907e-02,
          6.4861362002591166e-03, 5.3026661982353762e-03,
          1.7132351300045666e-02, 6.2092388681855796e-03,
          -5.1061305910570804e-03, 1.8790637776149685e-02,
          4.9564184779174042e-03, 8.9107424524672907e-02,
          2.5940324556794547e-01, 2.9479227243490998e-02,
          1.3524539327171131e-02, 1.4142305181967317e-02,
          1.1915874175018793e-02, 1.8234793040892512e-03,
          4.1729879352914029e-02, 5.4365028482996573e-03,
          6.4861362002591192e-03, 2.9479227243490998e-02,
          5.5521505891568255e-02, 8.5240983063915342e-04,
          2.4115567318203305e-03, 6.2357632024639762e-03,
          3.4106876965544200e-03, 6.9259153269564736e-03,
          1.8038110338257675e-03, 5.3026661982353736e-03,
          1.3524539327171133e-02, 8.5240983063915332e-04,
          7.2080965904773711e-02, 1.7001609220195817e-02,
          -1.0923749302254356e-03, -1.0755264302797153e-03,
          2.4533625893748460e-03, 3.7296372620624165e-04,
          1.7132351300045666e-02, 1.4142305181967317e-02,
          2.4115567318203305e-03, 1.7001609220195817e-02,
          2.8524427568736022e-02, -1.9554884129338026e-03,
          -2.4755284056095944e-03, 3.6902009166717058e-03,
          -2.6312862650333165e-03, 6.2092388681855770e-03,
          1.1915874175018795e-02, 6.2357632024639788e-03,
          -1.0923749302254363e-03, -1.9554884129338026e-03,
          1.0928834521262713e-01, -1.8955270694124922e-03,
          2.3751065764986276e-03, 4.1877798109549360e-03,
          -5.1061305910570804e-03, 1.8234793040892534e-03,
          3.4106876965544200e-03, -1.0755264302797149e-03,
          -2.4755284056095944e-03, -1.8955270694124917e-03,
          3.7587282666222584e-02, -2.1904881170754957e-04,
          -2.9718729117404849e-04, 1.8790637776149685e-02,
          4.1729879352914029e-02, 6.9259153269564736e-03,
          2.4533625893748460e-03, 3.6902009166717067e-03,
          2.3751065764986271e-03, -2.1904881170754933e-04,
          2.4970379903101924e-02, -2.4795392057585480e-03,
          4.9564184779174025e-03, 5.4365028482996590e-03,
          1.8038110338257658e-03, 3.7296372620624138e-04,
          -2.6312862650333156e-03, 4.1877798109549351e-03,
          -2.9718729117404839e-04, -2.4795392057585476e-03,
          3.2838829129641638e-02 ]
   - !!opencv-matrix
      rows: 9
      cols: 9
      dt: d
      data: [ 1.5747573906797430e-01, 1.1219930413325712e-02,
          8.9316357402840722e-03, 3.2203675526620915e-03,
          2.4878633970707224e-02, -1.9760281646204357e-03,
          -4.0047376093746548e-02, 1.1648643868015163e-02,
          -9.1847950251549015e-03, 1.1219930413325712e-02,
          1.7478241628948617e-02, 1.1669014361010591e-02,
          9.6562674034657032e-03, 8.4031956753398071e-03,
          1.6021372339267588e-03, -1.5019708325102667e-02,
          1.3857789330707694e-02, -3.1782986266069312e-03,
          8.9316357402840739e-03, 1.1669014361010591e-02,
          8.0545692259040708e-02, 9.0713511626188022e-04,
          4.9914353316223535e-03, 8.3179245007103202e-04,
          -8.7258692036512042e-03, 1.2272453608758796e-02,
          -8.4649530755443198e-03, 3.2203675526620923e-03,
          9.6562674034657032e-03, 9.0713511626188022e-04,
          6.1728648164347963e-02, 2.4714137212265442e-03,
          -4.7441369721618453e-03, -5.1957518233676616e-03,
          7.8871334227205592e-03, -4.0747769421395222e-03,
          2.4878633970707224e-02, 8.4031956753398071e-03,
          4.9914353316223544e-03, 2.4714137212265425e-03,
          1.5001469724987303e-02, -2.3058687004206598e-03,
          -1.8195155836157453e-02, 9.3596860304626297e-03,
          -3.5320342623400836e-03, -1.9760281646204374e-03,
          1.6021372339267590e-03, 8.3179245007103191e-04,
          -4.7441369721618444e-03, -2.3058687004206603e-03,
          1.5115012034708081e-01, 1.2795049368014304e-03,
          3.4825866727022708e-03, 1.9983988944789512e-03,
          -4.0047376093746548e-02, -1.5019708325102663e-02,
          -8.7258692036512042e-03, -5.1957518233676616e-03,
          -1.8195155836157446e-02, 1.2795049368014297e-03,
          5.7646303189943633e-02, -2.0610040779545133e-02,
          7.0745804631236918e-03, 1.1648643868015165e-02,
          1.3857789330707694e-02, 1.2272453608758796e-02,
          7.8871334227205592e-03, 9.3596860304626297e-03,
          3.4825866727022695e-03, -2.0610040779545133e-02,
          1.0258659473430914e-01, -8.9806192872191638e-03,
          -9.1847950251549033e-03, -3.1782986266069312e-03,
          -8.4649530755443146e-03, -4.0747769421395231e-03,
          -3.5320342623400814e-03, 1.9983988944789490e-03,
          7.0745804631236918e-03, -8.9806192872191673e-03,
          9.6565479556412800e-02 ]
   - !!opencv-matrix
      rows: 9
      cols: 9
      dt: d
      data: [ 2.0134614004697809e-01, 8.0739059881498695e-02,
          -3.7015505329589240e-03, -5.3890837225080777e-02,
          -3.5321589250459566e-03, 5.3183523786559488e-03,
          -1.5042666402465596e-01, 5.1344348048970874e-02,
          -1.3021443841108326e-02, 8.0739059881498695e-02,
          7.0394461385404838e-02, 1.3738176491186473e-03,
          -2.3437499673442375e-02, 7.0448866356019569e-04,
          6.8443429774024860e-03, -7.0961702366755558e-02,
          4.0752022606355701e-02, -5.9096336502686636e-03,
          -3.7015505329589240e-03, 1.3738176491186482e-03,
          1.4638506129401868e-01, 2.9943170396627184e-02,
          2.8380925185471150e-02, 1.2602661168355607e-02,
          5.7086986214230646e-02, -1.5523474844289637e-03,
          5.9433121585983455e-03, -5.3890837225080777e-02,
          -2.3437499673442365e-02, 2.9943170396627184e-02,
          2.3960344185095778e-01, 6.0582181434637040e-02,
          2.5322443006380617e-03, 1.0875746291512885e-01,
          -1.4668987597594496e-02, 3.3175826251937761e-02,
          -3.5321589250459583e-03, 7.0448866356019970e-04,
          2.8380925185471150e-02, 6.0582181434637027e-02,
          2.0497666862673672e-01, 7.3614350171807676e-03,
