%YAML:1.0
---
groups:
   - intact
   - CD19
intactGmmnames:
   - "intact.707.0"
   - "intact.707.1"
   - "intact.707.2"
   - "intact.707.3"
   - "intact.707.4"
intactLabels:
   - FSC-A
   - SSC-A
   - CD20
   - CD10
   - CD45
   - CD34
   - SYTO41
   - CD19
   - CD38
intactMu: !!opencv-matrix
   rows: 5
   cols: 9
   dt: d
   data: [ 8.2681208271865569e-01, 3.0846397990557395e-01,
       9.5581144164628917e-01, 1.0560989256095730e+00,
       3.4460626307137163e+00, 1.0623025658283687e+00,
       3.8730438099216684e+00, 9.6226500905546397e-01,
       1.7938258640020801e+00, 1.6270725273650701e+00,
       2.7426348752971563e+00, 1.3021010589146396e+00,
       2.5783437253221413e+00, 2.9700119531907867e+00,
       1.1527488381274020e+00, 3.3615032321355209e+00,
       1.4567118990201799e+00, 1.7476003763217745e+00,
       2.3165584111017288e+00, 2.5487794013716294e+00,
       1.3247770179803613e+00, 1.2737337418796801e+00,
       2.7767311868140370e+00, 1.3311449412670144e+00,
       3.3965742066784168e+00, 1.4071179409749579e+00,
       1.8827466927084706e+00, 1.2073942951786349e+00,
       8.7385308342763790e-01, 1.2779604629395336e+00,
       1.2223610043563282e+00, 3.4937676284379511e+00,
       1.2175316899413446e+00, 3.5291182764755371e+00,
       1.2279818800495075e+00, 2.1939179223331919e+00,
       9.5453618959235342e-01, 4.3964967222500290e-01,
       1.0129837260083816e+00, 1.1439762253201211e+00,
       1.4051800284159994e+00, 1.2171802666068592e+00,
       3.4345858086503895e+00, 1.0361573718553152e+00,
       1.7345392213597768e+00 ]
intactSigma:
   - !!opencv-matrix
      rows: 9
      cols: 9
      dt: d
      data: [ 8.8691284461510853e-02, 7.7586182476857921e-03,
          1.0113792890978071e-02, 3.4307259812524282e-03,
          2.3839186513562399e-02, -7.4363199751925071e-04,
          -2.1906275260092437e-02, 1.1717985988390254e-02,
          -7.7698408060957215e-03, 7.7586182476857939e-03,
          8.3433697264476241e-03, 7.8810380173376503e-03,
          1.2412013284909583e-03, 4.6844016356081247e-03,
          1.6491107693528961e-04, -3.4234639903998249e-03,
          3.3701142825405838e-03, -1.4407544114263177e-03,
          1.0113792890978067e-02, 7.8810380173376503e-03,
          7.3328338249297687e-02, -1.3455140704371558e-03,
          5.5477113882464639e-03, 1.4436644776010493e-03,
          -2.2233138112927489e-03, 3.5055804746416137e-03,
          -4.3331682725798728e-03, 3.4307259812524291e-03,
          1.2412013284909583e-03, -1.3455140704371562e-03,
          7.4799159838072268e-03, 1.5308291367862358e-03,
          -1.9146388801154280e-03, -4.2572586894455630e-03,
          2.8234806083973253e-03, -1.1428786948815030e-03,
          2.3839186513562399e-02, 4.6844016356081247e-03,
          5.5477113882464639e-03, 1.5308291367862358e-03,
          1.5323686207267860e-02, -2.7694852268231123e-03,
          -9.9710538543980078e-03, 6.5578922487646539e-03,
          -3.2567695154658203e-03, -7.4363199751925114e-04,
          1.6491107693528969e-04, 1.4436644776010500e-03,
          -1.9146388801154273e-03, -2.7694852268231114e-03,
          1.2310131379257597e-01, 1.2730952171224478e-03,
          -2.4725541079116128e-04, 8.0491309037577412e-04,
          -2.1906275260092440e-02, -3.4234639903998249e-03,
          -2.2233138112927480e-03, -4.2572586894455630e-03,
          -9.9710538543980078e-03, 1.2730952171224460e-03,
          2.6687503935074963e-02, -1.5513805389478210e-02,
          4.3947894266750491e-03, 1.1717985988390254e-02,
          3.3701142825405834e-03, 3.5055804746416137e-03,
          2.8234806083973257e-03, 6.5578922487646548e-03,
          -2.4725541079116225e-04, -1.5513805389478210e-02,
          1.8129738558066346e-02, -3.7134931770497455e-03,
          -7.7698408060957215e-03, -1.4407544114263177e-03,
          -4.3331682725798720e-03, -1.1428786948815034e-03,
          -3.2567695154658203e-03, 8.0491309037577380e-04,
          4.3947894266750491e-03, -3.7134931770497455e-03,
          1.1563187004938542e-02 ]
   - !!opencv-matrix
      rows: 9
      cols: 9
      dt: d
      data: [ 3.9431184777761985e-01, 2.3684145610741603e-01,
          3.1049595029904124e-02, 5.5272927771249113e-02,
          1.1540409021854965e-01, 1.1640740980753895e-02,
          -5.4215247983555289e-03, 3.7181613673292278e-02,
          4.9930833428779697e-03, 2.3684145610741603e-01,
          5.4991547494869164e-01, 4.3655636735926380e-02,
          1.4014176995599056e-01, 1.9395383029983362e-01,
          1.7858858147096483e-02, 1.1755803310982131e-02,
          8.2892588192490887e-02, 8.1251322217363569e-03,
          3.1049595029904124e-02, 4.3655636735926380e-02,
          6.9848406177336411e-02, 1.6796898326415559e-02,
          1.5706219015923825e-02, 3.0792087849498377e-03,
          3.5893178840541965e-03, 9.2116496509037638e-03,
          -3.0125091243984967e-04, 5.5272927771249120e-02,
          1.4014176995599056e-01, 1.6796898326415559e-02,
          2.3767181006695814e-01, 1.6034984235663524e-01,
          6.3721923854612736e-03, 5.7972190061966154e-03,
          2.8519061519136996e-02, 4.4273521527620563e-03,
          1.1540409021854965e-01, 1.9395383029983362e-01,
          1.5706219015923825e-02, 1.6034984235663524e-01,
          2.3527201912915957e-01, -6.6410765383002781e-04,
          2.8223458380082504e-03, 3.4632055294127828e-02,
          7.4568301107958666e-03, 1.1640740980753895e-02,
          1.7858858147096490e-02, 3.0792087849498360e-03,
          6.3721923854612771e-03, -6.6410765383002749e-04,
          1.0643500401892167e-01, 6.9534283982946987e-03,
          2.4285657620098959e-03, 2.2288696778750327e-03,
          -5.4215247983555254e-03, 1.1755803310982142e-02,
          3.5893178840541965e-03, 5.7972190061966111e-03,
          2.8223458380082496e-03, 6.9534283982946987e-03,
          1.5714137426646158e-01, -4.2007951404593798e-02,
          4.6438385467198751e-03, 3.7181613673292271e-02,
          8.2892588192490887e-02, 9.2116496509037638e-03,
          2.8519061519136992e-02, 3.4632055294127828e-02,
          2.4285657620098967e-03, -4.2007951404593798e-02,
          4.1878081458491652e-02, -1.4957351849164411e-03,
          4.9930833428779697e-03, 8.1251322217363569e-03,
          -3.0125091243984984e-04, 4.4273521527620572e-03,
          7.4568301107958666e-03, 2.2288696778750327e-03,
          4.6438385467198751e-03, -1.4957351849164411e-03,
          6.7852163282792833e-03 ]
   - !!opencv-matrix
      rows: 9
      cols: 9
      dt: d
      data: [ 6.5407063836295998e-01, 2.1312330396190077e-01,
          7.5297069488387866e-02, 6.2754062063611199e-03,
          3.1515412467352476e-02, 6.3945665775203858e-02,
          2.6384965109870987e-02, 2.7795298109238715e-02,
          3.3986776058751472e-02, 2.1312330396190077e-01,
          7.0668020430679901e-01, 6.8896890085489534e-02,
          4.6780915179880913e-03, 2.1631501252887991e-01,
          -1.2560506243067276e-01, 7.6500539187524627e-02,
          8.1585444946784297e-02, 3.0272461021222590e-02,
          7.5297069488387866e-02, 6.8896890085489534e-02,
          7.5519146519379424e-02, 9.5401112607319885e-03,
          9.6288132775746802e-03, 3.4222493117451153e-02,
          1.0483084405834592e-02, 9.0595672396742554e-03,
          1.7394509986443644e-02, 6.2754062063611225e-03,
          4.6780915179880922e-03, 9.5401112607319885e-03,
          2.9668886502630488e-02, 4.2270513625481659e-03,
          2.5553831734964342e-02, -1.7477045433827013e-02,
          6.7635639661367038e-03, -4.3263023839852454e-04,
          3.1515412467352476e-02, 2.1631501252887991e-01,
          9.6288132775746802e-03, 4.2270513625481659e-03,
          1.6441780797094141e-01, -7.4902661270144152e-02,
          3.3950719211935189e-02, 1.5389628282891725e-02,
