%YAML:1.0
---
groups:
   - intact
   - CD19
   - blast
intactGmmnames:
   - "intact.710.0"
   - "intact.710.1"
   - "intact.710.2"
   - "intact.710.3"
   - "intact.710.4"
intactLabels:
   - FSC-A
   - SSC-A
   - CD20
   - CD10
   - CD45
   - CD34
   - SYTO41
   - CD19
   - CD38
intactMu: !!opencv-matrix
   rows: 5
   cols: 9
   dt: d
   data: [ 1.5715480454950277e+00, 4.7660276810245672e-01,
       1.0220998442324898e+00, 9.3458424365138681e-01,
       3.7752731983686534e+00, 1.0516444496764985e+00,
       2.3838822719382495e+00, 1.1684591921659564e+00,
       2.0216178999832994e+00, 9.2392430324498021e-01,
       4.1192418931340602e-01, 9.3885614439116805e-01,
       1.0780635885707104e+00, 1.2852912659236517e+00,
       1.0738829986630474e+00, 2.7367675251372963e+00,
       1.0107604549257805e+00, 1.5842386720036332e+00,
       1.4411923825697917e+00, 8.8876039909089355e-01,
       1.4083035051983717e+00, 1.7193652400961372e+00,
       2.0722074712079053e+00, 1.4798321788854720e+00,
       2.6648182873071287e+00, 1.3904051985546160e+00,
       2.1112595714421540e+00, 1.1746458136523148e+00,
       2.9142541900463742e-01, 9.5483358060722445e-01,
       8.7934929085985003e-01, 3.6380757053254356e+00,
       1.0194021538185332e+00, 2.5184307013518237e+00,
       1.0946113386389427e+00, 1.6685753081585821e+00,
       2.2147200826171214e+00, 2.8564510762805280e+00,
       1.1647848217852228e+00, 2.0622959665301241e+00,
       2.9821345800318668e+00, 1.1498221464658962e+00,
       2.6347554758380038e+00, 1.5698152983591382e+00,
       1.7119609937790112e+00 ]
intactSigma:
   - !!opencv-matrix
      rows: 9
      cols: 9
      dt: d
      data: [ 2.1026015383451563e-01, 1.4162910975651626e-02,
          8.1740128729074577e-03, -1.1473533771149877e-03,
          1.4987731428762417e-02, 4.8639625797761588e-03,
          -1.3418348942093405e-02, -8.2399883177414167e-03,
          -1.6105369646010771e-02, 1.4162910975651626e-02,
          2.8580481435291398e-02, 1.2779821052737386e-02,
          3.1305007340260427e-03, 1.3775516003768190e-02,
          2.6478374608245791e-03, -2.8119409316794994e-03,
          1.2562837919029051e-02, 2.2337953649866866e-02,
          8.1740128729074560e-03, 1.2779821052737388e-02,
          7.8828818548591167e-02, -2.7397269836985840e-03,
          3.4256840634299358e-03, -2.6269031317946617e-05,
          2.2037082684528055e-03, 7.5598708276133604e-03,
          -2.2417642693732081e-04, -1.1473533771149869e-03,
          3.1305007340260422e-03, -2.7397269836985849e-03,
          6.0559751177860180e-02, 7.6159175522292157e-04,
          -5.8005761166228824e-03, 3.4306471496036608e-03,
          1.1164715501980585e-03, -1.5793730867900643e-02,
          1.4987731428762422e-02, 1.3775516003768190e-02,
          3.4256840634299358e-03, 7.6159175522292179e-04,
          2.0876859703277472e-02, -3.2184354336483112e-03,
          -6.9203159745179418e-03, 6.1597930451380740e-03,
          7.1472906750077950e-03, 4.8639625797761580e-03,
          2.6478374608245791e-03, -2.6269031317946224e-05,
          -5.8005761166228824e-03, -3.2184354336483099e-03,
          1.8113555876376661e-01, 4.2661152764332123e-03,
          2.7106360986791701e-03, 1.9634677630652516e-02,
          -1.3418348942093405e-02, -2.8119409316794989e-03,
          2.2037082684528064e-03, 3.4306471496036613e-03,
          -6.9203159745179427e-03, 4.2661152764332123e-03,
          2.9002551822991607e-02, -7.5840122567260443e-04,
          -2.2995476630449300e-03, -8.2399883177414132e-03,
          1.2562837919029051e-02, 7.5598708276133630e-03,
          1.1164715501980581e-03, 6.1597930451380740e-03,
          2.7106360986791696e-03, -7.5840122567260410e-04,
          6.1501467530555146e-02, 1.8771220303836419e-02,
          -1.6105369646010774e-02, 2.2337953649866869e-02,
          -2.2417642693732108e-04, -1.5793730867900650e-02,
          7.1472906750077968e-03, 1.9634677630652513e-02,
          -2.2995476630449318e-03, 1.8771220303836416e-02,
          3.9229830531217141e-01 ]
   - !!opencv-matrix
      rows: 9
      cols: 9
      dt: d
      data: [ 1.3578050005367270e-01, 2.6501672220620359e-02,
          2.1421875718221482e-02, 2.1291544688810230e-02,
          1.6894903072113405e-02, -1.0806076553550308e-03,
          -1.4579631631892872e-02, 8.1221649226088950e-03,
          1.1705058620205747e-02, 2.6501672220620359e-02,
          1.9650189407281232e-02, 1.3719768377669595e-02,
          1.2078093092173213e-02, 1.1759551462035457e-02,
          1.0698611789977997e-03, 4.1992319403831996e-03,
          4.8434122755192481e-03, 7.7713923840298064e-03,
          2.1421875718221482e-02, 1.3719768377669595e-02,
          6.6173693987411825e-02, 4.9343442396943037e-03,
          9.9425934987489428e-03, 2.1263852562562727e-04,
          3.9054748015757298e-03, 4.5549087923772939e-03,
          4.6437189645396806e-03, 2.1291544688810234e-02,
          1.2078093092173213e-02, 4.9343442396943037e-03,
          8.4038117416080957e-02, 2.1197747022633263e-02,
          -1.1158866396935484e-04, 8.9546344249244263e-04,
          5.2482710922555536e-03, 1.1301031884420464e-02,
          1.6894903072113405e-02, 1.1759551462035455e-02,
          9.9425934987489428e-03, 2.1197747022633263e-02,
          9.5572154769868384e-02, -7.4258612417770677e-05,
          3.9837523643137902e-03, 3.0346136465196970e-03,
          1.5982946004139121e-02, -1.0806076553550310e-03,
          1.0698611789977999e-03, 2.1263852562562724e-04,
          -1.1158866396935491e-04, -7.4258612417769782e-05,
          2.0228775937006484e-02, 1.5780897436143200e-03,
          3.8836361858035010e-04, 7.9060488067691430e-04,
          -1.4579631631892872e-02, 4.1992319403831996e-03,
          3.9054748015757289e-03, 8.9546344249244285e-04,
          3.9837523643137893e-03, 1.5780897436143194e-03,
          5.0027963493429306e-02, -3.0873185236153606e-03,
          3.7489793423359117e-03, 8.1221649226088950e-03,
          4.8434122755192481e-03, 4.5549087923772921e-03,
          5.2482710922555536e-03, 3.0346136465196970e-03,
          3.8836361858035010e-04, -3.0873185236153602e-03,
          1.4102266854830642e-02, 1.2828452810983418e-04,
          1.1705058620205742e-02, 7.7713923840298056e-03,
          4.6437189645396806e-03, 1.1301031884420464e-02,
          1.5982946004139117e-02, 7.9060488067691430e-04,
          3.7489793423359117e-03, 1.2828452810983434e-04,
          2.2453112226522250e-02 ]
   - !!opencv-matrix
      rows: 9
      cols: 9
      dt: d
      data: [ 6.7154378345837906e-01, 2.6291837637746146e-01,
          6.6824508996450857e-02, 3.0160542276126127e-02,
          1.5475822448693208e-01, 1.1804370098713091e-01,
          1.0424606146366089e-02, 1.0729707660718292e-01,
          1.0573221433493914e-01, 2.6291837637746146e-01,
          4.0993344156046641e-01, 8.1892904816559670e-02,
          2.3430332915248153e-04, 1.4090981335805725e-01,
          1.0030015014383707e-01, 8.0031844144616525e-03,
          1.4131039664429063e-01, 9.7099607324885220e-02,
          6.6824508996450843e-02, 8.1892904816559683e-02,
          3.5312997350161535e-01, 1.2460058674447967e-01,
          1.9441258506935427e-01, 8.3226743379395188e-02,
          3.9061185001962602e-02, 1.2330567924531703e-01,
          4.8272073883028101e-02, 3.0160542276126124e-02,
          2.3430332915248155e-04, 1.2460058674447967e-01,
          4.2731524273788329e-01, -2.8337274092450470e-02,
          8.5747692899157624e-02, 2.6444370110015578e-02,
          1.3556042446073696e-01, -6.1374309896927636e-03,
          1.5475822448693208e-01, 1.4090981335805725e-01,
          1.9441258506935427e-01, -2.8337274092450473e-02,
          5.7260528504330954e-01, 1.2644251717349067e-01,
          1.4238733079680379e-02, 8.6131555815253627e-02,
