%YAML:1.0
---
groups:
   - intact
   - CD19
   - blast
intactGmmnames:
   - "intact.711.0"
   - "intact.711.1"
   - "intact.711.2"
   - "intact.711.3"
   - "intact.711.4"
intactLabels:
   - FSC-A
   - SSC-A
   - CD20
   - CD10
   - CD45
   - CD34
   - SYTO41
   - CD19
   - CD38
intactMu: !!opencv-matrix
   rows: 5
   cols: 9
   dt: d
   data: [ 1.3879485613531852e+00, 2.7968352057312640e-01,
       9.2128597063987516e-01, 7.9853591579088001e-01,
       3.5629897046950272e+00, 9.7890537202953654e-01,
       3.2553712408127393e+00, 1.0321980154444825e+00,
       1.8857110494849261e+00, 1.0170240601194671e+00,
       4.8964292979817164e-01, 1.0432533151730801e+00,
       1.1037629059739444e+00, 1.3493712263653386e+00,
       9.7074335009332891e-01, 3.2593639622680866e+00,
       9.3608561666306278e-01, 1.5056117711100148e+00,
       1.0705242063926130e+00, 3.0212814186205694e-01,
       9.2294162492267529e-01, 8.2159256232074196e-01,
       3.5044733312090446e+00, 9.5278060517545671e-01,
       3.2848217629865810e+00, 1.0118811933293665e+00,
       1.6558626802003469e+00, 2.2041013921808341e+00,
       1.6908374223291265e+00, 1.3090567781456870e+00,
       1.6387786273835985e+00, 2.5130951365837175e+00,
       1.2503752650716733e+00, 3.2639454935662640e+00,
       1.2430078961953430e+00, 2.0109778496459954e+00,
       1.9234075444364436e+00, 6.1651640409105235e-01,
       1.0000194631771717e+00, 8.9285929398237940e-01,
       3.6598209767949226e+00, 9.5334954780688419e-01,
       2.6310898437310062e+00, 1.2027359889549571e+00,
       2.3499889615486427e+00 ]
intactSigma:
   - !!opencv-matrix
      rows: 9
      cols: 9
      dt: d
      data: [ 1.2614245979504163e-01, 7.5340809787269895e-03,
          4.9222432665985026e-03, 5.5918581020464996e-03,
          1.6190585231691080e-02, -4.7033588954668217e-03,
          -3.6250923221396655e-02, 2.6554832578512952e-03,
          -3.2050823203360300e-02, 7.5340809787269895e-03,
          4.0341949958488466e-03, 4.0705614006399122e-03,
          8.5006185554428325e-04, 2.1198659339817850e-03,
          1.3077296308723785e-03, -2.4250215325652773e-03,
          2.4962413177012348e-03, -4.1479557183017870e-03,
          4.9222432665985026e-03, 4.0705614006399122e-03,
          4.6419868042201280e-02, -5.7193743998065743e-03,
          9.1933975312127739e-04, 4.2089201529476464e-03,
          9.8282023736591937e-04, 1.5725098140713148e-03,
          -1.3643909413950391e-02, 5.5918581020465031e-03,
          8.5006185554428358e-04, -5.7193743998065743e-03,
          4.9778625563245089e-02, 1.3552688615927793e-03,
          -1.3209093661534468e-02, -5.0701587525357654e-03,
          2.3859637331055381e-03, -3.5049235008525782e-03,
          1.6190585231691080e-02, 2.1198659339817850e-03,
          9.1933975312127783e-04, 1.3552688615927793e-03,
          7.2154086137525475e-03, -3.5923936421921607e-03,
          -7.2937262393164516e-03, 2.3748177607807682e-03,
          -1.9519085276926760e-03, -4.7033588954668217e-03,
          1.3077296308723790e-03, 4.2089201529476429e-03,
          -1.3209093661534464e-02, -3.5923936421921607e-03,
          2.5546407764061063e-01, 6.2721916432209850e-03,
          1.0500089239729147e-03, -6.4769952646690663e-03,
          -3.6250923221396655e-02, -2.4250215325652765e-03,
          9.8282023736591872e-04, -5.0701587525357654e-03,
          -7.2937262393164516e-03, 6.2721916432209876e-03,
          3.3057693203493485e-02, -1.0492127736850092e-02,
          2.9665277026930629e-05, 2.6554832578512947e-03,
          2.4962413177012348e-03, 1.5725098140713153e-03,
          2.3859637331055368e-03, 2.3748177607807678e-03,
          1.0500089239729136e-03, -1.0492127736850090e-02,
          3.7531032342774065e-02, -4.4562294045376420e-03,
          -3.2050823203360293e-02, -4.1479557183017879e-03,
          -1.3643909413950391e-02, -3.5049235008525782e-03,
          -1.9519085276926760e-03, -6.4769952646690663e-03,
          2.9665277026930931e-05, -4.4562294045376420e-03,
          1.4266716129902740e-01 ]
   - !!opencv-matrix
      rows: 9
      cols: 9
      dt: d
      data: [ 1.8206644449610718e-01, 4.8148022652770697e-02,
          3.1581286589533422e-02, 5.0794888265549676e-02,
          4.2167253694699793e-02, 4.8996884533200405e-03,
          -2.6703613427602461e-02, 1.7051977146760607e-02,
          1.7792920068801982e-02, 4.8148022652770697e-02,
          3.2759720237942401e-02, 2.2896414220114826e-02,
          2.7109745145592560e-02, 2.6085625979377948e-02,
          3.8417218131506226e-03, 1.6758352972078068e-02,
          1.7565945272011592e-03, 1.2780495380949783e-02,
          3.1581286589533415e-02, 2.2896414220114826e-02,
          5.7360892459620547e-02, 1.1998314618086718e-02,
          1.9394814548270158e-02, 4.9411374987657743e-03,
          1.5803887775872376e-02, -2.7694345482887517e-04,
          8.8618237566645414e-03, 5.0794888265549676e-02,
          2.7109745145592560e-02, 1.1998314618086718e-02,
          1.3060016557720708e-01, 3.5987387586704708e-02,
          -1.4261699700199974e-03, 8.1271137749096903e-03,
          5.3539365255061578e-03, 1.4273373804169487e-02,
          4.2167253694699813e-02, 2.6085625979377948e-02,
          1.9394814548270155e-02, 3.5987387586704708e-02,
          1.3076378807431788e-01, -5.8473046946420904e-04,
          1.0476974149800878e-02, 2.0451147394761676e-03,
          2.2276810477153797e-02, 4.8996884533200405e-03,
          3.8417218131506226e-03, 4.9411374987657734e-03,
          -1.4261699700199974e-03, -5.8473046946420925e-04,
          6.0304935976247150e-02, 9.5263962545752961e-03,
          -4.9686112291653733e-04, 3.3875656330043941e-03,
          -2.6703613427602465e-02, 1.6758352972078068e-02,
          1.5803887775872376e-02, 8.1271137749096868e-03,
          1.0476974149800877e-02, 9.5263962545752943e-03,
          1.9132249892221653e-01, -4.1800219507598053e-02,
          1.6925407638625933e-02, 1.7051977146760607e-02,
          1.7565945272011588e-03, -2.7694345482887501e-04,
          5.3539365255061604e-03, 2.0451147394761676e-03,
          -4.9686112291653754e-04, -4.1800219507598053e-02,
          2.3022103825878742e-02, -3.6683451863545433e-03,
          1.7792920068801982e-02, 1.2780495380949783e-02,
          8.8618237566645414e-03, 1.4273373804169487e-02,
          2.2276810477153797e-02, 3.3875656330043949e-03,
          1.6925407638625926e-02, -3.6683451863545433e-03,
          2.4773181194858319e-02 ]
   - !!opencv-matrix
      rows: 9
      cols: 9
      dt: d
      data: [ 1.1482426108205750e-01, 1.3949555951482076e-02,
          1.4142372774501737e-02, 1.2926004066016747e-02,
          3.0892117567728975e-02, -2.3615410633303123e-03,
          -6.4789986339309893e-02, 2.4077356358455849e-02,
          -1.9471850374001939e-02, 1.3949555951482073e-02,
          7.1518390824097042e-03, 6.2371331761014561e-03,
          3.2682514796774369e-03, 4.8944370950054893e-03,
          5.6821879359451161e-04, -8.8562178630798797e-03,
          5.0684392640703256e-03, -3.2563702350456407e-03,
          1.4142372774501737e-02, 6.2371331761014561e-03,
          4.8149272760271720e-02, -2.9975456621656989e-03,
          4.7122629370671774e-03, 2.1700692136451100e-03,
          -7.5244598251217997e-03, 5.6485961456302714e-03,
          -7.4893824830206046e-03, 1.2926004066016749e-02,
          3.2682514796774369e-03, -2.9975456621656989e-03,
          4.8613536852471807e-02, 3.3344312307951383e-03,
          -6.7669072483119569e-03, -9.3372739904542829e-03,
          5.5222613294633295e-03, -8.7646433647807899e-04,
          3.0892117567728975e-02, 4.8944370950054893e-03,
          4.7122629370671774e-03, 3.3344312307951362e-03,
          1.4887709444663473e-02, -4.4375724895294698e-03,
