%YAML:1.0
---
groups:
   - intact
   - CD19
intactGmmnames:
   - "intact.712.0"
   - "intact.712.1"
   - "intact.712.2"
   - "intact.712.3"
   - "intact.712.4"
intactLabels:
   - FSC-A
   - SSC-A
   - CD20
   - CD10
   - CD45
   - CD34
   - SYTO41
   - CD19
   - CD38
intactMu: !!opencv-matrix
   rows: 5
   cols: 9
   dt: d
   data: [ 1.3503563369015239e+00, 5.2200779119952789e-01,
       1.0430231722343546e+00, 9.4515391864280818e-01,
       3.6313535423064907e+00, 1.0818172205215575e+00,
       2.6644254853763156e+00, 1.1797430920675238e+00,
       1.8737142064778105e+00, 2.3976096731249394e+00,
       3.6429006298328259e+00, 1.3853647632585684e+00,
       2.8460877730863237e+00, 3.2338671313473442e+00,
       1.2727705132753586e+00, 2.5755305648192546e+00,
       1.9339290802519487e+00, 1.7726450927299680e+00,
       1.9408766668412254e+00, 1.8590882129137039e+00,
       1.3912475607718831e+00, 1.2341469598080084e+00,
       2.4271939660026081e+00, 1.9297233151547721e+00,
       2.3291507169967707e+00, 1.5137644538744528e+00,
       1.8139926627779310e+00, 2.1897456270610802e+00,
       3.3417136419155025e+00, 1.2403516128918310e+00,
       2.6901744267141621e+00, 3.1655699709155587e+00,
       1.2643198535545264e+00, 2.8276659131671500e+00,
       1.8439826986398078e+00, 1.7690106028726635e+00,
       1.5594485887158356e+00, 1.4503274335680847e+00,
       1.2857016116894173e+00, 1.3446716761208048e+00,
       2.0423677761113974e+00, 1.2659742874765407e+00,
       2.6639680460165156e+00, 1.3612306040555100e+00,
       1.8350361669692139e+00 ]
intactSigma:
   - !!opencv-matrix
      rows: 9
      cols: 9
      dt: d
      data: [ 1.5301894821858109e-01, 1.7016991600321489e-02,
          -7.4882466117780650e-05, -9.3615185646138410e-04,
          2.2360981569782102e-02, 2.1835733150712142e-03,
          -2.2908853601035280e-02, 4.9593989760632210e-03,
          5.9971245666848479e-04, 1.7016991600321489e-02,
          3.6288382331826644e-02, 1.3899924387076061e-02,
          1.1867839288709759e-02, 1.2079120183647868e-02,
          8.0025596744525314e-03, -1.1953610838263665e-02,
          2.0850911140846657e-02, 1.8301209848538461e-02,
          -7.4882466117782005e-05, 1.3899924387076058e-02,
          8.5648751107572016e-02, -1.2587269320386914e-03,
          3.8746412986294097e-03, 3.9752503971470527e-03,
          1.3788274023408648e-03, 5.8346311862412653e-03,
          -1.4728825317050916e-03, -9.3615185646138410e-04,
          1.1867839288709759e-02, -1.2587269320386914e-03,
          5.8097244949619924e-02, 3.2070781586819295e-03,
          -3.2747995153609706e-03, -6.0896770802326642e-03,
          1.1284639461312933e-02, 1.1018093326923474e-03,
          2.2360981569782102e-02, 1.2079120183647868e-02,
          3.8746412986294097e-03, 3.2070781586819286e-03,
          1.7026520726041411e-02, -4.8004011467340390e-04,
          -1.1256011655171413e-02, 1.0288202807582306e-02,
          -2.7883421377947778e-03, 2.1835733150712190e-03,
          8.0025596744525279e-03, 3.9752503971470518e-03,
          -3.2747995153609736e-03, -4.8004011467340379e-04,
          1.6521922389374744e-01, -3.0338425931259968e-03,
          8.5952352697132185e-03, 1.1464981108015354e-02,
          -2.2908853601035287e-02, -1.1953610838263665e-02,
          1.3788274023408644e-03, -6.0896770802326642e-03,
          -1.1256011655171413e-02, -3.0338425931259959e-03,
          9.3959230544392577e-02, -2.2554426337477926e-02,
          -5.6262190895226211e-03, 4.9593989760632210e-03,
          2.0850911140846657e-02, 5.8346311862412653e-03,
          1.1284639461312933e-02, 1.0288202807582306e-02,
          8.5952352697132167e-03, -2.2554426337477923e-02,
          1.0195934953573048e-01, 5.9244879807835039e-03,
          5.9971245666848489e-04, 1.8301209848538461e-02,
          -1.4728825317050916e-03, 1.1018093326923481e-03,
          -2.7883421377947770e-03, 1.1464981108015356e-02,
          -5.6262190895226211e-03, 5.9244879807835073e-03,
          9.1508094055098216e-02 ]
   - !!opencv-matrix
      rows: 9
      cols: 9
      dt: d
      data: [ 5.3098187587140744e-01, 1.2848241527353318e-01,
          1.5922944685033049e-02, 9.4617533060612912e-04,
          6.5698729999900838e-03, 1.6266190745935615e-02,
          4.4563925670721722e-03, 1.7316102551991487e-02,
          2.4106469450759687e-03, 1.2848241527353318e-01,
          2.2241327092608218e-01, 1.6444260522335916e-02,
          -2.3423910130277287e-03, -3.0477097419862663e-03,
          1.2243903515482511e-02, 1.9292615081437332e-02,
          3.1145639219176666e-02, 4.8841842140155550e-03,
          1.5922944685033052e-02, 1.6444260522335913e-02,
          3.1252760108236841e-02, -2.9658197881510602e-05,
          1.3828349449714081e-03, 4.3338782763858615e-03,
          3.6045168878310308e-03, 2.1092303011684124e-03,
          7.4234628232271432e-04, 9.4617533060612792e-04,
          -2.3423910130277283e-03, -2.9658197881510382e-05,
          4.8024380484568766e-02, 1.2703033038988763e-02,
          -7.0935365465735704e-03, -1.4384591578995973e-03,
          1.4358887130153574e-03, -1.8238372164283388e-03,
          6.5698729999900821e-03, -3.0477097419862654e-03,
          1.3828349449714081e-03, 1.2703033038988763e-02,
          2.1297301125637439e-02, -1.0421150683108775e-02,
          -1.7169462262276310e-03, -3.8842537280676098e-05,
          -3.0031362136871266e-03, 1.6266190745935615e-02,
          1.2243903515482518e-02, 4.3338782763858615e-03,
          -7.0935365465735704e-03, -1.0421150683108778e-02,
          1.3577437112738747e-01, 4.5147028346821140e-03,
          2.0917211005217363e-04, 4.5546143930596814e-03,
          4.4563925670721713e-03, 1.9292615081437332e-02,
          3.6045168878310299e-03, -1.4384591578995973e-03,
          -1.7169462262276306e-03, 4.5147028346821123e-03,
          2.3710929145764632e-02, 2.9228125039134556e-03,
          6.2180330940129894e-04, 1.7316102551991487e-02,
          3.1145639219176673e-02, 2.1092303011684124e-03,
          1.4358887130153574e-03, -3.8842537280676253e-05,
          2.0917211005217382e-04, 2.9228125039134556e-03,
          1.7650081402615540e-02, -1.6182235338117682e-03,
          2.4106469450759678e-03, 4.8841842140155568e-03,
          7.4234628232271443e-04, -1.8238372164283388e-03,
          -3.0031362136871266e-03, 4.5546143930596840e-03,
          6.2180330940129894e-04, -1.6182235338117682e-03,
          7.6546940991038936e-03 ]
   - !!opencv-matrix
      rows: 9
      cols: 9
      dt: d
      data: [ 7.8588116365220417e-01, 5.4489219463513716e-01,
          1.4635206881670068e-01, 1.0757724157562792e-01,
          1.5529244621996777e-01, 1.6972081535281763e-01,
          1.1972626859108650e-01, 1.4923047989485208e-01,
          4.9385167051844682e-02, 5.4489219463513716e-01,
          6.8796474005019659e-01, 1.8176218359403212e-01,
          1.3296810357602021e-01, 1.8287676564198024e-01,
          2.0964897627277423e-01, 1.5414894011666000e-01,
          1.9366519894685089e-01, 5.9699266217156655e-02,
          1.4635206881670068e-01, 1.8176218359403212e-01,
          8.4183994247776492e-02, 3.1284498959061546e-02,
          5.1677889805533575e-02, 5.9711067797281282e-02,
          4.2990068727922236e-02, 5.2902520282721924e-02,
          1.6049917462149735e-02, 1.0757724157562792e-01,
          1.3296810357602018e-01, 3.1284498959061546e-02,
          7.0167079877276120e-02, 3.6636439149324566e-02,
          3.8293820019245445e-02, 3.1002474359676364e-02,
          3.8403280306451557e-02, 1.1398668862757077e-02,
          1.5529244621996777e-01, 1.8287676564198024e-01,
          5.1677889805533575e-02, 3.6636439149324566e-02,
          7.4554883584219273e-02, 6.0769190572472077e-02,
          4.3439784808232976e-02, 5.3494829482991876e-02,
