%YAML:1.0
---
groups:
   - intact
   - CD19
   - blast
intactGmmnames:
   - "intact.728.0"
   - "intact.728.1"
   - "intact.728.2"
   - "intact.728.3"
   - "intact.728.4"
intactLabels:
   - FSC-A
   - SSC-A
   - CD20
   - CD10
   - CD45
   - CD34
   - SYTO41
   - CD19
   - CD38
intactMu: !!opencv-matrix
   rows: 5
   cols: 9
   dt: d
   data: [ 7.8074947768231551e-01, 2.5907761781622279e-01,
       9.3111614582449331e-01, 8.2552767440441654e-01,
       3.4211687203476466e+00, 1.0255399093452444e+00,
       3.2744441102879285e+00, 1.0572051653933283e+00,
       1.7413676705512260e+00, 2.2423057813359115e+00,
       1.6106113403361677e+00, 1.4385920270266910e+00,
       1.3763517171897290e+00, 2.5182518909049771e+00,
       1.4480773648321321e+00, 2.8738681933579771e+00,
       1.4134104142234967e+00, 1.9701844686189658e+00,
       8.8873609980142865e-01, 5.6348816992025730e-01,
       1.1825657908854106e+00, 1.0985823665643157e+00,
       1.3967181624441032e+00, 1.0840872483343853e+00,
       3.1562888197948760e+00, 1.0481989715309783e+00,
       1.5568726968775117e+00, 1.3924391942721017e+00,
       4.3377167645018949e-01, 1.0361201249579053e+00,
       9.5110286891188123e-01, 3.5564368710130405e+00,
       1.0631694370897309e+00, 3.0378903700580864e+00,
       1.1467845576219551e+00, 1.7874803433906115e+00,
       1.9215665288690122e+00, 3.0663815814666924e+00,
       1.2137988547135781e+00, 2.6757407337282055e+00,
       3.0400698796664014e+00, 1.2938079494188757e+00,
       2.9143055818661598e+00, 1.6294079712165954e+00,
       1.8562071443000745e+00 ]
intactSigma:
   - !!opencv-matrix
      rows: 9
      cols: 9
      dt: d
      data: [ 8.3099226166262904e-02, 4.2342581705469015e-03,
          6.8034682429214139e-03, 2.2505634316821598e-03,
          2.0622077494904308e-02, 3.8490312797646712e-04,
          -2.2223547522418678e-02, 7.0632410452894420e-03,
          -3.3509187043456955e-03, 4.2342581705469015e-03,
          8.5595715264212453e-03, 7.6261680084607365e-03,
          3.8726805458687581e-03, 2.4437282918138097e-03,
          1.4911081296561483e-03, -1.0426341855443665e-03,
          2.5440900205834604e-03, -3.7590564977756369e-03,
          6.8034682429214139e-03, 7.6261680084607365e-03,
          6.7424496090044722e-02, -4.1407239554387748e-03,
          3.1763048094984921e-03, 8.5373888622221458e-04,
          -1.5660033888041804e-04, 2.6292086284287241e-03,
          -9.9742218635014597e-03, 2.2505634316821598e-03,
          3.8726805458687572e-03, -4.1407239554387748e-03,
          4.5113020521759327e-02, 1.7524823303093255e-03,
          -2.3607611231217214e-03, -1.0319289529958045e-03,
          2.1298454794634143e-03, -2.9977170260190983e-03,
          2.0622077494904308e-02, 2.4437282918138097e-03,
          3.1763048094984926e-03, 1.7524823303093251e-03,
          1.1800130411003531e-02, -2.0082949258364868e-03,
          -6.4138148013712275e-03, 1.9885729609781700e-03,
          -7.8102432686512704e-04, 3.8490312797646772e-04,
          1.4911081296561483e-03, 8.5373888622221436e-04,
          -2.3607611231217214e-03, -2.0082949258364868e-03,
          1.0340403672501410e-01, 4.6444637159968806e-04,
          1.2908861739450417e-03, 1.9108318217932892e-03,
          -2.2223547522418678e-02, -1.0426341855443661e-03,
          -1.5660033888041831e-04, -1.0319289529958048e-03,
          -6.4138148013712266e-03, 4.6444637159968823e-04,
          1.4039001287615515e-02, -3.9488700578608534e-03,
          -1.3525065227702104e-03, 7.0632410452894420e-03,
          2.5440900205834604e-03, 2.6292086284287249e-03,
          2.1298454794634143e-03, 1.9885729609781700e-03,
          1.2908861739450420e-03, -3.9488700578608534e-03,
          1.8574760186901712e-02, -3.1365661939762616e-03,
          -3.3509187043456955e-03, -3.7590564977756365e-03,
          -9.9742218635014597e-03, -2.9977170260190983e-03,
          -7.8102432686512715e-04, 1.9108318217932892e-03,
          -1.3525065227702102e-03, -3.1365661939762612e-03,
          5.4869125081599066e-02 ]
   - !!opencv-matrix
      rows: 9
      cols: 9
      dt: d
      data: [ 9.8062910067094333e-01, 4.8477551401243640e-01,
          -3.7624545525506994e-03, 5.9395872173981977e-02,
          9.4223909701119005e-02, 2.0547330331943805e-02,
          1.5348429653441603e-02, 5.1027441993760234e-02,
          3.5926205439248939e-02, 4.8477551401243640e-01,
          9.2015972942185575e-01, 5.1359702868543709e-02,
          1.3009254550559401e-01, 1.9098248953222971e-01,
          -9.3099162321286788e-02, 1.1458235222156907e-01,
          1.5313682218456118e-01, 1.1917894704831984e-01,
          -3.7624545525507002e-03, 5.1359702868543716e-02,
          2.2417773294258236e-01, 6.6403876500204004e-02,
          9.1164678638064767e-02, -2.0957050441275084e-02,
          9.1826617277822209e-02, 9.4228594291291712e-02,
          1.6750149546716202e-02, 5.9395872173981977e-02,
          1.3009254550559401e-01, 6.6403876500204018e-02,
          1.6344494078021751e-01, 2.7187030153024684e-02,
          1.3099661975070292e-02, 1.1394800207822386e-02,
          4.7223759293712059e-02, 2.4255248597319576e-03,
          9.4223909701119005e-02, 1.9098248953222971e-01,
          9.1164678638064767e-02, 2.7187030153024681e-02,
          4.3008186467907478e-01, -1.4140493093316152e-02,
          1.0316061386069861e-01, 9.0716116200503627e-02,
          1.3424125926664709e-01, 2.0547330331943794e-02,
          -9.3099162321286788e-02, -2.0957050441275084e-02,
          1.3099661975070292e-02, -1.4140493093316154e-02,
          2.9187360772610554e-01, -5.6120707987344490e-02,
          -3.3930371955042400e-02, 3.5765927406318744e-03,
          1.5348429653441603e-02, 1.1458235222156907e-01,
          9.1826617277822209e-02, 1.1394800207822386e-02,
          1.0316061386069862e-01, -5.6120707987344490e-02,
          2.6616052797119244e-01, 1.7571144943378705e-02,
          1.2083629707282924e-01, 5.1027441993760234e-02,
          1.5313682218456118e-01, 9.4228594291291712e-02,
          4.7223759293712052e-02, 9.0716116200503641e-02,
          -3.3930371955042407e-02, 1.7571144943378705e-02,
          1.1540840335773325e-01, 1.6720563829737507e-03,
          3.5926205439248952e-02, 1.1917894704831984e-01,
          1.6750149546716196e-02, 2.4255248597319576e-03,
          1.3424125926664709e-01, 3.5765927406318683e-03,
          1.2083629707282924e-01, 1.6720563829737509e-03,
          3.0352228673230414e-01 ]
   - !!opencv-matrix
      rows: 9
      cols: 9
      dt: d
      data: [ 1.7099808908986330e-01, 5.9858214380723369e-02,
          4.6715422693532641e-02, 3.6541220912769658e-02,
          4.3313497561127831e-02, 5.5411917707930509e-03,
          -1.2911276510337544e-02, 1.6213961108526055e-02,
          1.1388663711166341e-02, 5.9858214380723369e-02,
          7.0905468502271474e-02, 5.2102723978201620e-02,
          3.8335330808714894e-02, 5.1394875828400757e-02,
          5.6010968965091688e-03, 1.1567530169345972e-02,
          1.6439201638907580e-02, 1.5048883521899674e-02,
          4.6715422693532641e-02, 5.2102723978201620e-02,
          1.0205031234297073e-01, 3.1200366537053947e-02,
          4.1327071713362251e-02, 4.0149337611028379e-03,
          2.2682248910116970e-02, 1.1810708094716293e-02,
          1.2642367457658290e-02, 3.6541220912769651e-02,
          3.8335330808714908e-02, 3.1200366537053947e-02,
          9.3850202898566340e-02, 4.3896676001247026e-02,
          1.6130595974797658e-03, -2.0881703084841040e-03,
          1.3844008280730789e-02, 1.0957528733565097e-02,
          4.3313497561127817e-02, 5.1394875828400757e-02,
          4.1327071713362251e-02, 4.3896676001247026e-02,
          2.0080623898580449e-01, 4.5432020804108452e-03,
          8.7768703860093122e-03, 1.0672826442535343e-02,
