%YAML:1.0
---
groups:
   - intact
   - CD19
   - blast
intactGmmnames:
   - "intact.730.0"
   - "intact.730.1"
   - "intact.730.2"
   - "intact.730.3"
   - "intact.730.4"
intactLabels:
   - FSC-A
   - SSC-A
   - CD20
   - CD10
   - CD45
   - CD34
   - SYTO41
   - CD19
   - CD38
intactMu: !!opencv-matrix
   rows: 5
   cols: 9
   dt: d
   data: [ 1.5278285826173146e+00, 4.4653210869149151e-01,
       1.0196786286285122e+00, 8.8116279585751367e-01,
       3.6076349265006868e+00, 1.0907296471273373e+00,
       3.2014065314373186e+00, 1.1496537820653656e+00,
       1.8693426018860702e+00, 2.9167913078635426e+00,
       3.3954703732631941e+00, 1.1692390255553353e+00,
       2.3359824194634173e+00, 3.0206271023987976e+00,
       1.1658881665406937e+00, 3.1143886197468258e+00,
       1.6575667709922430e+00, 1.6316202868109386e+00,
       8.3996156859290783e-01, 4.3217637238650014e-01,
       9.9625479637556869e-01, 1.0966463150330776e+00,
       1.3892630977163449e+00, 1.1135144262599079e+00,
       3.4030842297493793e+00, 8.6422734647767774e-01,
       1.5513260227900578e+00, 8.4123814482557058e-01,
       2.6474544120743376e-01, 8.8256865431316323e-01,
       7.8974122559316773e-01, 3.3685828233315056e+00,
       1.0604744793522021e+00, 3.4657621593525012e+00,
       9.5991284020093104e-01, 1.8156588676953969e+00,
       1.8313968087550441e+00, 1.1291185503183945e+00,
       1.4468101078216788e+00, 1.5354219187750384e+00,
       2.1505215737868117e+00, 1.6104704406990464e+00,
       3.2803923225351537e+00, 1.2535979509056570e+00,
       2.0579494906869638e+00 ]
intactSigma:
   - !!opencv-matrix
      rows: 9
      cols: 9
      dt: d
      data: [ 3.2596477809075908e-01, 2.4178557407644172e-02,
          2.1412952129669514e-02, 3.1300145763710021e-03,
          5.1618359495277238e-02, 3.4874374452993442e-03,
          -5.1793664311851215e-02, 1.7052466854920015e-02,
          -4.1197647257181197e-02, 2.4178557407644175e-02,
          1.9188081041969490e-02, 9.2354492088868867e-03,
          -5.4776055700055646e-04, 1.3215250040215527e-02,
          3.4859033360029124e-03, -1.0196303921168760e-02,
          9.0119743065565881e-03, -4.0247415867409615e-03,
          2.1412952129669514e-02, 9.2354492088868850e-03,
          9.9015980260527964e-02, -4.2649102617085015e-03,
          1.1328935642079466e-02, 7.4057900068870124e-03,
          -5.0251798088261071e-03, 4.6570918300680737e-03,
          -1.5599742464059953e-02, 3.1300145763710034e-03,
          -5.4776055700055646e-04, -4.2649102617085023e-03,
          5.0252437202836675e-02, 1.0314832732604927e-03,
          -4.9970694163490653e-03, -6.4474014783978241e-03,
          3.7975017668304212e-03, -7.2687808844749272e-03,
          5.1618359495277231e-02, 1.3215250040215527e-02,
          1.1328935642079468e-02, 1.0314832732604934e-03,
          2.8147490907553994e-02, -5.4662713873443133e-04,
          -1.5338559389964259e-02, 1.2637119799841773e-02,
          -1.3994726922880694e-02, 3.4874374452993438e-03,
          3.4859033360029124e-03, 7.4057900068870124e-03,
          -4.9970694163490679e-03, -5.4662713873443133e-04,
          1.7235293390144682e-01, -1.3416279035492016e-03,
          4.3302370007897448e-03, 1.7092331391381957e-02,
          -5.1793664311851215e-02, -1.0196303921168761e-02,
          -5.0251798088261053e-03, -6.4474014783978233e-03,
          -1.5338559389964259e-02, -1.3416279035492027e-03,
          7.5551366858431349e-02, -2.5191858625666769e-02,
          -2.1160024013794129e-03, 1.7052466854920009e-02,
          9.0119743065565881e-03, 4.6570918300680719e-03,
          3.7975017668304225e-03, 1.2637119799841773e-02,
          4.3302370007897448e-03, -2.5191858625666769e-02,
          4.3750087833273797e-02, -9.1713926669859096e-03,
          -4.1197647257181190e-02, -4.0247415867409615e-03,
          -1.5599742464059953e-02, -7.2687808844749255e-03,
          -1.3994726922880689e-02, 1.7092331391381957e-02,
          -2.1160024013794133e-03, -9.1713926669859096e-03,
          2.1098641687370623e-01 ]
   - !!opencv-matrix
      rows: 9
      cols: 9
      dt: d
      data: [ 6.1166739216685628e-01, 7.6443948146366320e-02,
          3.6600634396560687e-02, -1.5759651338944536e-01,
          5.5229338674328892e-03, -9.4295163799687949e-03,
          4.8903144695551992e-03, 1.2370807107631462e-02,
          3.1350816443986559e-02, 7.6443948146366347e-02,
          3.4785332064410501e-01, 3.0899118411454863e-02,
          1.6091429245338240e-01, 5.3874100718019215e-02,
          2.8345695121643061e-02, -7.5534480998103257e-03,
          6.4963791972210777e-02, -9.0431123195550134e-03,
          3.6600634396560687e-02, 3.0899118411454863e-02,
          6.6775629249642657e-02, 7.4863299437132576e-03,
          1.0581027134268492e-02, 6.2971099522606050e-03,
          4.7653333669093190e-03, 4.5152234132876702e-03,
          5.5538809135282684e-03, -1.5759651338944536e-01,
          1.6091429245338243e-01, 7.4863299437132507e-03,
          6.0143969127933317e-01, 1.2719787009228700e-01,
          3.9277247306926867e-02, -1.6659404289002120e-02,
          4.1180259935686706e-02, -6.8228999198483090e-02,
          5.5229338674328910e-03, 5.3874100718019229e-02,
          1.0581027134268492e-02, 1.2719787009228697e-01,
          6.3971962476011543e-02, 9.4340603787380281e-03,
          -7.1928531495984343e-03, 1.3788562631462706e-02,
          -1.5352325280169242e-02, -9.4295163799687949e-03,
          2.8345695121643061e-02, 6.2971099522606050e-03,
          3.9277247306926867e-02, 9.4340603787380281e-03,
          1.0194680975783105e-01, 3.9999873873774469e-03,
          6.8777514326310461e-03, -3.1496227494641443e-03,
          4.8903144695552044e-03, -7.5534480998103257e-03,
          4.7653333669093190e-03, -1.6659404289002124e-02,
          -7.1928531495984343e-03, 3.9999873873774443e-03,
          5.1038094074832445e-02, -1.2255164078933537e-02,
          5.1386874523907311e-03, 1.2370807107631462e-02,
          6.4963791972210777e-02, 4.5152234132876685e-03,
          4.1180259935686706e-02, 1.3788562631462709e-02,
          6.8777514326310461e-03, -1.2255164078933534e-02,
          3.2268793733856681e-02, -6.8456724599800112e-03,
          3.1350816443986566e-02, -9.0431123195550134e-03,
          5.5538809135282684e-03, -6.8228999198483090e-02,
          -1.5352325280169240e-02, -3.1496227494641443e-03,
          5.1386874523907311e-03, -6.8456724599800112e-03,
          4.1995742792041039e-02 ]
   - !!opencv-matrix
      rows: 9
      cols: 9
      dt: d
      data: [ 1.6110402029941806e-01, 3.4245574335702925e-02,
          2.0046223854803404e-02, 1.4896794519461473e-02,
          2.3678483650623080e-02, 3.3600617381300137e-02,
          -6.2838921838296702e-02, 2.3376663899213612e-02,
          4.6505091691979080e-03, 3.4245574335702925e-02,
          2.6301235768213971e-02, 1.5900249021751321e-02,
          1.6656724284944833e-02, 1.1894341585513680e-02,
          9.5459289551714822e-03, 1.1029194865205525e-03,
          4.4328676098761210e-03, 7.6011463333200205e-03,
          2.0046223854803411e-02, 1.5900249021751321e-02,
          7.1938413432236725e-02, 1.4380116219665810e-02,
          3.9448288436224836e-03, -4.3949669109743473e-03,
          1.7623715626330028e-02, 9.2836388407371471e-04,
          5.9985515242807694e-03, 1.4896794519461472e-02,
          1.6656724284944833e-02, 1.4380116219665813e-02,
          1.3394810706836890e-01, 1.2155018177180914e-02,
          -6.7675360904078351e-03, 1.2723867523515304e-02,
          7.1979299373865543e-03, 1.2608921852562566e-02,
          2.3678483650623080e-02, 1.1894341585513682e-02,
          3.9448288436224836e-03, 1.2155018177180914e-02,
          5.0309722035268983e-02, 1.7243146295483642e-02,
