%YAML:1.0
---
groups:
   - intact
   - CD19
   - blast
intactGmmnames:
   - "intact.731.0"
   - "intact.731.1"
   - "intact.731.2"
   - "intact.731.3"
   - "intact.731.4"
intactLabels:
   - FSC-A
   - SSC-A
   - CD20
   - CD10
   - CD45
   - CD34
   - SYTO41
   - CD19
   - CD38
intactMu: !!opencv-matrix
   rows: 5
   cols: 9
   dt: d
   data: [ 3.7862247293146295e-01, 2.2728460721903110e-01,
       8.8820327158225432e-01, 7.0864081283405234e-01,
       3.4252240861494960e+00, 1.0662167703554504e+00,
       3.9856734609749180e+00, 7.3826465495110971e-01,
       1.8918292234206018e+00, 1.3004594180791420e+00,
       2.1039538136572986e+00, 1.4726328730941503e+00,
       1.7752211465720635e+00, 3.0030479565660024e+00,
       1.4564034440110096e+00, 3.4411919865622322e+00,
       1.4334204691291590e+00, 2.1617603496206117e+00,
       7.8579014374049827e-01, 2.6401615083222785e-01,
       9.5953767188955252e-01, 8.2037313297583703e-01,
       3.5556188947988558e+00, 1.0633661913706363e+00,
       3.7114903563161454e+00, 9.6050030154950161e-01,
       1.8282847736686878e+00, 1.1980479258683110e+00,
       4.8750303037450288e-01, 1.0529007133303174e+00,
       9.5072661299454075e-01, 3.7304406327075097e+00,
       1.1157343815729699e+00, 3.5165938820167937e+00,
       1.0955249181166786e+00, 2.3578434578056298e+00,
       6.2600138944169303e-01, 4.0911348401267456e-01,
       1.0187931960848318e+00, 1.2858375407101852e+00,
       1.5670583080557534e+00, 1.2303061538783664e+00,
       3.3504461430393881e+00, 9.3548328707111317e-01,
       1.7562375307724327e+00 ]
intactSigma:
   - !!opencv-matrix
      rows: 9
      cols: 9
      dt: d
      data: [ 2.5703349640863883e-02, 2.8815691025020958e-03,
          6.0152175034534723e-03, 2.1741741049629447e-03,
          1.2668976922484015e-02, 1.8037170105149032e-03,
          -2.9489917773397969e-03, 3.8747927496941880e-03,
          -7.5057720798130871e-04, 2.8815691025020958e-03,
          4.6130174261551247e-03, 6.8122153654159258e-03,
          2.0657013546983658e-03, 3.4891303221127948e-03,
          3.9655652405891055e-05, -2.1097747413755715e-04,
          2.0015040906094074e-03, -2.5845066508939649e-03,
          6.0152175034534714e-03, 6.8122153654159258e-03,
          8.4322855396542537e-02, -2.3014334062359059e-03,
          8.2074761357697479e-03, 1.8962895799625428e-03,
          -7.5245538934991566e-04, 4.4451016120394156e-03,
          -9.7432683664467022e-03, 2.1741741049629455e-03,
          2.0657013546983654e-03, -2.3014334062359059e-03,
          2.8890802638401353e-02, 2.4801693145217315e-03,
          -1.4228713126150975e-03, -2.0303041419112542e-03,
          3.6530605948394673e-03, -2.9868018146439993e-03,
          1.2668976922484015e-02, 3.4891303221127948e-03,
          8.2074761357697496e-03, 2.4801693145217324e-03,
          1.6623317602760795e-02, -1.0080971408921498e-03,
          -1.9035213267376014e-03, 3.5003647307684121e-03,
          -3.0212696704415994e-03, 1.8037170105149028e-03,
          3.9655652405890886e-05, 1.8962895799625428e-03,
          -1.4228713126150986e-03, -1.0080971408921503e-03,
          9.2245504208438037e-02, 4.1119601678220259e-04,
          1.1540590621778909e-03, 1.9909792669159719e-03,
          -2.9489917773397969e-03, -2.1097747413755712e-04,
          -7.5245538934991555e-04, -2.0303041419112537e-03,
          -1.9035213267376014e-03, 4.1119601678220270e-04,
          4.1709416058356708e-03, -4.8278361168930303e-03,
          1.5575517429375392e-04, 3.8747927496941880e-03,
          2.0015040906094074e-03, 4.4451016120394182e-03,
          3.6530605948394677e-03, 3.5003647307684121e-03,
          1.1540590621778911e-03, -4.8278361168930294e-03,
          2.1755721495216866e-02, -3.0545902974466058e-03,
          -7.5057720798130828e-04, -2.5845066508939649e-03,
          -9.7432683664467022e-03, -2.9868018146439997e-03,
          -3.0212696704415994e-03, 1.9909792669159732e-03,
          1.5575517429375376e-04, -3.0545902974466058e-03,
          5.9152252261955980e-02 ]
   - !!opencv-matrix
      rows: 9
      cols: 9
      dt: d
      data: [ 5.9756391386062457e-01, 3.6553405655898419e-01,
          3.2693186061878945e-02, -3.4506324183553681e-03,
          8.6315131332719841e-02, 3.4079170743098408e-02,
          -3.8599505772938997e-02, 6.4125734473980442e-02,
          8.0336562249526650e-02, 3.6553405655898419e-01,
          1.4838018840885536e+00, -1.1981991562667765e-01,
          3.7152179248630973e-01, 3.0687109741187374e-01,
          -4.5187796153254613e-02, -1.7656290293540136e-01,
          2.7198238415463971e-01, -1.1480252130852237e-01,
          3.2693186061878959e-02, -1.1981991562667765e-01,
          3.0602377785878365e-01, 3.3070648772862171e-02,
          -1.9979055233564646e-02, 6.4884091622149059e-02,
          5.3261895742319522e-02, 6.5705541858769853e-02,
          1.2144298345434717e-02, -3.4506324183553681e-03,
          3.7152179248630973e-01, 3.3070648772862157e-02,
          5.1381667479549786e-01, 7.4216812549535147e-02,
          7.0360353985560481e-02, -6.8756674763823300e-02,
          1.4064302672427989e-01, -8.1454549853916342e-02,
          8.6315131332719813e-02, 3.0687109741187374e-01,
          -1.9979055233564642e-02, 7.4216812549535160e-02,
          4.2742807357673673e-01, -3.2155277380834672e-02,
          -3.9906175744917052e-03, 7.3993579173195295e-02,
          4.8018239190168323e-02, 3.4079170743098408e-02,
          -4.5187796153254634e-02, 6.4884091622149059e-02,
          7.0360353985560467e-02, -3.2155277380834665e-02,
          2.6588124656648199e-01, -1.3773026125131113e-02,
          3.9842895893688092e-02, 4.8773255962294829e-02,
          -3.8599505772938997e-02, -1.7656290293540136e-01,
          5.3261895742319522e-02, -6.8756674763823286e-02,
          -3.9906175744917035e-03, -1.3773026125131108e-02,
          2.0557205459285582e-01, -9.0938015663158331e-02,
          4.9181386836900272e-02, 6.4125734473980442e-02,
          2.7198238415463971e-01, 6.5705541858769853e-02,
          1.4064302672427989e-01, 7.3993579173195295e-02,
          3.9842895893688092e-02, -9.0938015663158331e-02,
          1.8839298427314322e-01, -2.3929032799306093e-02,
          8.0336562249526622e-02, -1.1480252130852237e-01,
          1.2144298345434713e-02, -8.1454549853916342e-02,
          4.8018239190168323e-02, 4.8773255962294829e-02,
          4.9181386836900272e-02, -2.3929032799306086e-02,
          3.4022803428879234e-01 ]
   - !!opencv-matrix
      rows: 9
      cols: 9
      dt: d
      data: [ 7.6036962631749416e-02, 4.1690927485223050e-03,
          5.1139952960824603e-03, 1.0644555832740360e-03,
          1.5252109707743928e-02, -1.0917376881985179e-03,
          1.9774750208594732e-03, -1.8617316795000475e-03,
          -1.0813667826172791e-02, 4.1690927485223050e-03,
          5.5300213929247383e-03, 8.1242106681868320e-03,
          2.2917187963435066e-03, 3.2748473597402159e-03,
          9.1884747061694502e-04, -5.5119841147674773e-05,
          2.6533156215889967e-03, -4.9319448227461253e-03,
          5.1139952960824638e-03, 8.1242106681868320e-03,
          7.9580093744980138e-02, -1.7012028212312054e-03,
          5.7802158582737195e-03, 1.2868159543753552e-03,
          6.1451541465012201e-04, 6.8136975632111596e-03,
          -1.3929970306386230e-02, 1.0644555832740362e-03,
          2.2917187963435071e-03, -1.7012028212312063e-03,
          3.1905320863411926e-02, 1.0320315192673295e-03,
          -3.3682335673755706e-03, -2.6434750917923595e-03,
          2.8991279191651629e-03, -4.9640021159110094e-03,
          1.5252109707743928e-02, 3.2748473597402155e-03,
          5.7802158582737212e-03, 1.0320315192673297e-03,
          1.0095759513865999e-02, -2.0116098482714636e-03,
