%YAML:1.0
---
groups:
   - intact
   - CD19
   - blast
intactGmmnames:
   - "intact.748.0"
   - "intact.748.1"
   - "intact.748.2"
   - "intact.748.3"
   - "intact.748.4"
intactLabels:
   - FSC-A
   - SSC-A
   - CD20
   - CD10
   - CD45
   - CD34
   - SYTO41
   - CD19
   - CD38
intactMu: !!opencv-matrix
   rows: 5
   cols: 9
   dt: d
   data: [ 1.4368565860950182e+00, 3.8453025583699058e-01,
       8.9656914790511111e-01, 9.2082096331226126e-01,
       3.5087106000512978e+00, 1.0796896797789954e+00,
       3.2942493461659823e+00, 1.1718857540484655e+00,
       1.7973730002167128e+00, 2.1557469212524594e+00,
       3.2460781687956799e+00, 1.1253148468956773e+00,
       1.8412933778437668e+00, 2.5601711265807658e+00,
       1.1014845937673583e+00, 3.5051144126207139e+00,
       1.4515593557318012e+00, 1.5355019909075496e+00,
       1.0345151184728152e+00, 5.7624733610490120e-01,
       8.9019272962580109e-01, 9.6256730697251358e-01,
       1.4920297825248809e+00, 1.2195341943933382e+00,
       2.8853973678110338e+00, 1.0949970758335799e+00,
       1.4874330964795559e+00, 7.3905106579070323e-01,
       2.2402778977602228e-01, 7.7128704631361400e-01,
       7.4599222414035093e-01, 3.3007496506542759e+00,
       1.0780011090354813e+00, 3.8803526308330092e+00,
       8.7562502162134437e-01, 1.7735690291301254e+00,
       1.7328054828289212e+00, 1.4285292630142756e+00,
       1.1992631399297959e+00, 1.2651713160847262e+00,
       2.8309715862703517e+00, 1.3365999693348869e+00,
       3.6387630034289185e+00, 1.1445191926499858e+00,
       2.0788091626710599e+00 ]
intactSigma:
   - !!opencv-matrix
      rows: 9
      cols: 9
      dt: d
      data: [ 1.3533959800873616e-01, 8.8877546524228704e-04,
          4.0328105951187541e-03, 9.0615193874517535e-04,
          1.1183559520162478e-02, -3.5013503589874065e-03,
          -6.1743374340337597e-03, -3.8708092220433426e-04,
          -2.2379550699166927e-02, 8.8877546524228704e-04,
          2.1583831331762292e-02, 1.0362919877469177e-02,
          7.5442882545770839e-03, 5.3445586186347711e-03,
          3.3121303490988561e-03, -2.5065856731122101e-02,
          1.0772521761858493e-02, 1.2703054482632354e-02,
          4.0328105951187524e-03, 1.0362919877469175e-02,
          7.5962412424585027e-02, -8.3837573869122270e-04,
          3.0170735692109890e-03, -5.0404261366141379e-04,
          -1.0735483184169885e-02, 5.7519901765670858e-03,
          -5.4813425648426719e-03, 9.0615193874517557e-04,
          7.5442882545770831e-03, -8.3837573869122248e-04,
          3.5501382294557515e-02, 3.0678993130037243e-03,
          -2.8702535938159067e-03, -1.4912402656768495e-02,
          6.5313672682052980e-03, -1.2797598988721702e-03,
          1.1183559520162480e-02, 5.3445586186347711e-03,
          3.0170735692109890e-03, 3.0678993130037247e-03,
          1.1196426410365282e-02, -1.2789893440684611e-03,
          -1.5220761882864467e-02, 5.3829837361847261e-03,
          -4.9887965514432463e-03, -3.5013503589874095e-03,
          3.3121303490988570e-03, -5.0404261366141325e-04,
          -2.8702535938159059e-03, -1.2789893440684622e-03,
          1.5175982003340885e-01, -3.1089435263971588e-03,
          3.9080354327373727e-03, 3.7569317182464335e-03,
          -6.1743374340337597e-03, -2.5065856731122101e-02,
          -1.0735483184169885e-02, -1.4912402656768495e-02,
          -1.5220761882864467e-02, -3.1089435263971588e-03,
          1.0244240202359782e-01, -3.2378811090482143e-02,
          -6.1177066777482574e-03, -3.8708092220433426e-04,
          1.0772521761858493e-02, 5.7519901765670858e-03,
          6.5313672682052980e-03, 5.3829837361847269e-03,
          3.9080354327373735e-03, -3.2378811090482136e-02,
          2.4926028297471720e-02, 6.3755185611767001e-04,
          -2.2379550699166927e-02, 1.2703054482632353e-02,
          -5.4813425648426719e-03, -1.2797598988721717e-03,
          -4.9887965514432454e-03, 3.7569317182464352e-03,
          -6.1177066777482591e-03, 6.3755185611766979e-04,
          1.7465940622038062e-01 ]
   - !!opencv-matrix
      rows: 9
      cols: 9
      dt: d
      data: [ 6.2123858348815986e-01, 1.7400150358741329e-01,
          5.4396028840749434e-02, -1.0034804034758438e-01,
          4.7235503318733628e-02, 7.0548798856060607e-04,
          -1.6355550942245205e-02, 3.2080628260334275e-02,
          9.7005644665213286e-03, 1.7400150358741329e-01,
          4.2283111019551750e-01, 4.7286595747102450e-02,
          1.1778740146553954e-01, 4.3628349189853650e-02,
          1.3645642335447244e-02, -7.6523711029721372e-02,
          9.5807864533107148e-02, -1.3899949516208468e-02,
          5.4396028840749434e-02, 4.7286595747102450e-02,
          6.5529609937903091e-02, -2.1420782226731407e-02,
          6.7416440823158978e-03, 7.5912579952856721e-03,
          -1.6986945119623956e-02, 1.5026832269288526e-02,
          3.8092201185807263e-03, -1.0034804034758438e-01,
          1.1778740146553954e-01, -2.1420782226731407e-02,
          2.8695569021033523e-01, 3.4706207571115380e-02,
          -9.9306617943646473e-04, -1.4136052027308261e-02,
          2.4226321759309964e-02, -1.8218551897922521e-02,
          4.7235503318733628e-02, 4.3628349189853650e-02,
          6.7416440823158978e-03, 3.4706207571115380e-02,
          6.1357106862161621e-02, -1.2817271093258479e-03,
          -1.3957261356099602e-02, 1.3450277466885959e-02,
          -1.3346196750709770e-03, 7.0548798856060466e-04,
          1.3645642335447249e-02, 7.5912579952856739e-03,
          -9.9306617943646538e-04, -1.2817271093258473e-03,
          7.5203326540893498e-02, 1.4649520852759326e-03,
          -1.3170174321809104e-04, 1.4903447428030617e-03,
          -1.6355550942245205e-02, -7.6523711029721372e-02,
          -1.6986945119623956e-02, -1.4136052027308263e-02,
          -1.3957261356099602e-02, 1.4649520852759313e-03,
          1.2195221099131598e-01, -6.1171131679061352e-02,
          6.6033078289932951e-03, 3.2080628260334275e-02,
          9.5807864533107148e-02, 1.5026832269288522e-02,
          2.4226321759309964e-02, 1.3450277466885961e-02,
          -1.3170174321809066e-04, -6.1171131679061345e-02,
          5.6645259807573976e-02, -9.0056224452809541e-03,
          9.7005644665213320e-03, -1.3899949516208468e-02,
          3.8092201185807258e-03, -1.8218551897922531e-02,
          -1.3346196750709770e-03, 1.4903447428030617e-03,
          6.6033078289932951e-03, -9.0056224452809575e-03,
          1.8823473232983348e-02 ]
   - !!opencv-matrix
      rows: 9
      cols: 9
      dt: d
      data: [ 4.0608741512483831e-01, 1.2682148449226632e-01,
          1.6187804974601781e-02, 3.8846040990550654e-02,
          1.0680721475304544e-01, 3.3520163850125635e-02,
          -2.4025593782307592e-01, 8.8213415955609817e-02,
          -6.5898227528224202e-03, 1.2682148449226632e-01,
          1.2647987954251130e-01, 2.5045725456338031e-02,
          2.6140342349603881e-02, 8.7722981946376885e-02,
          4.5707565868076304e-02, -8.8670346051057475e-02,
          5.5006692708587546e-02, -3.1551010803618755e-04,
          1.6187804974601778e-02, 2.5045725456338031e-02,
          1.0118174248453565e-01, 1.1306204686942562e-02,
          7.4192709103174641e-03, 1.1725093806697557e-02,
          2.0560239691210642e-02, 1.0951518944727116e-02,
          1.2569676222276072e-03, 3.8846040990550654e-02,
          2.6140342349603888e-02, 1.1306204686942562e-02,
          4.3880310928313328e-02, 2.6585834301626407e-02,
          4.8986950569076051e-03, -5.2903397148900667e-02,
          2.8716779317426194e-02, -2.9014340249554561e-03,
          1.0680721475304544e-01, 8.7722981946376885e-02,
          7.4192709103174615e-03, 2.6585834301626407e-02,
          1.7111325897558419e-01, 4.7301089443890658e-02,
