%YAML:1.0
---
groups:
   - intact
   - CD19
intactGmmnames:
   - "intact.751.0"
   - "intact.751.1"
   - "intact.751.2"
   - "intact.751.3"
   - "intact.751.4"
intactLabels:
   - FSC-A
   - SSC-A
   - CD20
   - CD10
   - CD45
   - CD34
   - SYTO41
   - CD19
   - CD38
intactMu: !!opencv-matrix
   rows: 5
   cols: 9
   dt: d
   data: [ 2.1064549006588980e+00, 3.7090777425460693e+00,
       1.3130658077093140e+00, 2.7364843823145040e+00,
       2.9797542343073902e+00, 1.1393058384588963e+00,
       2.5898578584219489e+00, 1.6655495833647460e+00,
       1.4975642634927013e+00, 1.0327816064222834e+00,
       3.3772827566994218e-01, 9.5450391836695603e-01,
       8.5879660717124107e-01, 3.4340229981244401e+00,
       1.0114025969251150e+00, 2.9565277463227053e+00,
       1.0795441112158799e+00, 1.8105741875090646e+00,
       1.5786917050448934e+00, 3.2257184726645050e+00,
       1.1704799630676523e+00, 2.7676729449781217e+00,
       2.9091343401208261e+00, 1.1113958834134943e+00,
       2.7487646253717544e+00, 1.5576736625088006e+00,
       1.4715892007434794e+00, 9.6985369376366637e-01,
       5.9318019497944940e-01, 9.5619071559826108e-01,
       9.9737559259747455e-01, 1.7948223486369370e+00,
       1.1152081849902005e+00, 2.3416214698619986e+00,
       1.0901392220964372e+00, 1.5227650134529518e+00,
       1.9461018096080578e+00, 1.7794569804103846e+00,
       1.3446481785479043e+00, 1.3680826797618681e+00,
       2.7915653115850900e+00, 1.2255993088923489e+00,
       2.6584979014392118e+00, 1.3925717812959597e+00,
       1.9116981015405863e+00 ]
intactSigma:
   - !!opencv-matrix
      rows: 9
      cols: 9
      dt: d
      data: [ 4.2445734288053288e-01, 1.1338295861650888e-01,
          1.4295596659184671e-02, -4.6768891393085398e-02,
          -5.6343129856335815e-03, 9.5837449440000552e-03,
          1.3996751393585102e-02, 2.6403569386412938e-02,
          2.1127294993322924e-03, 1.1338295861650891e-01,
          2.2186777976879851e-01, 1.3971176015970992e-02,
          7.5361330396617830e-03, 2.5376439926789174e-03,
          2.6110992067755450e-03, 1.1800747371133444e-02,
          3.4835025598545136e-02, -1.0955803192048267e-03,
          1.4295596659184671e-02, 1.3971176015970995e-02,
          2.8514025251839714e-02, 3.9602772304374685e-03,
          3.4976394423100166e-03, 4.7530773377128105e-04,
          1.5996582107158420e-03, 2.4090959138257455e-03,
          1.1145911619012095e-03, -4.6768891393085398e-02,
          7.5361330396617830e-03, 3.9602772304374676e-03,
          7.9909401970025773e-02, 1.8218475619494429e-02,
          1.1600583374732543e-03, -1.6896378250698294e-03,
          2.5881017484253172e-03, 8.7889672010358505e-04,
          -5.6343129856335798e-03, 2.5376439926789165e-03,
          3.4976394423100175e-03, 1.8218475619494433e-02,
          2.0270800082342964e-02, -7.3809964822717656e-04,
          -4.5793366008243451e-04, 1.0466960711719251e-03,
          -3.7553054980991513e-03, 9.5837449440000569e-03,
          2.6110992067755441e-03, 4.7530773377128165e-04,
          1.1600583374732547e-03, -7.3809964822717689e-04,
          9.8759587075858329e-02, -2.8667390593398591e-04,
          3.0918125640499072e-04, 1.4703060107176980e-03,
          1.3996751393585099e-02, 1.1800747371133444e-02,
          1.5996582107158422e-03, -1.6896378250698294e-03,
          -4.5793366008243472e-04, -2.8667390593398618e-04,
          1.7129061889931966e-02, 1.7761391735869499e-03,
          9.1034474407263087e-04, 2.6403569386412938e-02,
          3.4835025598545136e-02, 2.4090959138257455e-03,
          2.5881017484253180e-03, 1.0466960711719246e-03,
          3.0918125640499154e-04, 1.7761391735869503e-03,
          2.1562148397303728e-02, -3.8633787836352745e-03,
          2.1127294993322915e-03, -1.0955803192048258e-03,
          1.1145911619012099e-03, 8.7889672010358548e-04,
          -3.7553054980991513e-03, 1.4703060107176980e-03,
          9.1034474407263109e-04, -3.8633787836352745e-03,
          4.0957692423957325e-02 ]
   - !!opencv-matrix
      rows: 9
      cols: 9
      dt: d
      data: [ 2.0633975632123749e-01, 3.5162433460387638e-02,
          1.6709550663476288e-02, 9.4872051893528150e-03,
          4.9845639646697165e-02, 3.0478335208554918e-03,
          -6.1305889358966713e-02, 1.9672405104142043e-02,
          3.1437521720551448e-02, 3.5162433460387645e-02,
          2.1983387012888777e-02, 7.8046848294829061e-03,
          5.8708315332878531e-03, 1.1940145091030353e-02,
          2.4145749710686787e-03, -2.2538892888844593e-02,
          7.6097047334941119e-03, 2.2506011391722675e-02,
          1.6709550663476288e-02, 7.8046848294829061e-03,
          6.2486780173557702e-02, -4.5442191814143015e-03,
          5.4984123004670950e-03, 7.4148763746724033e-04,
          -3.4111849217482466e-03, 3.4554351642276204e-03,
          -6.4277840404998099e-03, 9.4872051893528150e-03,
          5.8708315332878531e-03, -4.5442191814143006e-03,
          4.9539908248509443e-02, 3.2981838157174173e-03,
          -2.7516740592534216e-03, -5.0638356345366559e-03,
          1.8568992560044411e-03, 1.4844091718687227e-03,
          4.9845639646697179e-02, 1.1940145091030349e-02,
          5.4984123004670933e-03, 3.2981838157174173e-03,
          2.1976930558708967e-02, -2.2977168930472316e-03,
          -1.9665305339645951e-02, 5.8541472475653012e-03,
          6.5546806762640381e-03, 3.0478335208554918e-03,
          2.4145749710686791e-03, 7.4148763746724044e-04,
          -2.7516740592534229e-03, -2.2977168930472316e-03,
          1.1515230740863015e-01, -5.9964036400512500e-04,
          3.4171987680496519e-03, 5.2596576700883095e-03,
          -6.1305889358966713e-02, -2.2538892888844596e-02,
          -3.4111849217482492e-03, -5.0638356345366559e-03,
          -1.9665305339645951e-02, -5.9964036400512544e-04,
          5.9893477822175842e-02, -1.1411313670556335e-02,
          -3.9597985874446198e-02, 1.9672405104142039e-02,
          7.6097047334941119e-03, 3.4554351642276213e-03,
          1.8568992560044411e-03, 5.8541472475653004e-03,
          3.4171987680496519e-03, -1.1411313670556335e-02,
          2.4042492225012233e-02, 6.1501819296378418e-03,
          3.1437521720551462e-02, 2.2506011391722675e-02,
          -6.4277840404998099e-03, 1.4844091718687227e-03,
          6.5546806762640381e-03, 5.2596576700883113e-03,
          -3.9597985874446205e-02, 6.1501819296378409e-03,
          2.0604059289466017e-01 ]
   - !!opencv-matrix
      rows: 9
      cols: 9
      dt: d
      data: [ 2.8920524624871258e-01, 2.2886673884940406e-01,
          1.7282876343862452e-02, 1.2547000381640710e-04,
          1.7885757207031006e-02, 3.4395775171759866e-03,
          3.9560303931282424e-02, 3.7941885079163587e-02,
          4.7061635461761861e-03, 2.2886673884940406e-01,
          4.2335950048222232e-01, 2.7150358484124542e-02,
          7.7602585071285925e-03, 1.4688473136005869e-02,
          4.3132237863822490e-03, 3.5108688865054485e-02,
          6.8027920968281058e-02, -2.4761505959639530e-03,
          1.7282876343862448e-02, 2.7150358484124549e-02,
          6.1314922664539626e-02, 2.0565304533033553e-03,
          -2.3237868694756230e-03, 2.2705985685424397e-03,
          1.1082884154545171e-02, 4.9656669298438830e-03,
          3.5067590601562082e-04, 1.2547000381640805e-04,
          7.7602585071285899e-03, 2.0565304533033553e-03,
          5.7351468945570826e-02, 2.1873214926388534e-02,
          6.1153765471407028e-04, -8.8281375337476691e-03,
          3.9004261659652015e-03, 1.3664029940248269e-03,
          1.7885757207031009e-02, 1.4688473136005874e-02,
          -2.3237868694756221e-03, 2.1873214926388534e-02,
          4.6159588894610699e-02, -1.9248079634751607e-03,
          1.0942526554445335e-03, 3.2600863469335853e-03,
