%YAML:1.0
---
groups:
   - intact
   - CD19
   - blast
intactGmmnames:
   - "intact.758.0"
   - "intact.758.1"
   - "intact.758.2"
   - "intact.758.3"
   - "intact.758.4"
intactLabels:
   - FSC-A
   - SSC-A
   - CD20
   - CD10
   - CD45
   - CD34
   - SYTO41
   - CD19
   - CD38
intactMu: !!opencv-matrix
   rows: 5
   cols: 9
   dt: d
   data: [ 2.1364758604822787e+00, 1.8528582084301297e+00,
       1.1899731869979133e+00, 1.4144497553250370e+00,
       3.1796327995467784e+00, 1.3514548600213878e+00,
       3.7289961204275399e+00, 1.1752911625663440e+00,
       2.2510468300732560e+00, 1.2696509216654164e+00,
       3.7926980389204296e-01, 9.1275462191845624e-01,
       8.2865084121713328e-01, 3.7077612332946854e+00,
       1.0734257122434137e+00, 3.7340426218252047e+00,
       9.2237176274353339e-01, 1.6309482740089987e+00,
       2.9943619388247793e+00, 3.5480767749347031e+00,
       1.0766987995966135e+00, 2.1872199486454629e+00,
       2.8152899523104962e+00, 1.1459226811087571e+00,
       3.9714460739827451e+00, 1.1651769464526283e+00,
       1.7267663334773182e+00, 1.5204031844253467e+00,
       5.9312959263633258e-01, 9.2441400939401352e-01,
       8.6003894127827241e-01, 3.7750675854474105e+00,
       1.1695297634607686e+00, 3.6037665874285634e+00,
       1.0329990409322480e+00, 2.2845471954729328e+00,
       9.4542624067777892e-01, 4.2565535102543756e-01,
       8.8918365179428227e-01, 8.3324814311635798e-01,
       1.3823722393841320e+00, 1.1205977356458394e+00,
       3.8099258470163457e+00, 7.0090829844174862e-01,
       1.5770416833026608e+00 ]
intactSigma:
   - !!opencv-matrix
      rows: 9
      cols: 9
      dt: d
      data: [ 6.4210873640014399e-01, 5.1584517024482901e-01,
          6.9729759266360325e-02, 3.7320688848879104e-02,
          9.0927066057751721e-02, 3.2183228199650540e-02,
          -6.6076900523246536e-03, 9.0846758643988348e-02,
          8.5950099370907779e-02, 5.1584517024482901e-01,
          1.3005542861263759e+00, 1.4811742892889948e-01,
          2.1107528307443571e-01, 1.0422552276671526e-02,
          1.7158647158280936e-02, 2.5109976942858884e-02,
          2.2161275163188682e-01, 1.0033150565094429e-01,
          6.9729759266360325e-02, 1.4811742892889948e-01,
          2.6273802304435578e-01, 9.6960331125291885e-02,
          -5.4608554293321739e-02, 7.3670087315873517e-02,
          2.0260254533853557e-02, 8.5538881140497069e-02,
          9.3594788817534368e-03, 3.7320688848879104e-02,
          2.1107528307443574e-01, 9.6960331125291885e-02,
          3.6415598731096066e-01, -1.0144711403894132e-02,
          4.1017924396384998e-02, -9.9546635235947638e-03,
          7.6173061415238774e-02, -1.0412068213346407e-01,
          9.0927066057751693e-02, 1.0422552276671526e-02,
          -5.4608554293321725e-02, -1.0144711403894139e-02,
          4.2040046878396808e-01, 6.2958651338628187e-03,
          1.6634568757411606e-03, 3.3733963581418634e-02,
          1.3068871965402012e-01, 3.2183228199650547e-02,
          1.7158647158280943e-02, 7.3670087315873503e-02,
          4.1017924396384998e-02, 6.2958651338628187e-03,
          2.9984124305723453e-01, -2.2412998910980981e-03,
          2.2269928798512955e-02, 9.1557708872514590e-02,
          -6.6076900523246536e-03, 2.5109976942858884e-02,
          2.0260254533853557e-02, -9.9546635235947638e-03,
          1.6634568757411604e-03, -2.2412998910980994e-03,
          7.8577207972077942e-02, -3.9775967659022561e-02,
          -1.2504450296685813e-02, 9.0846758643988321e-02,
          2.2161275163188682e-01, 8.5538881140497069e-02,
          7.6173061415238774e-02, 3.3733963581418634e-02,
          2.2269928798512955e-02, -3.9775967659022561e-02,
          1.5545497477273043e-01, 2.8871340488181005e-02,
          8.5950099370907793e-02, 1.0033150565094430e-01,
          9.3594788817534334e-03, -1.0412068213346407e-01,
          1.3068871965402010e-01, 9.1557708872514590e-02,
          -1.2504450296685813e-02, 2.8871340488181012e-02,
          3.5710151894484804e-01 ]
   - !!opencv-matrix
      rows: 9
      cols: 9
      dt: d
      data: [ 1.0103115950390086e-01, 1.2220517224752862e-02,
          9.5647947908660130e-03, 9.7977839856903670e-03,
          1.3783887808503457e-02, -1.8731962104710021e-03,
          -2.4672524553130154e-02, 1.8341975191656000e-02,
          -1.6663937265039827e-02, 1.2220517224752862e-02,
          1.7351563539465212e-02, 9.2254595824980967e-03,
          7.1509848035579580e-03, 8.1202992422755860e-03,
          -8.5584947995802710e-04, -1.2078222028040432e-02,
          1.2776948462415717e-02, -1.1679002350427348e-02,
          9.5647947908660113e-03, 9.2254595824980967e-03,
          7.8919230381416863e-02, -3.9360739357308661e-03,
          4.9571041032228595e-03, 1.3038044606286249e-03,
          -6.5912675472043674e-03, 7.4377943744192120e-03,
          -9.0554917580188167e-03, 9.7977839856903670e-03,
          7.1509848035579589e-03, -3.9360739357308669e-03,
          4.1691460690277321e-02, 4.6563016163598371e-03,
          -5.5334827742084718e-03, -1.0058481186196495e-02,
          8.1883755262443306e-03, -7.2642038212959543e-03,
          1.3783887808503457e-02, 8.1202992422755842e-03,
          4.9571041032228612e-03, 4.6563016163598371e-03,
          1.0946037585458795e-02, -3.1362230009775328e-03,
          -9.7432433457821932e-03, 9.1364135623520984e-03,
          -8.8507313039743792e-03, -1.8731962104710028e-03,
          -8.5584947995802742e-04, 1.3038044606286257e-03,
          -5.5334827742084718e-03, -3.1362230009775323e-03,
          1.3286276518073689e-01, 2.1037630277663815e-03,
          -4.2536998444158400e-05, 4.2982978282382102e-03,
          -2.4672524553130154e-02, -1.2078222028040432e-02,
          -6.5912675472043674e-03, -1.0058481186196495e-02,
          -9.7432433457821932e-03, 2.1037630277663815e-03,
          2.5329138404145218e-02, -1.9835840836486839e-02,
          1.3267919985635661e-02, 1.8341975191656007e-02,
          1.2776948462415717e-02, 7.4377943744192120e-03,
          8.1883755262443306e-03, 9.1364135623520984e-03,
          -4.2536998444158657e-05, -1.9835840836486839e-02,
          3.3443702785286362e-02, -1.5539210222281229e-02,
          -1.6663937265039827e-02, -1.1679002350427348e-02,
          -9.0554917580188184e-03, -7.2642038212959560e-03,
          -8.8507313039743792e-03, 4.2982978282382111e-03,
          1.3267919985635661e-02, -1.5539210222281229e-02,
          6.0066087484595597e-02 ]
   - !!opencv-matrix
      rows: 9
      cols: 9
      dt: d
      data: [ 4.0759588132382379e-01, 1.2179793940518069e-01,
          2.1962003584671239e-02, -1.5582590103133087e-02,
          -5.4626300065200176e-03, 6.9114819572829956e-03,
          -1.0831848014990460e-02, 3.7171964878076599e-02,
          1.3019092133178551e-03, 1.2179793940518069e-01,
          2.9410631312678243e-01, 3.3671579615989482e-02,
          3.7402689144164822e-02, 9.7458768010373585e-03,
          5.2059930920607721e-03, -1.8581318386025492e-02,
          7.2685016084423751e-02, 5.8623918536707224e-03,
          2.1962003584671239e-02, 3.3671579615989482e-02,
          7.7333600066247107e-02, 2.5399722906091758e-03,
          1.3605410988416175e-03, 5.9137647506371581e-04,
          -2.1459713261127531e-03, 9.0595304951300616e-03,
          1.7075357820230492e-03, -1.5582590103133087e-02,
          3.7402689144164808e-02, 2.5399722906091771e-03,
          1.0101880926530930e-01, 2.1291622195595297e-02,
          1.0143610665957141e-03, -3.7098445680108730e-03,
          1.0862289377467653e-02, 2.9233397640889455e-06,
          -5.4626300065200185e-03, 9.7458768010373602e-03,
          1.3605410988416175e-03, 2.1291622195595297e-02,
          2.5584239686125065e-02, -1.4663698905362089e-03,
