%YAML:1.0
---
groups:
   - intact
   - CD19
   - blast
intactGmmnames:
   - "intact.760.0"
   - "intact.760.1"
   - "intact.760.2"
   - "intact.760.3"
   - "intact.760.4"
intactLabels:
   - FSC-A
   - SSC-A
   - CD20
   - CD10
   - CD45
   - CD34
   - SYTO41
   - CD19
   - CD38
intactMu: !!opencv-matrix
   rows: 5
   cols: 9
   dt: d
   data: [ 2.2627915546161375e+00, 2.7195514073333742e+00,
       1.5304873053591079e+00, 2.3947315871692449e+00,
       3.3950152176681967e+00, 1.4012679491867168e+00,
       3.2784861615849086e+00, 1.6274006605608535e+00,
       1.8766381599378172e+00, 1.1811671406364144e+00,
       2.9578301178365757e-01, 1.0533544839266626e+00,
       9.3388560180332336e-01, 3.6156601107723434e+00,
       1.1886613580554268e+00, 3.3436211516067655e+00,
       1.0541543249142740e+00, 2.0129028716778370e+00,
       1.6211721973376616e+00, 5.0075737158116562e-01,
       1.2449413169688663e+00, 1.0639169258307444e+00,
       3.7814683395770055e+00, 1.1929088312471798e+00,
       3.0902898031735262e+00, 1.2376366698463916e+00,
       1.5628056507663723e+00, 1.2829093337254216e+00,
       7.5123562261902477e-01, 1.2319664138331261e+00,
       1.0928349080832509e+00, 1.6242729541470691e+00,
       1.3298380104208256e+00, 3.1686497460482994e+00,
       9.9676464158636413e-01, 1.5561630785689899e+00,
       1.7421983850034302e+00, 5.8887571184295062e-01,
       1.0956958131556074e+00, 1.0503543946242646e+00,
       3.7970072355007711e+00, 1.2139821349905071e+00,
       3.0061349182781250e+00, 1.2868385395552742e+00,
       2.3086955764859738e+00 ]
intactSigma:
   - !!opencv-matrix
      rows: 9
      cols: 9
      dt: d
      data: [ 6.9139389173720844e-01, 3.2321247101901907e-01,
          5.0203385246472831e-02, 4.8003911194533282e-02,
          5.0528081281772573e-02, 1.6930037429891218e-02,
          -2.9434468815588463e-02, 5.1384670667336194e-02,
          2.8820545883370251e-02, 3.2321247101901907e-01,
          1.3168102977076512e+00, 7.5955123657431650e-02,
          5.1129035197428319e-01, -1.2552280565778981e-01,
          6.3789793767810498e-04, -6.7005394320212491e-02,
          2.4627718917234473e-01, -1.5526422414133118e-01,
          5.0203385246472831e-02, 7.5955123657431636e-02,
          1.0334682678969653e-01, 2.7263941278885626e-02,
          9.1277515840395979e-03, 2.3631790366895198e-02,
          4.5265987605897741e-03, 4.8077405192741937e-02,
          4.2158884572701507e-03, 4.8003911194533289e-02,
          5.1129035197428319e-01, 2.7263941278885616e-02,
          5.1190179518418277e-01, -3.3372198037822452e-02,
          -1.0822610853000653e-02, -4.3208454229287645e-02,
          1.2148531367402210e-01, -1.0771333457510486e-01,
          5.0528081281772587e-02, -1.2552280565778981e-01,
          9.1277515840395979e-03, -3.3372198037822452e-02,
          1.2105553647434936e-01, 2.6993007455768034e-03,
          7.7488239955546415e-03, -6.7409741555936502e-03,
          2.3130398283710128e-02, 1.6930037429891218e-02,
          6.3789793767810878e-04, 2.3631790366895198e-02,
          -1.0822610853000653e-02, 2.6993007455768043e-03,
          1.6800234132242053e-01, 2.6161474821347992e-03,
          -2.9041011292020359e-03, 4.0078039973644862e-02,
          -2.9434468815588456e-02, -6.7005394320212450e-02,
          4.5265987605897749e-03, -4.3208454229287638e-02,
          7.7488239955546398e-03, 2.6161474821348009e-03,
          9.3623560231659908e-02, -3.8755135285333808e-02,
          2.3123035381260332e-02, 5.1384670667336194e-02,
          2.4627718917234476e-01, 4.8077405192741937e-02,
          1.2148531367402207e-01, -6.7409741555936511e-03,
          -2.9041011292020350e-03, -3.8755135285333808e-02,
          1.1960713487289577e-01, -3.5587714690596496e-02,
          2.8820545883370251e-02, -1.5526422414133118e-01,
          4.2158884572701498e-03, -1.0771333457510485e-01,
          2.3130398283710121e-02, 4.0078039973644876e-02,
          2.3123035381260332e-02, -3.5587714690596503e-02,
          1.9513484131767869e-01 ]
   - !!opencv-matrix
      rows: 9
      cols: 9
      dt: d
      data: [ 8.1399708177231203e-02, 4.6549478629148251e-03,
          5.9612254917187852e-03, 7.7296237369413401e-03,
          1.5605097756154760e-02, -3.0649276759784462e-03,
          -2.9676005165706332e-02, 1.1408347327583890e-02,
          1.3568044937990634e-03, 4.6549478629148268e-03,
          4.9348563409160320e-03, 5.4756445805442472e-03,
          2.2860658317978935e-03, 2.3938740662102806e-03,
          8.5782152902372059e-04, -3.3280066282155292e-03,
          2.5850113884387880e-03, -1.5469736676762625e-03,
          5.9612254917187860e-03, 5.4756445805442472e-03,
          9.1511250843581221e-02, -6.5213859983530619e-03,
          3.5222320006434646e-03, 3.5912061954204628e-03,
          -1.2821371265118856e-03, 3.3858456955598495e-03,
          -5.2050951857685202e-03, 7.7296237369413419e-03,
          2.2860658317978935e-03, -6.5213859983530636e-03,
          5.8383743611274672e-02, 3.4591879422949186e-03,
          -5.8106235036946199e-03, -5.5534561869731132e-03,
          3.1833954547797064e-03, 7.2936900627907884e-03,
          1.5605097756154757e-02, 2.3938740662102806e-03,
          3.5222320006434646e-03, 3.4591879422949199e-03,
          8.5463014493319025e-03, -1.7439871487172850e-03,
          -7.4442455680944477e-03, 3.8348365942370908e-03,
          -1.1719222554980953e-03, -3.0649276759784436e-03,
          8.5782152902372059e-04, 3.5912061954204602e-03,
          -5.8106235036946225e-03, -1.7439871487172848e-03,
          1.2584597522322083e-01, 1.7690493818312502e-03,
          3.0485957400085873e-03, 2.3801882895145452e-03,
          -2.9676005165706332e-02, -3.3280066282155287e-03,
          -1.2821371265118856e-03, -5.5534561869731158e-03,
          -7.4442455680944477e-03, 1.7690493818312493e-03,
          2.7310958070763731e-02, -1.0175224119474038e-02,
          -2.0658920820405316e-03, 1.1408347327583890e-02,
          2.5850113884387880e-03, 3.3858456955598495e-03,
          3.1833954547797051e-03, 3.8348365942370908e-03,
          3.0485957400085851e-03, -1.0175224119474038e-02,
          3.4983335511775973e-02, -4.8440056161656916e-03,
          1.3568044937990649e-03, -1.5469736676762627e-03,
          -5.2050951857685202e-03, 7.2936900627907919e-03,
          -1.1719222554980948e-03, 2.3801882895145431e-03,
          -2.0658920820405321e-03, -4.8440056161656898e-03,
          1.3520087468026509e-01 ]
   - !!opencv-matrix
      rows: 9
      cols: 9
      dt: d
      data: [ 1.2605122298215599e-01, 1.3062788125946211e-02,
          3.2716929654135075e-03, -1.7194266522161858e-04,
          9.6821607340747632e-03, 4.0259710060755695e-03,
          -2.1625713140224965e-02, 5.8193654740444278e-03,
          -1.3703832810982400e-02, 1.3062788125946211e-02,
          1.9345599992234636e-02, 7.5938244671058036e-03,
          2.7338849355834720e-03, 8.1119512703076747e-03,
          7.3603813603675102e-03, -8.2822374914475576e-03,
          8.9023649800601713e-03, -9.3378465675474543e-04,
          3.2716929654135049e-03, 7.5938244671058027e-03,
          4.3007507175071936e-02, -5.3419477544252719e-03,
          3.7206008770386744e-03, 3.5581596917728399e-03,
          -2.4453800021829769e-03, 4.1447907917996803e-03,
          1.5812355722141466e-03, -1.7194266522161902e-04,
          2.7338849355834720e-03, -5.3419477544252702e-03,
          6.1820507699268168e-02, 4.6523472667075686e-03,
          -3.4192813532578910e-03, -7.0133391281867975e-03,
          3.2240778330198529e-03, -5.7296537473799153e-03,
          9.6821607340747632e-03, 8.1119512703076747e-03,
          3.7206008770386744e-03, 4.6523472667075686e-03,
          1.1642825725149618e-02, 1.6465889069181658e-03,
