%YAML:1.0
---
groups:
   - intact
   - CD19
   - blast
intactGmmnames:
   - "intact.768.0"
   - "intact.768.1"
   - "intact.768.2"
   - "intact.768.3"
   - "intact.768.4"
intactLabels:
   - FSC-A
   - SSC-A
   - CD20
   - CD10
   - CD45
   - CD34
   - SYTO41
   - CD19
   - CD38
intactMu: !!opencv-matrix
   rows: 5
   cols: 9
   dt: d
   data: [ 1.0189127173813364e+00, 3.7964235752300612e-01,
       9.5540550521732515e-01, 9.4119188063713799e-01,
       1.4212315613576214e+00, 1.0255647537466313e+00,
       3.1179451098510720e+00, 1.1278762775271811e+00,
       1.4851334457186913e+00, 1.9599055223298487e+00,
       1.2504264085204166e+00, 1.2382647889632414e+00,
       1.0499039048392858e+00, 2.3834128310225284e+00,
       1.3523936342238079e+00, 3.3251422904522721e+00,
       1.1993276125968340e+00, 2.0642271824517522e+00,
       1.4626468442022851e+00, 4.2569536867723057e-01,
       1.0103867176611148e+00, 8.5712608965830284e-01,
       3.6429749094406363e+00, 1.0431775824222793e+00,
       3.5174438355044910e+00, 1.0827866510694868e+00,
       1.8340783165243306e+00, 2.0958227219415626e+00,
       3.3405470583085970e+00, 1.2844082393207938e+00,
       2.4802116958444769e+00, 3.1249344647708170e+00,
       1.1322894484503803e+00, 3.3119124980730668e+00,
       1.5362700100576676e+00, 1.5169694002994176e+00,
       2.9837637332145919e+00, 3.2797240344341549e+00,
       1.2703007372957424e+00, 1.1416312803489401e+00,
       2.9575379836138036e+00, 1.0474581813897110e+00,
       3.1708826312339662e+00, 1.5917239230053835e+00,
       1.7992611045181230e+00 ]
intactSigma:
   - !!opencv-matrix
      rows: 9
      cols: 9
      dt: d
      data: [ 7.5165665620980954e-02, 1.7785441311697226e-02,
          1.7215473775796287e-02, 4.8756670735396789e-03,
          1.6896111037530175e-02, 2.2596979861202807e-03,
          -4.0757716552893460e-03, 5.2693504330685254e-03,
          5.7905913691836250e-03, 1.7785441311697226e-02,
          1.3524418402689092e-02, 1.2596627904413049e-02,
          2.4055718119981510e-03, 1.1880165937636774e-02,
          9.7545415305579108e-04, 9.7573342667658675e-03,
          1.4102498333720469e-03, 4.6922678135564435e-03,
          1.7215473775796287e-02, 1.2596627904413051e-02,
          7.5470443804170798e-02, -1.8391783585891843e-03,
          8.9786068081491102e-03, -5.2597976698056745e-03,
          2.4640134145164638e-02, 8.9877981340138720e-04,
          4.4499870376504156e-03, 4.8756670735396780e-03,
          2.4055718119981510e-03, -1.8391783585891839e-03,
          2.1468125158686752e-02, 5.8235668158434740e-03,
          -5.9024639994974194e-05, -2.0907400088323872e-02,
          6.3371441080857559e-03, -2.5416961698469223e-04,
          1.6896111037530172e-02, 1.1880165937636775e-02,
          8.9786068081491085e-03, 5.8235668158434723e-03,
          1.1805672895414734e-01, 6.1900181134192309e-03,
          -2.1083879416166348e-02, 5.0129826802023224e-03,
          8.4497890069243874e-03, 2.2596979861202798e-03,
          9.7545415305579075e-04, -5.2597976698056737e-03,
          -5.9024639994974086e-05, 6.1900181134192317e-03,
          3.7491491057151154e-02, -2.6446328413851847e-02,
          2.3188631564061810e-03, 7.4742303834798201e-04,
          -4.0757716552893460e-03, 9.7573342667658710e-03,
          2.4640134145164638e-02, -2.0907400088323872e-02,
          -2.1083879416166341e-02, -2.6446328413851847e-02,
          2.7378526827859501e-01, -4.6522049391743564e-02,
          1.8073409815611941e-02, 5.2693504330685254e-03,
          1.4102498333720469e-03, 8.9877981340138753e-04,
          6.3371441080857550e-03, 5.0129826802023233e-03,
          2.3188631564061810e-03, -4.6522049391743564e-02,
          1.4094850657447552e-02, -4.1128344670356412e-03,
          5.7905913691836250e-03, 4.6922678135564435e-03,
          4.4499870376504156e-03, -2.5416961698469234e-04,
          8.4497890069243891e-03, 7.4742303834798190e-04,
          1.8073409815611941e-02, -4.1128344670356403e-03,
          1.3862916913987897e-02 ]
   - !!opencv-matrix
      rows: 9
      cols: 9
      dt: d
      data: [ 6.3238971895908713e-01, 3.2546455592722301e-01,
          1.1674972740346959e-01, 5.8269921062006638e-02,
          3.1709204100294602e-01, 8.3805081760162423e-02,
          -7.8649031061044122e-02, 1.1638890965439606e-01,
          1.5691788356655151e-01, 3.2546455592722301e-01,
          6.5994797008077721e-01, 1.4916731233874686e-01,
          1.1463246864221388e-01, 4.7699774560294100e-01,
          5.1768077958999945e-02, -4.0507007202274424e-02,
          1.6664910790201123e-01, 2.3487881042760966e-01,
          1.1674972740346959e-01, 1.4916731233874692e-01,
          1.4914098713855975e-01, 6.4093667358991718e-02,
          1.5903645143731171e-01, 3.0842903702008821e-02,
          1.5877668635489877e-02, 5.9118355524699955e-02,
          9.6926493687931881e-02, 5.8269921062006638e-02,
          1.1463246864221388e-01, 6.4093667358991718e-02,
          1.2890149901864772e-01, 1.1981436900253965e-01,
          2.0691446905524487e-02, -7.2712182942875001e-02,
          8.1437489087130069e-02, 3.5924753056134094e-02,
          3.1709204100294602e-01, 4.7699774560294089e-01,
          1.5903645143731165e-01, 1.1981436900253965e-01,
          8.0319288815322387e-01, 8.2540956363289328e-02,
          -9.3124495266061688e-02, 1.7990339772518077e-01,
          3.8140482217183258e-01, 8.3805081760162423e-02,
          5.1768077958999945e-02, 3.0842903702008821e-02,
          2.0691446905524484e-02, 8.2540956363289356e-02,
          2.1571610171944167e-01, -6.1756437849992636e-02,
          4.3400190754394628e-02, 3.4211725176779180e-02,
          -7.8649031061044122e-02, -4.0507007202274410e-02,
          1.5877668635489887e-02, -7.2712182942875001e-02,
          -9.3124495266061674e-02, -6.1756437849992636e-02,
          3.7616506452237730e-01, -1.4010629950757017e-01,
          6.1406752230378253e-02, 1.1638890965439606e-01,
          1.6664910790201123e-01, 5.9118355524699955e-02,
          8.1437489087130069e-02, 1.7990339772518077e-01,
          4.3400190754394628e-02, -1.4010629950757017e-01,
          1.3013314044902929e-01, 6.2378612567417564e-02,
          1.5691788356655151e-01, 2.3487881042760966e-01,
          9.6926493687931908e-02, 3.5924753056134094e-02,
          3.8140482217183258e-01, 3.4211725176779180e-02,
          6.1406752230378274e-02, 6.2378612567417557e-02,
          3.7708316520126595e-01 ]
   - !!opencv-matrix
      rows: 9
      cols: 9
      dt: d
      data: [ 2.0481702424286069e-01, 3.6070088893167998e-02,
          1.3884139631210093e-02, 2.6992700339603846e-02,
          3.7343910303264567e-02, 2.2463131305779115e-03,
          -1.2216395924024230e-01, 5.8439608674872620e-02,
          1.7856045297240393e-02, 3.6070088893167998e-02,
          2.3687177978493259e-02, 9.7068960137095799e-03,
          9.8263123026943403e-03, 1.2378434267543864e-02,
          3.6568043880169186e-03, -4.2585997891035551e-02,
          2.0432670408458951e-02, 2.0288978140015141e-02,
          1.3884139631210097e-02, 9.7068960137095817e-03,
          9.1204024140613724e-02, 1.2327087079218805e-03,
          5.3786438480389852e-03, 6.4126100564947768e-03,
          -1.4735849416327031e-02, 1.0829569334685778e-02,
          -2.1769163698186444e-02, 2.6992700339603843e-02,
          9.8263123026943386e-03, 1.2327087079218805e-03,
          3.0552219867284701e-02, 8.4194975374029413e-03,
          -5.4968122482340551e-03, -4.2440748218186310e-02,
          2.2358723113374557e-02, 2.4342029777980269e-03,
          3.7343910303264567e-02, 1.2378434267543864e-02,
          5.3786438480389852e-03, 8.4194975374029413e-03,
          1.9684792967917031e-02, -2.4119254941201776e-03,
          -3.9162025676539945e-02, 1.8634450404492051e-02,
