%YAML:1.0
---
groups:
   - intact
   - CD19
   - blast
intactGmmnames:
   - "intact.775.0"
   - "intact.775.1"
   - "intact.775.2"
   - "intact.775.3"
   - "intact.775.4"
intactLabels:
   - FSC-A
   - SSC-A
   - CD20
   - CD10
   - CD45
   - CD34
   - SYTO41
   - CD19
   - CD38
intactMu: !!opencv-matrix
   rows: 5
   cols: 9
   dt: d
   data: [ 1.0725940293363772e+00, 2.9423648598978513e-01,
       9.3210534124178879e-01, 8.3022303430216682e-01,
       3.6554112599044633e+00, 1.0978424986389954e+00,
       3.6315950260628527e+00, 1.0063104566108612e+00,
       1.7298912226590808e+00, 2.5502018747951976e+00,
       2.8944146988464508e+00, 1.2268974616322292e+00,
       1.7541076175702945e+00, 2.8460679820727450e+00,
       1.1796948738025577e+00, 3.4928628450072785e+00,
       1.3607740390049383e+00, 1.7380573507077945e+00,
       8.7924960384605089e-01, 5.3361127348034576e-01,
       1.0613261088111117e+00, 1.0761539637810293e+00,
       1.4953388359407995e+00, 1.1471116865318562e+00,
       3.4938169583838814e+00, 9.2886619030137041e-01,
       1.6152819375426339e+00, 1.8507579192484118e+00,
       1.5574794464284516e+00, 1.4405739955103665e+00,
       1.3970163080279758e+00, 2.9075179797717698e+00,
       1.5908355816294837e+00, 3.5821340763503411e+00,
       1.2178161359579678e+00, 2.4372012153739280e+00,
       1.4942700052040763e+00, 4.9205409690430701e-01,
       1.0203695001213300e+00, 9.1573378468860533e-01,
       3.8027281122496590e+00, 1.1753488120521316e+00,
       3.1998026224129057e+00, 1.1982032935105871e+00,
       1.8065464528506976e+00 ]
intactSigma:
   - !!opencv-matrix
      rows: 9
      cols: 9
      dt: d
      data: [ 1.0550689453752843e-01, 3.6561234178800017e-03,
          8.1831690064874969e-03, 1.1531288158115592e-02,
          1.0949663749927672e-02, -3.9127748937783863e-03,
          -3.8890401668758387e-02, 2.3160719292034088e-02,
          -6.8995055816104059e-03, 3.6561234178800008e-03,
          8.2047109912403628e-03, 7.5033916967411195e-03,
          3.0919420991814845e-03, 2.5814393843889404e-03,
          -5.5571323350800691e-05, -3.4157790664064739e-03,
          3.8584925409280010e-03, -4.8471048774574596e-03,
          8.1831690064874934e-03, 7.5033916967411195e-03,
          8.6535915671516889e-02, -1.8400536675590366e-03,
          3.4800351156160331e-03, 5.0532747133024650e-04,
          -7.6203265485704514e-03, 6.2070635808121055e-03,
          -1.8530232507814794e-02, 1.1531288158115596e-02,
          3.0919420991814845e-03, -1.8400536675590366e-03,
          3.9394120229632429e-02, 2.7940616631640645e-03,
          -5.8548677563396365e-03, -1.4079424410547509e-02,
          8.1022745918495828e-03, -6.3297294591462628e-03,
          1.0949663749927672e-02, 2.5814393843889404e-03,
          3.4800351156160331e-03, 2.7940616631640645e-03,
          7.9410268572139842e-03, -2.2875346120656303e-03,
          -7.9996460034258039e-03, 5.3523337838970644e-03,
          -6.2945534367376699e-03, -3.9127748937783863e-03,
          -5.5571323350800563e-05, 5.0532747133024704e-04,
          -5.8548677563396347e-03, -2.2875346120656294e-03,
          1.3527742105242760e-01, 3.0004795856081617e-03,
          -2.2757593426516153e-04, 5.5475940166453035e-03,
          -3.8890401668758387e-02, -3.4157790664064739e-03,
          -7.6203265485704531e-03, -1.4079424410547509e-02,
          -7.9996460034258039e-03, 3.0004795856081630e-03,
          4.5033181617931677e-02, -2.6402249761639598e-02,
          1.0103947651916282e-02, 2.3160719292034095e-02,
          3.8584925409280006e-03, 6.2070635808121055e-03,
          8.1022745918495846e-03, 5.3523337838970644e-03,
          -2.2757593426516151e-04, -2.6402249761639598e-02,
          3.1976186766796776e-02, -1.0885134196617944e-02,
          -6.8995055816104076e-03, -4.8471048774574605e-03,
          -1.8530232507814791e-02, -6.3297294591462628e-03,
          -6.2945534367376699e-03, 5.5475940166453018e-03,
          1.0103947651916280e-02, -1.0885134196617944e-02,
          1.6218377750021798e-01 ]
   - !!opencv-matrix
      rows: 9
      cols: 9
      dt: d
      data: [ 5.4084911945566017e-01, 1.0605615426996234e-01,
          3.0568034342155315e-02, -8.7979588641836040e-02,
          2.1714212116179387e-03, -8.4829242400486860e-04,
          -1.3440215123743339e-02, 2.7201669367856850e-02,
          2.6310926110724157e-02, 1.0605615426996232e-01,
          4.0640502447605531e-01, 5.4234123240015968e-02,
          8.8295622489561909e-02, 1.8975701169479862e-02,
          1.3625601585718579e-02, -7.3041744304989276e-02,
          8.5108480645090301e-02, 3.1346562810922363e-03,
          3.0568034342155329e-02, 5.4234123240015968e-02,
          6.4247147430820065e-02, 2.0146093709087006e-03,
          1.8050378544788130e-03, 4.0238726032531856e-03,
          -8.3390289323125224e-03, 1.1953663999882852e-02,
          3.7652610432390428e-03, -8.7979588641836040e-02,
          8.8295622489561909e-02, 2.0146093709087001e-03,
          1.9331467429546134e-01, 2.7549294011018233e-02,
          5.7116533002275075e-03, -3.2470701844783845e-02,
          2.2958585275202219e-02, -2.2943221921696195e-02,
          2.1714212116179365e-03, 1.8975701169479862e-02,
          1.8050378544788130e-03, 2.7549294011018233e-02,
          3.2964473935275962e-02, -1.4231275158346432e-03,
          -1.0659064710485066e-02, 6.3601559155180235e-03,
          1.1613127249116896e-03, -8.4829242400486947e-04,
          1.3625601585718575e-02, 4.0238726032531856e-03,
          5.7116533002275057e-03, -1.4231275158346432e-03,
          7.4585826698318050e-02, -1.2259502986276258e-03,
          3.7575089820463953e-03, 8.2294122453683758e-04,
          -1.3440215123743339e-02, -7.3041744304989276e-02,
          -8.3390289323125276e-03, -3.2470701844783845e-02,
          -1.0659064710485066e-02, -1.2259502986276256e-03,
          6.8177748735220964e-02, -3.6058291092159328e-02,
          5.1177702708258182e-03, 2.7201669367856850e-02,
          8.5108480645090301e-02, 1.1953663999882852e-02,
          2.2958585275202219e-02, 6.3601559155180253e-03,
          3.7575089820463953e-03, -3.6058291092159328e-02,
          4.2318562612306168e-02, -6.8979727935103699e-03,
          2.6310926110724157e-02, 3.1346562810922380e-03,
          3.7652610432390410e-03, -2.2943221921696195e-02,
          1.1613127249116896e-03, 8.2294122453683823e-04,
          5.1177702708258190e-03, -6.8979727935103716e-03,
          7.4655341099599967e-02 ]
   - !!opencv-matrix
      rows: 9
      cols: 9
      dt: d
      data: [ 1.7180164960606653e-01, 5.1786246688341094e-02,
          3.6422429932866637e-02, 4.5828083257620625e-02,
          6.8528400367506792e-02, 6.8129616153320320e-03,
          -8.6565623403232164e-02, 3.8406134259006304e-02,
          2.4916302325472265e-02, 5.1786246688341100e-02,
          5.6022609743851981e-02, 3.6196994053518422e-02,
          2.9681280999416530e-02, 5.5798941689065927e-02,
          6.9951114243543434e-03, 9.8042396656551414e-03,
          -4.0274075466940169e-04, 4.1764090574408975e-02,
          3.6422429932866637e-02, 3.6196994053518429e-02,
          1.0130806291938253e-01, 2.1129120091173667e-02,
          3.3468427504338288e-02, 4.0795727709789899e-03,
          1.8622747975093796e-02, 3.0389473703765414e-04,
          2.7331675281047556e-02, 4.5828083257620618e-02,
          2.9681280999416523e-02, 2.1129120091173667e-02,
          1.2772661115880840e-01, 5.1318693957853483e-02,
          3.8639857206919188e-03, -3.1370827093824917e-02,
          2.4006573633881804e-02, 2.3393388688963977e-02,
          6.8528400367506792e-02, 5.5798941689065927e-02,
          3.3468427504338288e-02, 5.1318693957853483e-02,
          2.0921046077800109e-01, 1.3338364878817561e-02,
