%YAML:1.0
---
groups:
   - intact
   - CD19
   - blast
intactGmmnames:
   - "intact.787.0"
   - "intact.787.1"
   - "intact.787.2"
   - "intact.787.3"
   - "intact.787.4"
intactLabels:
   - FSC-A
   - SSC-A
   - CD20
   - CD10
   - CD45
   - CD34
   - SYTO41
   - CD19
   - CD38
intactMu: !!opencv-matrix
   rows: 5
   cols: 9
   dt: d
   data: [ 1.0017357981236770e+00, 2.7169726510800446e-01,
       9.4782814138808746e-01, 8.9034208950601845e-01,
       3.6519345379179882e+00, 1.1149952203922819e+00,
       3.2304478601861986e+00, 1.0257856066228044e+00,
       1.6779722442789688e+00, 1.1994036588449937e+00,
       5.9344494095399958e-01, 1.1923600487285653e+00,
       1.0637603332824286e+00, 1.4000555492051441e+00,
       1.1183001308909668e+00, 3.2364859999986857e+00,
       9.4889595897479240e-01, 1.5544367201185989e+00,
       2.7135745506873885e+00, 2.7391571455111650e+00,
       1.2659904649390752e+00, 2.3759679168181638e+00,
       3.3937526666921114e+00, 1.2425253183343037e+00,
       3.0856467674091359e+00, 1.6340974504722763e+00,
       1.6579268137163705e+00, 1.8035372264220819e+00,
       4.7292009902511384e-01, 1.0552003249837427e+00,
       9.3454967785236631e-01, 3.8338692788744098e+00,
       1.1749040867193425e+00, 3.1040353137455421e+00,
       1.2355755219979045e+00, 1.8000636909227774e+00,
       1.9690248084339801e+00, 1.4438258621508224e+00,
       1.5282575854610936e+00, 1.4711712157231120e+00,
       2.5024391686058092e+00, 1.4874743482507375e+00,
       3.1228401019848651e+00, 1.3557371071391660e+00,
       1.9961564840715587e+00 ]
intactSigma:
   - !!opencv-matrix
      rows: 9
      cols: 9
      dt: d
      data: [ 1.4639808309789326e-01, 2.3621279276141395e-03,
          -3.9769822628659274e-03, 6.3751228649818186e-04,
          9.4358295864131192e-03, -1.7145392758269476e-03,
          -2.5164561903633687e-02, 8.7793100296002964e-03,
          -1.5279256477873379e-02, 2.3621279276141399e-03,
          6.6621336524132282e-03, 4.3788701032995096e-03,
          2.1758502454161189e-03, 2.9642405221848374e-03,
          1.3196784776823573e-03, -8.4532841438694642e-04,
          4.9233979914808422e-03, -3.8138569181704546e-03,
          -3.9769822628659274e-03, 4.3788701032995096e-03,
          7.9999113692492824e-02, -1.0274041005286293e-02,
          3.2071115107689036e-03, -1.5963713747973586e-04,
          1.3755186876175652e-03, 4.6242384405791445e-03,
          -3.6997859304272350e-03, 6.3751228649818088e-04,
          2.1758502454161189e-03, -1.0274041005286293e-02,
          5.2190739613981033e-02, 1.5804526486447187e-03,
          -4.4285806363457145e-03, -9.8725553501665712e-05,
          5.1223584006861670e-03, -5.3465982578229888e-03,
          9.4358295864131192e-03, 2.9642405221848370e-03,
          3.2071115107689036e-03, 1.5804526486447189e-03,
          8.4515287465601746e-03, -2.1983325696340629e-03,
          -2.4981669249963894e-03, 4.6602931191017070e-03,
          -5.6961800276683003e-03, -1.7145392758269465e-03,
          1.3196784776823573e-03, -1.5963713747973478e-04,
          -4.4285806363457162e-03, -2.1983325696340629e-03,
          1.3661950013457624e-01, 1.9986544614692876e-03,
          1.5694167938642069e-03, 4.1951297347051168e-03,
          -2.5164561903633687e-02, -8.4532841438694621e-04,
          1.3755186876175654e-03, -9.8725553501665712e-05,
          -2.4981669249963894e-03, 1.9986544614692880e-03,
          1.3402019426413812e-02, -5.0760521901847674e-03,
          3.4183080469655162e-03, 8.7793100296002999e-03,
          4.9233979914808422e-03, 4.6242384405791445e-03,
          5.1223584006861696e-03, 4.6602931191017070e-03,
          1.5694167938642065e-03, -5.0760521901847674e-03,
          7.6305564845850701e-02, -8.6620914223311703e-03,
          -1.5279256477873381e-02, -3.8138569181704546e-03,
          -3.6997859304272350e-03, -5.3465982578229888e-03,
          -5.6961800276683003e-03, 4.1951297347051168e-03,
          3.4183080469655162e-03, -8.6620914223311703e-03,
          5.6338594585133579e-02 ]
   - !!opencv-matrix
      rows: 9
      cols: 9
      dt: d
      data: [ 2.4925895632789888e-01, 5.2085337681170886e-02,
          4.0268599353846482e-02, 2.2866492440377292e-02,
          3.7831817082000549e-02, 8.9937447792283447e-03,
          1.5704259858257623e-02, 2.2943850767363314e-02,
          6.5882531506780088e-03, 5.2085337681170879e-02,
          7.9071262980297388e-02, 5.8373709181219674e-02,
          3.2018395580901381e-02, 5.6341573995232333e-02,
          7.1956689398699394e-03, 3.0423972845990618e-02,
          2.5070602304947624e-02, 1.1579495015236205e-02,
          4.0268599353846496e-02, 5.8373709181219674e-02,
          1.1023603324834146e-01, 1.9388919565976385e-02,
          4.8564126217970932e-02, 6.4691089983943120e-03,
          2.7685197035989182e-02, 2.0392279024384671e-02,
          9.7365322088227551e-03, 2.2866492440377292e-02,
          3.2018395580901381e-02, 1.9388919565976385e-02,
          7.0849935209532325e-02, 3.6393977388657336e-02,
          1.8296165451779050e-03, 1.1961410016378012e-02,
          1.2497750448044501e-02, 7.7471191380018871e-03,
          3.7831817082000549e-02, 5.6341573995232347e-02,
          4.8564126217970932e-02, 3.6393977388657336e-02,
          2.2781209630144114e-01, 2.4376587140958164e-03,
          2.5090666433883510e-02, 1.7054215704353174e-02,
          1.4072104545664448e-02, 8.9937447792283447e-03,
          7.1956689398699394e-03, 6.4691089983943120e-03,
          1.8296165451779057e-03, 2.4376587140958156e-03,
          3.5652713624044534e-02, 4.5302705698900261e-03,
          1.6602643115764379e-03, 1.1159221773370054e-03,
          1.5704259858257626e-02, 3.0423972845990618e-02,
          2.7685197035989192e-02, 1.1961410016378011e-02,
          2.5090666433883510e-02, 4.5302705698900261e-03,
          6.6623121452679901e-02, -1.4018123485919845e-02,
          8.1832856130068712e-03, 2.2943850767363314e-02,
          2.5070602304947620e-02, 2.0392279024384671e-02,
          1.2497750448044499e-02, 1.7054215704353174e-02,
          1.6602643115764374e-03, -1.4018123485919845e-02,
          5.6784233250647978e-02, -2.3300292067448087e-03,
          6.5882531506780096e-03, 1.1579495015236207e-02,
          9.7365322088227551e-03, 7.7471191380018845e-03,
          1.4072104545664453e-02, 1.1159221773370056e-03,
          8.1832856130068712e-03, -2.3300292067448087e-03,
          1.1064968176468742e-02 ]
   - !!opencv-matrix
      rows: 9
      cols: 9
      dt: d
      data: [ 7.5873213617398905e-01, 1.9160981395753979e-01,
          2.1281056318535184e-02, -1.2846591479133757e-01,
          -1.4486423572383617e-03, 7.7953011692598832e-03,
          -1.6645876150100908e-02, 4.1734728306120517e-02,
          2.5269090187355365e-02, 1.9160981395753979e-01,
          4.0776350154550561e-01, 3.1587297543126815e-02,
          8.4886978076216466e-02, 3.6827255471090614e-02,
          1.3138155701408201e-02, -1.2731831061264723e-02,
          8.5888796734049755e-02, 7.4396641349977238e-04,
          2.1281056318535184e-02, 3.1587297543126815e-02,
          1.0521873357144390e-01, 3.0158283949420557e-02,
          1.3010113845256516e-02, 6.1602531590710993e-03,
          3.6049855573521594e-03, 1.6729509329394120e-02,
          -5.7269047121271286e-03, -1.2846591479133754e-01,
          8.4886978076216466e-02, 3.0158283949420557e-02,
          3.5145342314262795e-01, 7.3468125201304579e-02,
          9.7416734040017359e-03, -1.5630438281560178e-02,
          3.1717807861893224e-02, -4.1850806262691359e-02,
          -1.4486423572383600e-03, 3.6827255471090614e-02,
          1.3010113845256516e-02, 7.3468125201304579e-02,
          3.7051857354442878e-02, 9.5388819672615887e-04,
          -9.9263711855382217e-03, 1.5497085790848060e-02,
