%YAML:1.0
---
groups:
   - intact
   - CD19
   - blast
intactGmmnames:
   - "intact.789.0"
   - "intact.789.1"
   - "intact.789.2"
   - "intact.789.3"
   - "intact.789.4"
intactLabels:
   - FSC-A
   - SSC-A
   - CD20
   - CD10
   - CD45
   - CD34
   - SYTO41
   - CD19
   - CD38
intactMu: !!opencv-matrix
   rows: 5
   cols: 9
   dt: d
   data: [ 2.4661081532310862e+00, 3.4550287723411781e+00,
       1.2323138371584836e+00, 2.0345376246693694e+00,
       3.0712238155897755e+00, 1.2841656281345348e+00,
       3.3214802599909934e+00, 1.1152469209295452e+00,
       1.5296036250719460e+00, 1.2026784871279492e+00,
       3.4237455839821845e-01, 9.1918737455018074e-01,
       8.5638028825449253e-01, 3.6804051617746394e+00,
       1.1370285982250494e+00, 3.5406904424604417e+00,
       7.7939026655847132e-01, 1.3409292048331349e+00,
       8.3669753126623903e-01, 4.9748033697690203e-01,
       1.0313487696484176e+00, 1.0673247799721832e+00,
       1.6957986723840865e+00, 1.1573671110065069e+00,
       3.2360354155720734e+00, 1.0372163111405157e+00,
       1.5832179152428227e+00, 1.9954455963910405e+00,
       1.4153567491673282e+00, 1.2545267855825710e+00,
       1.2366000901982148e+00, 2.9426310541595830e+00,
       1.4269343497898694e+00, 3.3115412831390567e+00,
       1.0077902658761833e+00, 1.6952336373562096e+00,
       8.3269607392949097e-01, 3.1193881613315116e-01,
       3.0339571918731347e+00, 1.3933954484100930e+00,
       3.6007517867107453e+00, 1.1874314591983195e+00,
       3.5578538282578509e+00, 1.1915586096626101e+00,
       1.3653481385019577e+00 ]
intactSigma:
   - !!opencv-matrix
      rows: 9
      cols: 9
      dt: d
      data: [ 7.1549692457514813e-01, 5.1902005029894421e-02,
          4.1980919424710945e-02, -1.8608696578463249e-01,
          -6.0260442049428806e-02, 2.9627698649621966e-03,
          7.1618216512559837e-03, 5.6973957741214699e-02,
          3.5793622743530401e-02, 5.1902005029894421e-02,
          3.4034937126282039e-01, 3.6029411180618261e-02,
          8.5105275543290587e-02, 3.3589971250471640e-02,
          1.2949921368437116e-02, -3.6152641395068276e-02,
          1.6082242604172334e-02, -7.5937329112060340e-03,
          4.1980919424710945e-02, 3.6029411180618261e-02,
          6.0395914172753411e-02, -7.7650714799268345e-03,
          1.3023271947100476e-03, 2.0420386547990070e-03,
          -2.4524803053196354e-03, 3.2049166675025974e-03,
          1.1069227155504782e-03, -1.8608696578463249e-01,
          8.5105275543290587e-02, -7.7650714799268319e-03,
          2.5337266834352701e-01, 6.8183077596719238e-02,
          5.3284050123622003e-03, -2.6194155880321496e-02,
          -1.5433766579695161e-02, -2.4483660279962887e-02,
          -6.0260442049428806e-02, 3.3589971250471640e-02,
          1.3023271947100480e-03, 6.8183077596719238e-02,
          4.7221767132759850e-02, -1.4144129954114170e-03,
          -1.2623569028868685e-02, -7.1875092785437938e-03,
          -1.2679522595664881e-02, 2.9627698649621966e-03,
          1.2949921368437112e-02, 2.0420386547990066e-03,
          5.3284050123621994e-03, -1.4144129954114172e-03,
          1.0092323265496178e-01, -2.1851586709256371e-03,
          1.3501124432917866e-03, 1.2853460741784628e-03,
          7.1618216512559837e-03, -3.6152641395068283e-02,
          -2.4524803053196354e-03, -2.6194155880321496e-02,
          -1.2623569028868685e-02, -2.1851586709256379e-03,
          6.3340291106499871e-02, -1.0980275064942291e-02,
          6.6092060928448675e-03, 5.6973957741214706e-02,
          1.6082242604172327e-02, 3.2049166675025974e-03,
          -1.5433766579695161e-02, -7.1875092785437947e-03,
          1.3501124432917862e-03, -1.0980275064942287e-02,
          2.3543554769033699e-02, 6.3070137018981414e-03,
          3.5793622743530401e-02, -7.5937329112060357e-03,
          1.1069227155504784e-03, -2.4483660279962887e-02,
          -1.2679522595664882e-02, 1.2853460741784621e-03,
          6.6092060928448675e-03, 6.3070137018981414e-03,
          1.0871149489102991e-02 ]
   - !!opencv-matrix
      rows: 9
      cols: 9
      dt: d
      data: [ 1.5640217451255112e-01, 3.8476890872586739e-03,
          4.1362474920121524e-03, 7.8891741443825828e-03,
          6.7654733296085377e-03, -6.6139068000040041e-03,
          -2.9316491255484134e-02, 1.6923375619779742e-02,
          8.6049774771071383e-03, 3.8476890872586739e-03,
          2.2648672638304213e-02, 1.2948391641393005e-02,
          1.0121173498952387e-02, 1.0598484526992059e-02,
          9.7235380528542484e-04, -2.4678815448223781e-02,
          1.3451102159629828e-03, -7.5972964794434727e-03,
          4.1362474920121524e-03, 1.2948391641393005e-02,
          7.4552231290791263e-02, 2.0572589152993192e-03,
          7.2753693396144436e-03, 2.1396959340023446e-05,
          -1.4999505351896742e-02, 7.4719539974998797e-04,
          -7.7033814602048747e-03, 7.8891741443825828e-03,
          1.0121173498952385e-02, 2.0572589152993192e-03,
          5.6251282321481015e-02, 7.3463666717844493e-03,
          -6.1377259393138334e-03, -1.9493212946752915e-02,
          2.9492635490015666e-03, -6.6089846880885861e-03,
          6.7654733296085385e-03, 1.0598484526992058e-02,
          7.2753693396144419e-03, 7.3463666717844493e-03,
          1.4602773459978610e-02, -1.3816994679702703e-03,
          -2.0847352364581760e-02, -1.2154788652189441e-03,
          -1.2219683889563304e-02, -6.6139068000040041e-03,
          9.7235380528542441e-04, 2.1396959340022915e-05,
          -6.1377259393138343e-03, -1.3816994679702716e-03,
          1.6354071954936064e-01, 8.6962395308059527e-04,
          2.5864446125659774e-04, 2.2749907893720072e-03,
          -2.9316491255484127e-02, -2.4678815448223781e-02,
          -1.4999505351896739e-02, -1.9493212946752915e-02,
          -2.0847352364581760e-02, 8.6962395308059484e-04,
          7.0947185427306825e-02, -1.0099411780506285e-02,
          1.6073331600828446e-02, 1.6923375619779742e-02,
          1.3451102159629828e-03, 7.4719539974998765e-04,
          2.9492635490015661e-03, -1.2154788652189443e-03,
          2.5864446125659779e-04, -1.0099411780506287e-02,
          8.9806289426166176e-03, 2.5540722868284591e-03,
          8.6049774771071383e-03, -7.5972964794434718e-03,
          -7.7033814602048747e-03, -6.6089846880885861e-03,
          -1.2219683889563305e-02, 2.2749907893720076e-03,
          1.6073331600828442e-02, 2.5540722868284591e-03,
          2.4388349998176052e-02 ]
   - !!opencv-matrix
      rows: 9
      cols: 9
      dt: d
      data: [ 1.4408671258863640e-01, 2.7210009412517160e-02,
          4.7824386612928356e-03, -2.9090767500313960e-03,
          4.2954213455106034e-02, 2.0394180644943093e-02,
          -8.4535286162345749e-02, 1.7002684027561412e-02,
          -6.6120796867333027e-04, 2.7210009412517160e-02,
          3.8011903949656763e-02, 2.0834143177537085e-02,
          1.3484037329470597e-02, 4.3057300792438608e-02,
          1.2068356722480434e-02, -2.5817333436513154e-03,
          6.0742716268999441e-04, 5.5355068671178724e-04,
          4.7824386612928356e-03, 2.0834143177537085e-02,
          7.9933107864480824e-02, 8.1020962135137445e-03,
          1.4853638763865591e-02, -4.7767253102921610e-04,
          2.3081614406108453e-02, -3.8799690473623038e-03,
          1.0211927179542392e-03, -2.9090767500313964e-03,
          1.3484037329470597e-02, 8.1020962135137445e-03,
          7.9708979545330211e-02, 2.2976953072365282e-02,
          -2.0073377897041210e-04, 1.4375543232517328e-02,
          -1.3751891184782258e-04, 5.9282673985715912e-04,
          4.2954213455106034e-02, 4.3057300792438608e-02,
          1.4853638763865593e-02, 2.2976953072365282e-02,
          1.8920322351691793e-01, 2.5603304109458189e-02,
