%YAML:1.0
---
groups:
   - intact
   - CD19
intactGmmnames:
   - "intact.795.0"
   - "intact.795.1"
   - "intact.795.2"
   - "intact.795.3"
   - "intact.795.4"
intactLabels:
   - FSC-A
   - SSC-A
   - CD20
   - CD10
   - CD45
   - CD34
   - SYTO41
   - CD19
   - CD38
intactMu: !!opencv-matrix
   rows: 5
   cols: 9
   dt: d
   data: [ 1.9354702048710584e+00, 3.4006015295436516e+00,
       1.0182678546761692e+00, 1.9668841786010500e+00,
       2.7117305999792434e+00, 1.2503873596437645e+00,
       1.9079239385909796e+00, 1.8299287047621586e+00,
       1.6291146872095974e+00, 1.4148546263223172e+00,
       4.5065603193222470e-01, 8.7142155825044376e-01,
       8.6964200024597482e-01, 3.2323897275752640e+00,
       1.0253303259964999e+00, 1.7443404798614728e+00,
       1.5805533901200515e+00, 1.9706911954792756e+00,
       1.7604196838209514e+00, 1.0687250162626416e+00,
       7.2155290011099249e-01, 8.3976898651151155e-01,
       1.2989059562112411e+00, 1.0233359920471850e+00,
       1.4721133241325786e+00, 1.3131076875538017e+00,
       1.0877564481012276e+00, 1.8224807685253905e+00,
       2.1419265570208945e+00, 1.1886356677189471e+00,
       1.4785466091196964e+00, 2.4457306272639423e+00,
       1.3476450596032961e+00, 1.7861242109984796e+00,
       1.6906786369764975e+00, 1.7339751069437259e+00,
       2.0678226058168581e+00, 3.3788359492319868e+00,
       1.4094782730486277e+00, 2.2196035698734824e+00,
       2.8855048615207441e+00, 1.3355623738532938e+00,
       2.0916943849016829e+00, 1.8873598757665810e+00,
       1.5551426839213178e+00 ]
intactSigma:
   - !!opencv-matrix
      rows: 9
      cols: 9
      dt: d
      data: [ 5.2107678646919664e-01, 1.3251366013475582e-01,
          1.0169632704209008e-02, 1.9148313864418100e-02,
          3.1446622220924453e-02, -1.4650773190536532e-02,
          -1.5266661141206002e-03, 2.9414400126461175e-02,
          1.1871676701399634e-02, 1.3251366013475580e-01,
          3.5407178849609994e-01, 2.4207332031329559e-02,
          2.9551610413258579e-02, 1.9977847591213720e-02,
          1.5607716994441174e-02, 3.3787311644480071e-03,
          5.3427058449454584e-02, 2.8709650102279882e-02,
          1.0169632704209010e-02, 2.4207332031329559e-02,
          5.0652228648225016e-02, -1.7461956315843010e-03,
          3.5434387209787352e-05, 1.0324332257939284e-03,
          2.1836760174447972e-03, 3.3884499074198094e-03,
          2.6618409864302079e-03, 1.9148313864418093e-02,
          2.9551610413258579e-02, -1.7461956315843006e-03,
          1.4246468394405193e-01, 3.1574459480991975e-02,
          -7.3146954988328374e-03, -4.5208395160273715e-03,
          1.1820561342881678e-02, 4.7113833368055084e-03,
          3.1446622220924453e-02, 1.9977847591213720e-02,
          3.5434387209787305e-05, 3.1574459480991975e-02,
          4.9314488596148606e-02, -8.9206667485980280e-03,
          -1.4882731690041464e-03, 1.2446790737373018e-02,
          5.3124276488549730e-03, -1.4650773190536532e-02,
          1.5607716994441172e-02, 1.0324332257939297e-03,
          -7.3146954988328365e-03, -8.9206667485980246e-03,
          9.8911937716650064e-02, 7.7047583121788419e-04,
          1.6169599149002120e-05, 6.7227204546939532e-03,
          -1.5266661141205993e-03, 3.3787311644480102e-03,
          2.1836760174447968e-03, -4.5208395160273715e-03,
          -1.4882731690041473e-03, 7.7047583121788430e-04,
          2.1886977996253314e-02, 3.9544853155333055e-04,
          -4.0214868784070877e-04, 2.9414400126461165e-02,
          5.3427058449454598e-02, 3.3884499074198103e-03,
          1.1820561342881678e-02, 1.2446790737373018e-02,
          1.6169599149002568e-05, 3.9544853155333066e-04,
          2.9299130079157271e-02, -2.6780287374738427e-03,
          1.1871676701399634e-02, 2.8709650102279882e-02,
          2.6618409864302079e-03, 4.7113833368055075e-03,
          5.3124276488549730e-03, 6.7227204546939558e-03,
          -4.0214868784070888e-04, -2.6780287374738427e-03,
          6.0395514327232398e-02 ]
   - !!opencv-matrix
      rows: 9
      cols: 9
      dt: d
      data: [ 1.4242738900436749e-01, 7.0017212935165954e-03,
          5.7306593622812258e-03, -2.0726538263612648e-03,
          8.7341103944064899e-03, -2.6882280112382122e-03,
          -7.5016706197923062e-03, 7.6153389425027852e-03,
          7.6431726092437771e-03, 7.0017212935165963e-03,
          3.2110181795846279e-02, 8.5043599622131177e-03,
          3.9734252228393078e-03, 1.1174967616492495e-02,
          3.6243489910446460e-03, 5.9209386663299239e-04,
          1.3470462376458247e-02, 3.0650474017308055e-02,
          5.7306593622812240e-03, 8.5043599622131195e-03,
          4.7151068255683333e-02, -4.8282541514404389e-03,
          3.9038206728375688e-03, 1.1469867499470509e-03,
          3.9619536504130809e-03, 4.7291864628324605e-03,
          -5.2217215117173043e-03, -2.0726538263612657e-03,
          3.9734252228393070e-03, -4.8282541514404389e-03,
          3.9081812747567495e-02, 1.2038925917823809e-03,
          -4.7450522821411642e-03, 1.7770715955827089e-03,
          1.6004515679925461e-03, -9.7865934149055328e-04,
          8.7341103944064899e-03, 1.1174967616492495e-02,
          3.9038206728375688e-03, 1.2038925917823814e-03,
          1.7062876929139971e-02, 2.2988429880607610e-03,
          -6.7256930105298791e-04, 1.3497263733357417e-02,
          1.1871552329890695e-02, -2.6882280112382113e-03,
          3.6243489910446468e-03, 1.1469867499470498e-03,
          -4.7450522821411659e-03, 2.2988429880607610e-03,
          1.2600566693818538e-01, -5.3016441708233250e-04,
          3.4329787908506239e-03, 1.3253124702567986e-02,
          -7.5016706197923062e-03, 5.9209386663299228e-04,
          3.9619536504130809e-03, 1.7770715955827084e-03,
          -6.7256930105298823e-04, -5.3016441708233207e-04,
          3.7680256217299292e-02, -1.9340355118295529e-04,
          -3.9856176049219358e-03, 7.6153389425027834e-03,
          1.3470462376458246e-02, 4.7291864628324614e-03,
          1.6004515679925464e-03, 1.3497263733357417e-02,
          3.4329787908506256e-03, -1.9340355118295529e-04,
          3.7997339566039512e-02, 6.4497738828625485e-03,
          7.6431726092437736e-03, 3.0650474017308048e-02,
          -5.2217215117173034e-03, -9.7865934149055306e-04,
          1.1871552329890693e-02, 1.3253124702567986e-02,
          -3.9856176049219341e-03, 6.4497738828625467e-03,
          2.1618211095487408e-01 ]
   - !!opencv-matrix
      rows: 9
      cols: 9
      dt: d
      data: [ 7.2595344667379691e-01, 9.9030532151970330e-02,
          -2.3864638263011977e-02, -1.5421937920954101e-02,
          -7.2211205996699458e-03, -5.5055433049585830e-04,
          -5.4094928356786851e-02, 2.6171690163215227e-02,
          -2.0502966294588483e-02, 9.9030532151970330e-02,
          6.2072637755377102e-01, -1.7431975472832571e-02,
          -3.2879193012661228e-04, -7.5656767673320593e-03,
          1.9448296385350932e-03, -4.2214978627575346e-02,
          1.4012848058663899e-01, -5.3725220094932281e-02,
          -2.3864638263011970e-02, -1.7431975472832578e-02,
          4.8152299177861624e-02, -6.2109911405615380e-04,
          2.9810834045315335e-03, -9.7015123358082421e-04,
          1.3013213694796731e-02, -3.1853460633629871e-03,
          5.0008627170282979e-03, -1.5421937920954100e-02,
          -3.2879193012661195e-04, -6.2109911405615337e-04,
          3.9899327253034446e-02, 3.8609458981624665e-03,
          9.4214057170564219e-04, 7.3688799826984955e-03,
          1.9855212847421843e-03, 9.4812695948437637e-04,
          -7.2211205996699458e-03, -7.5656767673320593e-03,
          2.9810834045315335e-03, 3.8609458981624656e-03,
          7.2821815731643740e-03, 2.9801605355429541e-03,
          2.1799320361501409e-03, -1.6787086389533736e-03,
