%YAML:1.0
---
groups:
   - intact
   - CD19
   - blast
intactGmmnames:
   - "intact.796.0"
   - "intact.796.1"
   - "intact.796.2"
   - "intact.796.3"
   - "intact.796.4"
intactLabels:
   - FSC-A
   - SSC-A
   - CD20
   - CD10
   - CD45
   - CD34
   - SYTO41
   - CD19
   - CD38
intactMu: !!opencv-matrix
   rows: 5
   cols: 9
   dt: d
   data: [ 7.5410680146469078e-01, 4.7535443271909500e-01,
       8.8900558588694001e-01, 1.0176387732697152e+00,
       1.2459319868268635e+00, 1.0800472953903013e+00,
       3.2133706940193258e+00, 9.5528798761033151e-01,
       1.5849257889688189e+00, 2.1082891471021430e+00,
       3.4566660176419814e+00, 1.0477673395623861e+00,
       1.5958265980588378e+00, 2.7501360540107496e+00,
       1.1951398049939603e+00, 2.9185769231765430e+00,
       1.8632752906348296e+00, 1.7271986143292284e+00,
       1.2101826517791159e+00, 2.9150718283877824e-01,
       9.2240035032851242e-01, 9.2468752301057111e-01,
       3.2353776836172337e+00, 1.0190043954623504e+00,
       3.0060612614158964e+00, 1.4903559816229928e+00,
       2.0732239656376739e+00, 2.2609142983415254e+00,
       2.7686820212359700e+00, 1.1787269473083404e+00,
       1.3307110334096264e+00, 2.6158686087359779e+00,
       1.2318819526723828e+00, 2.9047881437011944e+00,
       1.7401057338719905e+00, 1.9568434853799168e+00,
       1.4073068934018598e+00, 9.5127282328892271e-01,
       1.0946131511955213e+00, 1.2674293682562916e+00,
       2.6244195980388594e+00, 1.2694816623750134e+00,
       3.1324438600181015e+00, 1.5191174085442931e+00,
       2.4811231917764442e+00 ]
intactSigma:
   - !!opencv-matrix
      rows: 9
      cols: 9
      dt: d
      data: [ 1.3388809986354369e-01, 4.0367977989330846e-02,
          1.7461926733529982e-02, 2.2901961167413842e-02,
          3.2089145428122433e-02, -1.3950081234016174e-03,
          -1.7173357715681573e-02, 2.0949056368533000e-02,
          3.3923070045049436e-02, 4.0367977989330832e-02,
          4.8188942930546944e-02, 1.0491020680292956e-02,
          1.8032898179364553e-02, 3.1380833918840507e-02,
          2.7510949352233891e-03, 6.6326288384917498e-03,
          1.5640428788863871e-02, 4.4030438110285251e-02,
          1.7461926733529982e-02, 1.0491020680292956e-02,
          2.2462339622117824e-02, 1.4610223052698929e-02,
          1.4252272110768835e-02, -4.8930796067163575e-03,
          -2.6681963041215059e-02, 1.5254267395121663e-02,
          7.6544432021728379e-03, 2.2901961167413842e-02,
          1.8032898179364546e-02, 1.4610223052698929e-02,
          5.8171271623246867e-02, 3.8182294578579086e-02,
          -6.1039290663951161e-03, -2.5062220643762276e-02,
          1.9716324164573105e-02, 3.4182859306230773e-02,
          3.2089145428122433e-02, 3.1380833918840507e-02,
          1.4252272110768835e-02, 3.8182294578579093e-02,
          1.4054848831095904e-01, 2.5571656559011716e-03,
          -9.1887635169090286e-03, 1.7030107190652479e-02,
          7.9944641486650425e-02, -1.3950081234016176e-03,
          2.7510949352233900e-03, -4.8930796067163567e-03,
          -6.1039290663951196e-03, 2.5571656559011707e-03,
          3.6958499117529416e-02, 1.2108310200471624e-02,
          -4.4385141563531450e-03, 5.2294501867796448e-03,
          -1.7173357715681573e-02, 6.6326288384917489e-03,
          -2.6681963041215059e-02, -2.5062220643762276e-02,
          -9.1887635169090286e-03, 1.2108310200471628e-02,
          8.6369771115984637e-02, -2.5803785395162360e-02,
          1.7787763240736505e-02, 2.0949056368533000e-02,
          1.5640428788863871e-02, 1.5254267395121666e-02,
          1.9716324164573105e-02, 1.7030107190652479e-02,
          -4.4385141563531450e-03, -2.5803785395162360e-02,
          3.9909535192710684e-02, 6.6292386872856841e-03,
          3.3923070045049443e-02, 4.4030438110285251e-02,
          7.6544432021728379e-03, 3.4182859306230773e-02,
          7.9944641486650425e-02, 5.2294501867796430e-03,
          1.7787763240736505e-02, 6.6292386872856841e-03,
          1.3625627202583862e-01 ]
   - !!opencv-matrix
      rows: 9
      cols: 9
      dt: d
      data: [ 7.2012755948122764e-01, 8.6434475444719452e-02,
          7.4355700361744305e-03, -5.3870629766541910e-02,
          -2.0083152518313538e-02, -1.1605401017289000e-02,
          -9.6810023517855791e-03, 6.9920672439730738e-03,
          3.5284301060660903e-03, 8.6434475444719466e-02,
          3.6540928788610616e-01, 1.6913041386724250e-02,
          6.4057291127467206e-02, 2.8226309174849813e-02,
          1.5742208663442146e-02, -1.6414495655591964e-02,
          6.5199222803338411e-02, 9.3078281217917978e-03,
          7.4355700361744288e-03, 1.6913041386724250e-02,
          1.2118172527465965e-02, 4.3821875500279538e-03,
          3.6359029644068229e-03, 2.3097686299563392e-04,
          -3.2174223642696610e-03, 4.3196834440465863e-03,
          1.7797804334297748e-03, -5.3870629766541910e-02,
          6.4057291127467192e-02, 4.3821875500279538e-03,
          1.4430049570521289e-01, 3.1878565291112784e-02,
          3.6092438382617697e-03, -9.9550297359726429e-03,
          2.0678543461572128e-02, 7.3202083001510489e-03,
          -2.0083152518313531e-02, 2.8226309174849813e-02,
          3.6359029644068229e-03, 3.1878565291112784e-02,
          3.3784785955017126e-02, 2.8318166846140864e-03,
          -6.1834113557403432e-03, 1.3163170307448980e-02,
          5.2586588803298544e-03, -1.1605401017289007e-02,
          1.5742208663442142e-02, 2.3097686299563386e-04,
          3.6092438382617710e-03, 2.8318166846140859e-03,
          9.2807590603026138e-02, 8.8803619656431217e-04,
          2.8191763167916837e-03, 7.5855346381167744e-03,
          -9.6810023517855774e-03, -1.6414495655591964e-02,
          -3.2174223642696619e-03, -9.9550297359726463e-03,
          -6.1834113557403432e-03, 8.8803619656431217e-04,
          1.8444135928318024e-02, -5.9526740894083252e-03,
          -1.5800415809053914e-03, 6.9920672439730738e-03,
          6.5199222803338411e-02, 4.3196834440465863e-03,
          2.0678543461572128e-02, 1.3163170307448980e-02,
          2.8191763167916850e-03, -5.9526740894083243e-03,
          3.4480624595406573e-02, -5.8645733320684609e-03,
          3.5284301060660877e-03, 9.3078281217917960e-03,
          1.7797804334297753e-03, 7.3202083001510489e-03,
          5.2586588803298561e-03, 7.5855346381167761e-03,
          -1.5800415809053927e-03, -5.8645733320684592e-03,
          7.6735187493065765e-02 ]
   - !!opencv-matrix
      rows: 9
      cols: 9
      dt: d
      data: [ 1.9643242372389244e-01, 1.1829001194658802e-02,
          1.0173700993729384e-02, 8.5207156255368444e-03,
          2.3494192983359776e-02, -4.9965420247146519e-03,
          -3.2188688611907122e-02, 2.3380004895995909e-02,
          1.2140468412978419e-02, 1.1829001194658802e-02,
          1.2060299016076661e-02, 3.6497329364109082e-03,
          3.2117207046915793e-03, 7.0470720592379328e-03,
          -1.2091899305669126e-03, -5.1633098879628010e-03,
          1.0423151100105008e-02, 4.5236096181633725e-03,
          1.0173700993729384e-02, 3.6497329364109082e-03,
          1.0295301598689594e-02, -6.1406082816204820e-04,
          3.2619063347910054e-03, -1.1115357896300212e-03,
          -3.8033816755694196e-03, 4.3501807891576814e-03,
          -3.1782190959186453e-04, 8.5207156255368444e-03,
          3.2117207046915789e-03, -6.1406082816204809e-04,
          1.5357541538712691e-02, 3.2161377259246741e-03,
          -2.7071849425043689e-03, -4.2859145568929623e-03,
          4.8466316153370605e-03, 9.7475578783172369e-04,
          2.3494192983359776e-02, 7.0470720592379328e-03,
          3.2619063347910063e-03, 3.2161377259246732e-03,
          1.4064021216419788e-02, -1.1530135637676429e-03,
          -8.3950561927533321e-03, 1.5014826904228529e-02,
