%YAML:1.0
---
groups:
   - intact
   - CD19
   - blast
intactGmmnames:
   - "intact.799.0"
   - "intact.799.1"
   - "intact.799.2"
   - "intact.799.3"
   - "intact.799.4"
intactLabels:
   - FSC-A
   - SSC-A
   - CD20
   - CD10
   - CD45
   - CD34
   - SYTO41
   - CD19
   - CD38
intactMu: !!opencv-matrix
   rows: 5
   cols: 9
   dt: d
   data: [ 1.8705516480048210e+00, 1.9221870005849282e+00,
       1.1016691044246747e+00, 1.3362870839777472e+00,
       2.2689754906855346e+00, 1.1410158357066906e+00,
       3.2651897222224844e+00, 1.4731679917201448e+00,
       1.8906235153039148e+00, 7.5171420668232691e-01,
       2.4213561242994763e-01, 9.5160988642772748e-01,
       9.6528423597060131e-01, 3.0951446503948503e+00,
       1.0622614504809713e+00, 3.4681059162849892e+00,
       1.2940705028939881e+00, 1.8600737956222555e+00,
       4.0895683154484502e-01, 3.0064511533599220e-01,
       8.5530949295165115e-01, 8.6586079577726605e-01,
       1.0632619660445659e+00, 1.1363109852963031e+00,
       3.6977118166162453e+00, 9.5728128707468341e-01,
       1.3490151026041324e+00, 1.3852759401628576e+00,
       4.1668907826103685e-01, 1.0484811675589107e+00,
       1.0533046723078705e+00, 3.2413912854271114e+00,
       1.0204629850107370e+00, 3.1077392516278621e+00,
       1.4880206424358458e+00, 2.0547495050855322e+00,
       5.6826801176341268e-01, 3.1100646049312952e-01,
       1.0464014524844625e+00, 1.0534216475481217e+00,
       1.1336554823925344e+00, 1.0155635024609964e+00,
       3.0869672741088396e+00, 1.1578636430612281e+00,
       1.2148920848845797e+00 ]
intactSigma:
   - !!opencv-matrix
      rows: 9
      cols: 9
      dt: d
      data: [ 7.6881599589400762e-01, 2.8189340434912702e-01,
          -2.0859960493163507e-02, -5.7144959249723050e-02,
          6.2924308724132780e-02, -2.6695712255513888e-02,
          9.0195797923853082e-03, 2.7997245532172147e-02,
          2.6155985638926845e-02, 2.8189340434912702e-01,
          6.1810162826579618e-01, -3.9344860182977164e-02,
          5.2645320955538422e-02, 1.6759392213882901e-01,
          -4.4144692730195167e-02, 3.1402581610850437e-03,
          7.3588450688318915e-02, 4.8180091640123879e-02,
          -2.0859960493163507e-02, -3.9344860182977164e-02,
          7.1001609415920125e-02, 2.8993114900871315e-02,
          -9.4764534160916465e-03, 1.3454004339025979e-02,
          -3.5684097824690626e-02, 3.4609038975693132e-02,
          5.5958309720695902e-03, -5.7144959249723050e-02,
          5.2645320955538435e-02, 2.8993114900871315e-02,
          1.6125745337977199e-01, 3.6370619133037539e-02,
          8.8927679802449297e-03, -3.8191903538493083e-02,
          3.6728639672629598e-02, -9.2370301273647856e-03,
          6.2924308724132766e-02, 1.6759392213882901e-01,
          -9.4764534160916465e-03, 3.6370619133037539e-02,
          2.7778409600662102e-01, -2.9609929773647830e-02,
          3.5518038261146483e-05, 5.6513343282926287e-02,
          1.0348065685026990e-01, -2.6695712255513888e-02,
          -4.4144692730195167e-02, 1.3454004339025979e-02,
          8.8927679802449280e-03, -2.9609929773647830e-02,
          1.1673460476881931e-01, 2.3212332591560386e-02,
          -2.8842584295193808e-03, 2.2671988347913254e-02,
          9.0195797923853047e-03, 3.1402581610850450e-03,
          -3.5684097824690626e-02, -3.8191903538493083e-02,
          3.5518038261144261e-05, 2.3212332591560386e-02,
          1.8193182188854751e-01, -4.1243000068912405e-02,
          3.5158640954148807e-02, 2.7997245532172140e-02,
          7.3588450688318915e-02, 3.4609038975693132e-02,
          3.6728639672629598e-02, 5.6513343282926287e-02,
          -2.8842584295193808e-03, -4.1243000068912405e-02,
          6.8368866989367866e-02, 1.2544301411210216e-02,
          2.6155985638926849e-02, 4.8180091640123879e-02,
          5.5958309720695910e-03, -9.2370301273647856e-03,
          1.0348065685026990e-01, 2.2671988347913258e-02,
          3.5158640954148807e-02, 1.2544301411210216e-02,
          1.7590149388954057e-01 ]
   - !!opencv-matrix
      rows: 9
      cols: 9
      dt: d
      data: [ 7.2183391038304123e-02, 7.5389548856435225e-04,
          1.6755251068171932e-02, 1.6864901804300791e-02,
          1.0424111346440468e-02, -9.2866889215890650e-03,
          -4.1804735065445700e-02, 1.8087373933308587e-02,
          -3.3240795253229893e-03, 7.5389548856435182e-04,
          6.8499785564366420e-03, 1.5818851500055445e-03,
          1.2982537736817095e-03, 1.9435035206202375e-03,
          -4.2330423080801918e-04, -2.1296676133636229e-03,
          2.8400094423366982e-03, -8.2118332346274429e-04,
          1.6755251068171932e-02, 1.5818851500055452e-03,
          1.1189431843339825e-02, 5.9671339583550710e-03,
          3.9563741910514623e-03, -3.4197609326013451e-03,
          -1.7370908708694753e-02, 8.0400423724827988e-03,
          -2.9280300025316874e-03, 1.6864901804300787e-02,
          1.2982537736817093e-03, 5.9671339583550701e-03,
          1.2412978241164191e-02, 3.9855794932024124e-03,
          -5.1884520599296989e-03, -1.7944003142686269e-02,
          8.1987847487000227e-03, -2.5945245807558982e-03,
          1.0424111346440470e-02, 1.9435035206202371e-03,
          3.9563741910514623e-03, 3.9855794932024124e-03,
          9.4513565157725802e-03, -1.0611861634765695e-03,
          -8.7981932881987558e-03, 7.0779286621431995e-03,
          1.4964216234807724e-03, -9.2866889215890650e-03,
          -4.2330423080801885e-04, -3.4197609326013442e-03,
          -5.1884520599296997e-03, -1.0611861634765695e-03,
          1.1679510379939630e-01, 1.0278517087564684e-02,
          -3.8159771089400375e-03, 4.8416305599156039e-03,
          -4.1804735065445707e-02, -2.1296676133636229e-03,
          -1.7370908708694753e-02, -1.7944003142686269e-02,
          -8.7981932881987558e-03, 1.0278517087564684e-02,
          4.6627958586996386e-02, -1.9489756050503178e-02,
          6.4929325664249520e-03, 1.8087373933308590e-02,
          2.8400094423366982e-03, 8.0400423724827971e-03,
          8.1987847487000227e-03, 7.0779286621431995e-03,
          -3.8159771089400375e-03, -1.9489756050503185e-02,
          2.3571490267469530e-02, -5.4822649295127234e-03,
          -3.3240795253229902e-03, -8.2118332346274429e-04,
          -2.9280300025316874e-03, -2.5945245807558982e-03,
          1.4964216234807728e-03, 4.8416305599156021e-03,
          6.4929325664249502e-03, -5.4822649295127226e-03,
          5.2891687799736853e-02 ]
   - !!opencv-matrix
      rows: 9
      cols: 9
      dt: d
      data: [ 2.0225706004395393e-02, 5.4226276284995460e-03,
          4.5466225979168620e-04, 1.1379758235780356e-04,
          1.0196327321243084e-03, 8.7852105723121440e-04,
          1.8952837713955960e-04, 7.3561553154923931e-04,
          1.9731966526413537e-03, 5.4226276284995460e-03,
          1.5095356850162509e-02, 1.8460703208838625e-04,
          -2.1003042148727793e-04, 6.9829463958918394e-04,
          2.3467470895889892e-03, 2.5012213033774196e-03,
          8.9326011898220223e-04, 3.9295042188266212e-03,
          4.5466225979168609e-04, 1.8460703208838597e-04,
          1.1485695648685793e-02, 7.3373256487348588e-03,
          3.4102027580049680e-03, -4.4802619750660593e-03,
          -1.3305939896525497e-02, 8.2476533470469196e-03,
          -5.8621900936114465e-03, 1.1379758235780348e-04,
          -2.1003042148727799e-04, 7.3373256487348597e-03,
          1.3796869959652503e-02, 4.1193177936482781e-03,
          -5.7390944035605540e-03, -1.4668223908939208e-02,
          8.8857007536639835e-03, -5.7457745107367944e-03,
          1.0196327321243079e-03, 6.9829463958918394e-04,
          3.4102027580049663e-03, 4.1193177936482772e-03,
          2.0120110467293503e-02, 1.8738639558282192e-03,
