%YAML:1.0
---
groups:
   - intact
   - CD19
   - blast
intactGmmnames:
   - "intact.802.0"
   - "intact.802.1"
   - "intact.802.2"
   - "intact.802.3"
   - "intact.802.4"
intactLabels:
   - FSC-A
   - SSC-A
   - CD20
   - CD10
   - CD45
   - CD34
   - SYTO41
   - CD19
   - CD38
intactMu: !!opencv-matrix
   rows: 5
   cols: 9
   dt: d
   data: [ 1.8813716568377454e+00, 3.0762061660301594e+00,
       8.3111074702240484e-01, 1.4463225655690146e+00,
       2.2298958463586227e+00, 1.0478695449145192e+00,
       3.0403933570213848e+00, 1.6713712821046878e+00,
       1.6671034141271053e+00, 1.6937294579049971e+00,
       1.9585328595926472e+00, 1.1013489799351139e+00,
       1.1933314478070627e+00, 2.4685013706090380e+00,
       1.3143594222238622e+00, 2.9051910531311695e+00,
       1.6892840287029582e+00, 2.0152017861170703e+00,
       1.1677514937570328e+00, 5.0716725634768312e-01,
       8.0575438224443041e-01, 8.7194308928688602e-01,
       3.4334094103355923e+00, 1.0404858904205008e+00,
       2.7166915059532006e+00, 1.8190493957583471e+00,
       2.1258240542467579e+00, 6.8206755382775408e-01,
       4.4878016572646118e-01, 7.7428494374590850e-01,
       8.0448866277045739e-01, 1.3726350800491818e+00,
       1.0653723867604823e+00, 2.9704087538102528e+00,
       9.9681544227943464e-01, 1.3817126050513437e+00,
       2.4603492676704417e+00, 3.4831877743938731e+00,
       8.8713190326722613e-01, 1.5745280450856607e+00,
       2.2956631778888195e+00, 1.1524014560736699e+00,
       2.9838242358828126e+00, 1.8048232992266975e+00,
       1.7727685655408998e+00 ]
intactSigma:
   - !!opencv-matrix
      rows: 9
      cols: 9
      dt: d
      data: [ 2.6473046739373096e-01, 1.2059050765013424e-01,
          1.3280634202962159e-02, -1.3162164858149064e-02,
          -1.4406424230856861e-02, -5.6534306970329479e-03,
          -5.7910486910572913e-03, 2.1697706858945672e-02,
          1.6362748288511080e-03, 1.2059050765013422e-01,
          3.3671549143676038e-01, 2.7182373501480346e-02,
          2.3880381376709052e-02, 1.6661450262380685e-03,
          -3.7489564330275725e-03, -8.3082485936890483e-03,
          6.7124827489591879e-02, 1.1574409830947291e-02,
          1.3280634202962162e-02, 2.7182373501480339e-02,
          2.3019095656457517e-02, -9.8530017504734353e-04,
          -4.4834052010804299e-04, -8.5715210299491817e-04,
          -4.1686674709261844e-03, 6.1173353695466283e-03,
          1.7015493756775493e-03, -1.3162164858149064e-02,
          2.3880381376709055e-02, -9.8530017504734331e-04,
          1.0870780365051429e-01, 2.2200888761627947e-02,
          -4.2070870963832390e-03, -1.1514962858290786e-03,
          7.8696373950801184e-03, 1.4468076420501301e-03,
          -1.4406424230856861e-02, 1.6661450262380690e-03,
          -4.4834052010804309e-04, 2.2200888761627947e-02,
          4.9675092118791370e-02, -3.5579659636717843e-04,
          1.9057674591764122e-03, 4.9860584695149623e-03,
          3.8758752679682188e-04, -5.6534306970329497e-03,
          -3.7489564330275716e-03, -8.5715210299491796e-04,
          -4.2070870963832382e-03, -3.5579659636717864e-04,
          3.8113408233523619e-02, 1.3951814640305348e-03,
          -2.8778523925946831e-03, 4.8363045057810920e-04,
          -5.7910486910572887e-03, -8.3082485936890483e-03,
          -4.1686674709261852e-03, -1.1514962858290786e-03,
          1.9057674591764120e-03, 1.3951814640305348e-03,
          9.1949152612670094e-03, -2.7415207539947125e-03,
          -1.3639335420922601e-03, 2.1697706858945669e-02,
          6.7124827489591879e-02, 6.1173353695466283e-03,
          7.8696373950801202e-03, 4.9860584695149597e-03,
          -2.8778523925946835e-03, -2.7415207539947112e-03,
          3.9369978614156399e-02, -2.8068885112763936e-03,
          1.6362748288511080e-03, 1.1574409830947291e-02,
          1.7015493756775497e-03, 1.4468076420501292e-03,
          3.8758752679682166e-04, 4.8363045057810882e-04,
          -1.3639335420922603e-03, -2.8068885112763936e-03,
          2.6032402383698691e-02 ]
   - !!opencv-matrix
      rows: 9
      cols: 9
      dt: d
      data: [ 8.5328065776221096e-01, 5.9109365141149983e-01,
          6.3990695797639011e-02, 1.2200633990593157e-01,
          1.7756583868201362e-01, 6.5416284016522164e-02,
          -5.0044098878268974e-02, 1.9335565845753583e-01,
          8.9855924780852567e-02, 5.9109365141149983e-01,
          1.3739457790324803e+00, 6.6670476359680167e-03,
          1.6698496300210811e-01, 1.5940168240347680e-01,
          6.8889624787771608e-02, -1.7901957149533812e-02,
          2.8493017107771873e-01, 9.9552563375498795e-02,
          6.3990695797638983e-02, 6.6670476359680011e-03,
          3.3306781886809739e-01, 1.3733617594834208e-01,
          6.0860465793213844e-02, 4.8450288230771597e-02,
          -5.8844931034501072e-02, 1.4852687165291187e-01,
          5.9053739230314289e-02, 1.2200633990593159e-01,
          1.6698496300210811e-01, 1.3733617594834208e-01,
          3.1520629293970337e-01, 2.2469554809205684e-02,
          2.6753001197346984e-02, -5.2301262036139017e-02,
          8.9004075506146946e-02, 3.1560715636346950e-02,
          1.7756583868201367e-01, 1.5940168240347680e-01,
          6.0860465793213844e-02, 2.2469554809205691e-02,
          5.7566358502096449e-01, -1.7352843821056740e-02,
          4.2548128713537098e-03, 2.3569875353891945e-01,
          1.9446012165424562e-01, 6.5416284016522150e-02,
          6.8889624787771608e-02, 4.8450288230771597e-02,
          2.6753001197346988e-02, -1.7352843821056743e-02,
          2.5311709751568318e-01, -2.3581090933941881e-02,
          3.4790224982162506e-02, 5.8745774768461462e-02,
          -5.0044098878268974e-02, -1.7901957149533809e-02,
          -5.8844931034501072e-02, -5.2301262036139010e-02,
          4.2548128713537185e-03, -2.3581090933941885e-02,
          1.6021043258510662e-01, -3.2640088913394150e-02,
          1.9325941363423190e-02, 1.9335565845753583e-01,
          2.8493017107771873e-01, 1.4852687165291187e-01,
          8.9004075506146960e-02, 2.3569875353891945e-01,
          3.4790224982162506e-02, -3.2640088913394157e-02,
          2.3590687585180459e-01, 8.0619963672404982e-02,
          8.9855924780852581e-02, 9.9552563375498795e-02,
          5.9053739230314303e-02, 3.1560715636346943e-02,
          1.9446012165424562e-01, 5.8745774768461441e-02,
          1.9325941363423190e-02, 8.0619963672404982e-02,
          2.8586067450471159e-01 ]
   - !!opencv-matrix
      rows: 9
      cols: 9
      dt: d
      data: [ 1.7102616508055593e-01, 2.5843695452295565e-02,
          6.3589810933615031e-03, 6.3353734955854616e-03,
          3.1831610029688318e-02, 5.3681886057088610e-03,
          -2.2698610312830922e-02, 3.4756187945869522e-02,
          2.9324353103479056e-02, 2.5843695452295565e-02,
          2.2646027463618993e-02, 5.0020358383231125e-03,
          3.1202903233502046e-03, 1.4207748615429908e-02,
          8.8917877906915523e-04, -7.1444905694728481e-03,
          1.8016408292768699e-02, 2.0886409246011831e-02,
          6.3589810933615031e-03, 5.0020358383231125e-03,
          2.0101555952382118e-02, -1.4018189233872770e-03,
          4.4028272977659254e-03, -1.7876191836759740e-03,
          -5.1316919283433378e-03, 6.1736492291847639e-03,
          6.2476403068748281e-04, 6.3353734955854607e-03,
          3.1202903233502046e-03, -1.4018189233872774e-03,
          2.4190632951477161e-02, 4.5684125616147027e-03,
          -4.7873339456157848e-03, -4.2761676066630878e-03,
          5.7999334811804559e-03, 3.0205788227357765e-03,
          3.1831610029688318e-02, 1.4207748615429908e-02,
          4.4028272977659254e-03, 4.5684125616147027e-03,
          2.6250640438080366e-02, 9.8079516021402934e-04,
          -9.5235115062661819e-03, 2.8050614647652378e-02,
