%YAML:1.0
---
groups:
   - intact
   - CD19
   - blast
intactGmmnames:
   - "intact.809.0"
   - "intact.809.1"
   - "intact.809.2"
   - "intact.809.3"
   - "intact.809.4"
intactLabels:
   - FSC-A
   - SSC-A
   - CD20
   - CD10
   - CD45
   - CD34
   - SYTO41
   - CD19
   - CD38
intactMu: !!opencv-matrix
   rows: 5
   cols: 9
   dt: d
   data: [ 1.6529946362236911e+00, 5.0326531610853120e-01,
       7.9811569839627206e-01, 8.5290158878412725e-01,
       3.4054714521487841e+00, 1.0549518175530672e+00,
       2.3820641076220195e+00, 1.6974318984277574e+00,
       2.3328419992249612e+00, 1.4954045102015145e+00,
       1.1190803454656650e+00, 1.1757750702569676e+00,
       1.4244664296306047e+00, 1.8873295943203114e+00,
       1.2180728767459763e+00, 2.8493155505366468e+00,
       1.3660247430487449e+00, 1.7491729803968465e+00,
       8.7907080228929224e-01, 3.5183489498924841e-01,
       7.7386469381187450e-01, 1.0028973792647387e+00,
       9.8740147856517513e-01, 1.0242972881755632e+00,
       2.4873265192993785e+00, 9.7428512762231145e-01,
       1.1542436120717861e+00, 2.3215923494513833e+00,
       2.8070744561046896e+00, 9.4861122527428776e-01,
       1.7850644700470077e+00, 2.3752255797325121e+00,
       1.3271529556477917e+00, 2.2806340166827717e+00,
       1.6772659346124179e+00, 1.4634135049347785e+00,
       1.1669294427278860e+00, 2.4139656399940251e-01,
       6.8958572792821637e-01, 7.9139069509443205e-01,
       3.2221889285276006e+00, 1.0320602066077960e+00,
       2.6726315514061616e+00, 1.4373763579724113e+00,
       1.9402328124533577e+00 ]
intactSigma:
   - !!opencv-matrix
      rows: 9
      cols: 9
      dt: d
      data: [ 2.2458175149406781e-01, 2.4575928032595884e-03,
          1.0042161508399814e-02, 2.8589055039989369e-03,
          1.6581954968776121e-02, 3.7823269706912395e-03,
          -3.6814281529105396e-02, 2.2502238589785967e-02,
          3.8109893550961824e-02, 2.4575928032595884e-03,
          2.6534970976435479e-02, 6.8676895008676500e-03,
          1.6249591151652558e-03, 4.7141850647840315e-03,
          7.0284870590532579e-03, -9.9589689570292617e-03,
          7.4222579796915499e-03, 4.0703562401129136e-02,
          1.0042161508399814e-02, 6.8676895008676500e-03,
          3.8118042958981080e-02, -1.2117305650641485e-03,
          6.1647214225858159e-03, -2.4278847133030802e-03,
          -1.2448635384865485e-02, 7.1915110274574472e-03,
          9.5657193167469848e-03, 2.8589055039989378e-03,
          1.6249591151652556e-03, -1.2117305650641490e-03,
          2.6702697239120412e-02, 1.3679817985763440e-03,
          -7.8754156446059643e-03, -6.7433118309350214e-03,
          2.2221191935678313e-03, 1.2472959125929036e-03,
          1.6581954968776121e-02, 4.7141850647840306e-03,
          6.1647214225858159e-03, 1.3679817985763440e-03,
          2.1480990513357875e-02, -4.8344659006584996e-03,
          -1.6347901257681006e-02, 2.1965525525278123e-02,
          1.9831996629535786e-02, 3.7823269706912395e-03,
          7.0284870590532579e-03, -2.4278847133030815e-03,
          -7.8754156446059643e-03, -4.8344659006584996e-03,
          1.9313417200754424e-01, 9.3751129113941560e-03,
          -5.4515423746268670e-03, 9.5638501567748765e-03,
          -3.6814281529105403e-02, -9.9589689570292617e-03,
          -1.2448635384865485e-02, -6.7433118309350214e-03,
          -1.6347901257681006e-02, 9.3751129113941577e-03,
          9.3019234494569975e-02, -1.8288923236881697e-02,
          -6.5193899577958403e-02, 2.2502238589785967e-02,
          7.4222579796915499e-03, 7.1915110274574472e-03,
          2.2221191935678322e-03, 2.1965525525278123e-02,
          -5.4515423746268653e-03, -1.8288923236881693e-02,
          5.0995151184834782e-02, 1.6325156397290253e-02,
          3.8109893550961824e-02, 4.0703562401129136e-02,
          9.5657193167469831e-03, 1.2472959125929043e-03,
          1.9831996629535786e-02, 9.5638501567748765e-03,
          -6.5193899577958403e-02, 1.6325156397290250e-02,
          2.7794418329852205e-01 ]
   - !!opencv-matrix
      rows: 9
      cols: 9
      dt: d
      data: [ 6.0605256263579776e-01, 1.3156430711337957e-01,
          7.3067803015686508e-02, 1.9832467636996781e-02,
          1.1346315054065077e-01, 3.3858751964595070e-02,
          1.8163045702430415e-02, 7.2153634819765305e-02,
          6.1112636341760666e-02, 1.3156430711337957e-01,
          4.7629565281445480e-01, 7.6279250405394211e-02,
          5.5472318130725964e-02, 2.8258135746704476e-02,
          8.1111748528766126e-02, 7.2472326637197590e-02,
          9.5999681017564384e-02, 4.9150026305020793e-02,
          7.3067803015686508e-02, 7.6279250405394211e-02,
          2.7137396406518538e-01, 8.7882508302326523e-02,
          4.3518750409042892e-02, 4.7432061943618008e-02,
          -3.7409812253907500e-02, 1.1822121613546252e-01,
          5.8648190169265306e-02, 1.9832467636996767e-02,
          5.5472318130725964e-02, 8.7882508302326523e-02,
          3.1357549304150711e-01, 8.2639532770748592e-02,
          4.8978345907950249e-02, -2.1994206923515208e-03,
          4.9276978624105620e-02, 8.1900730872351488e-02,
          1.1346315054065083e-01, 2.8258135746704476e-02,
          4.3518750409042892e-02, 8.2639532770748592e-02,
          8.0656880087147031e-01, 4.5926004751267645e-02,
          -7.6960372573576630e-02, 2.0121665579232251e-01,
          3.3553890737994940e-01, 3.3858751964595070e-02,
          8.1111748528766112e-02, 4.7432061943617994e-02,
          4.8978345907950242e-02, 4.5926004751267659e-02,
          1.3853514276632808e-01, 9.5051285345162002e-03,
          4.7415672978690045e-02, 6.2540753808723398e-02,
          1.8163045702430422e-02, 7.2472326637197590e-02,
          -3.7409812253907507e-02, -2.1994206923515161e-03,
          -7.6960372573576630e-02, 9.5051285345162002e-03,
          1.6130292552276423e-01, -5.4890007557775525e-02,
          -4.5940590009112284e-02, 7.2153634819765305e-02,
          9.5999681017564398e-02, 1.1822121613546252e-01,
          4.9276978624105620e-02, 2.0121665579232251e-01,
          4.7415672978690045e-02, -5.4890007557775525e-02,
          1.8778147096167117e-01, 9.9613975356467419e-02,
          6.1112636341760618e-02, 4.9150026305020800e-02,
          5.8648190169265320e-02, 8.1900730872351488e-02,
          3.3553890737994940e-01, 6.2540753808723398e-02,
          -4.5940590009112284e-02, 9.9613975356467419e-02,
          3.2394331230041579e-01 ]
   - !!opencv-matrix
      rows: 9
      cols: 9
      dt: d
      data: [ 7.8392229887212631e-02, 7.7852303642773199e-03,
          6.7744202863805275e-03, -5.9459456624094530e-03,
          -2.0102783094359420e-03, -4.3279264380620869e-04,
          -4.8405577731276718e-02, 6.7985384918654371e-03,
          -5.6076851454668576e-03, 7.7852303642773199e-03,
          1.3216064720686203e-02, 4.5179028542300789e-03,
          4.6148429201861088e-03, 5.3140963497457410e-03,
          7.1066062623605412e-04, -1.0288956404983095e-03,
          2.8466022246572465e-03, 3.0500858869833667e-03,
          6.7744202863805275e-03, 4.5179028542300806e-03,
          3.6448589614237296e-02, 6.2684423496904833e-04,
          1.8294573656579870e-03, -1.4462769963831797e-04,
          -1.7483048578232862e-02, 4.2101981075467884e-03,
          -9.7402784098057750e-05, -5.9459456624094556e-03,
          4.6148429201861088e-03, 6.2684423496904866e-04,
          1.0241152087630107e-01, 2.0821071181560319e-02,
          3.7481279000138601e-04, 5.5778097043076838e-03,
          3.0487523300694814e-03, 1.3639029891887765e-02,
          -2.0102783094359420e-03, 5.3140963497457418e-03,
          1.8294573656579859e-03, 2.0821071181560315e-02,
          8.7056622829595906e-02, 5.0695838088444809e-03,
          5.9322084997547077e-03, 1.3394591592855870e-03,
