%YAML:1.0
---
groups:
   - intact
   - CD19
   - blast
intactGmmnames:
   - "intact.814.0"
   - "intact.814.1"
   - "intact.814.2"
   - "intact.814.3"
   - "intact.814.4"
intactLabels:
   - FSC-A
   - SSC-A
   - CD20
   - CD10
   - CD45
   - CD34
   - SYTO41
   - CD19
   - CD38
intactMu: !!opencv-matrix
   rows: 5
   cols: 9
   dt: d
   data: [ 2.5985910125748726e+00, 2.3199271266521344e+00,
       9.3402721040568981e-01, 1.5051188161451168e+00,
       2.3062385599443429e+00, 1.1209589875574490e+00,
       2.1151810259533659e+00, 1.5303735219728436e+00,
       1.5575572970418532e+00, 1.0294620084743196e+00,
       4.1461248167004677e-01, 8.1325177717084007e-01,
       8.8075134345557637e-01, 3.3974903717635292e+00,
       1.0978374485495572e+00, 2.4127622222797047e+00,
       1.5969261870393485e+00, 2.1404948082801569e+00,
       1.8844036573390661e+00, 1.4744568584889781e+00,
       1.4025995615905797e+00, 1.6099256463749827e+00,
       2.6547831319436623e+00, 1.3112178573728761e+00,
       2.4388435362646619e+00, 1.6917372160305906e+00,
       2.1900460841865308e+00, 2.4841214167165080e+00,
       2.8962811143066296e+00, 9.4692778009201206e-01,
       2.3238114122199147e+00, 2.8344840120175268e+00,
       1.1300482704150090e+00, 2.4101296859321644e+00,
       1.6920007637002572e+00, 1.6726159242765710e+00,
       8.6989430192063366e-01, 4.2125847059942367e-01,
       8.6564946590859571e-01, 9.5565910124833742e-01,
       1.2668597611914356e+00, 1.0946168930136693e+00,
       2.5504065006527261e+00, 1.1717095018642820e+00,
       1.3482854453261386e+00 ]
intactSigma:
   - !!opencv-matrix
      rows: 9
      cols: 9
      dt: d
      data: [ 8.6879567451948148e-01, 2.3921155775489286e-01,
          3.0529609029325642e-02, -1.3489045290196919e-01,
          1.1288017493685749e-01, 1.2854380887222414e-02,
          8.9606672287910749e-02, 4.5289080506471388e-02,
          8.8938173307907320e-02, 2.3921155775489286e-01,
          4.1234323949402046e-01, 3.1015757335578147e-02,
          5.8088629632177029e-02, 8.5346954095777847e-02,
          -1.7285358228828519e-03, 2.9580591481685473e-02,
          6.4994149376663493e-02, 2.4612767246568461e-02,
          3.0529609029325628e-02, 3.1015757335578133e-02,
          4.4652494008196819e-02, 1.4921472412150422e-03,
          6.3254238914885862e-03, 4.3585744159391421e-03,
          -3.3138854147508859e-03, 6.2103045786773689e-03,
          3.5008770065017773e-03, -1.3489045290196919e-01,
          5.8088629632177043e-02, 1.4921472412150415e-03,
          2.1321465889056482e-01, -4.6529759576336184e-03,
          -3.8203955296960399e-03, -5.2206525716350240e-02,
          1.0667720116639932e-02, -4.3945091114785131e-02,
          1.1288017493685749e-01, 8.5346954095777847e-02,
          6.3254238914885810e-03, -4.6529759576336184e-03,
          1.2446059393684818e-01, 2.7269214935934059e-03,
          4.7673332133076944e-02, 2.0772650627796638e-02,
          4.4709331711928667e-02, 1.2854380887222414e-02,
          -1.7285358228828506e-03, 4.3585744159391404e-03,
          -3.8203955296960382e-03, 2.7269214935934055e-03,
          4.6533731688869498e-02, -6.9433626232433248e-03,
          4.1311994831671935e-04, 3.0422643673246809e-03,
          8.9606672287910735e-02, 2.9580591481685469e-02,
          -3.3138854147508846e-03, -5.2206525716350240e-02,
          4.7673332133076944e-02, -6.9433626232433248e-03,
          7.5090815739387279e-02, 6.6045356351991259e-03,
          3.7297540121054990e-02, 4.5289080506471388e-02,
          6.4994149376663493e-02, 6.2103045786773689e-03,
          1.0667720116639931e-02, 2.0772650627796638e-02,
          4.1311994831672011e-04, 6.6045356351991259e-03,
          2.5783144198425121e-02, 2.8601647114501797e-03,
          8.8938173307907320e-02, 2.4612767246568464e-02,
          3.5008770065017782e-03, -4.3945091114785131e-02,
          4.4709331711928667e-02, 3.0422643673246809e-03,
          3.7297540121054990e-02, 2.8601647114501797e-03,
          5.8128293829032333e-02 ]
   - !!opencv-matrix
      rows: 9
      cols: 9
      dt: d
      data: [ 2.5092628559434621e-01, 4.6376966198356594e-02,
          1.2108871243441337e-02, 6.4205550259016425e-03,
          4.3814251530095383e-02, 5.9941720423386524e-03,
          -7.5327243118736759e-02, 4.9514746310543568e-02,
          1.3879287315819466e-01, 4.6376966198356594e-02,
          2.3407626742521614e-02, 6.4550408152059700e-03,
          3.8891696973362365e-03, 1.3353285513808703e-02,
          1.6240054064064792e-03, -1.6282220371715179e-02,
          1.4849715878723831e-02, 4.8030108593097358e-02,
          1.2108871243441342e-02, 6.4550408152059700e-03,
          4.3161342443742749e-02, -1.9835862334541907e-03,
          6.9334732721719845e-03, -7.2270162671531708e-04,
          -3.7331127444341474e-03, 7.7491299000890307e-03,
          1.6644659402723528e-03, 6.4205550259016425e-03,
          3.8891696973362365e-03, -1.9835862334541903e-03,
          3.4345274445786035e-02, 2.5288543267788697e-03,
          -4.9278417973493988e-03, -2.5025742030518523e-03,
          3.5393551032416415e-03, 4.1565376429002366e-03,
          4.3814251530095383e-02, 1.3353285513808703e-02,
          6.9334732721719828e-03, 2.5288543267788697e-03,
          2.1714135214070021e-02, 2.8045183020796536e-05,
          -1.7417622181817194e-02, 1.9851446229396205e-02,
          3.0497101698979120e-02, 5.9941720423386507e-03,
          1.6240054064064796e-03, -7.2270162671531741e-04,
          -4.9278417973493971e-03, 2.8045183020796499e-05,
          1.0403067272726042e-01, -1.5363675082692286e-03,
          2.0983941316766086e-04, 7.0559205235769069e-03,
          -7.5327243118736759e-02, -1.6282220371715179e-02,
          -3.7331127444341474e-03, -2.5025742030518523e-03,
          -1.7417622181817194e-02, -1.5363675082692291e-03,
          4.2403890033375240e-02, -1.8378016790028352e-02,
          -5.0907574124965653e-02, 4.9514746310543568e-02,
          1.4849715878723831e-02, 7.7491299000890307e-03,
          3.5393551032416415e-03, 1.9851446229396205e-02,
          2.0983941316766075e-04, -1.8378016790028352e-02,
          3.6866184990293621e-02, 3.1202565293178063e-02,
          1.3879287315819466e-01, 4.8030108593097365e-02,
          1.6644659402723541e-03, 4.1565376429002375e-03,
          3.0497101698979123e-02, 7.0559205235769060e-03,
          -5.0907574124965653e-02, 3.1202565293178063e-02,
          2.4512550369129354e-01 ]
   - !!opencv-matrix
      rows: 9
      cols: 9
      dt: d
      data: [ 7.4947431046414315e-01, 4.7166705972372858e-01,
          7.1611888078170968e-02, 9.7187460347108318e-02,
          1.1257180074325163e-01, 2.5676441127225280e-02,
          4.0538982104357198e-02, 1.0354900899050043e-01,
          7.6419273669136215e-02, 4.7166705972372852e-01,
          7.4769485879572983e-01, 8.3690076687832501e-02,
          1.2922465511148265e-01, 1.7154107062663768e-01,
          2.3289145758781556e-02, 4.3523950895575182e-02,
          1.4911098070905446e-01, 1.0632305967902363e-01,
          7.1611888078170982e-02, 8.3690076687832501e-02,
          3.4367003709713245e-01, 1.9403622107846774e-01,
          3.0228525360575433e-02, 7.1242429693575193e-02,
          -2.8999700906960992e-02, 1.0868828303025899e-01,
          6.9800426550983303e-03, 9.7187460347108318e-02,
          1.2922465511148268e-01, 1.9403622107846774e-01,
          5.2646553283405417e-01, -4.9593941251713791e-02,
          1.0864631124625308e-01, -1.9236189818437582e-02,
          9.1384936146905738e-02, -1.0094357375391294e-01,
          1.1257180074325163e-01, 1.7154107062663768e-01,
          3.0228525360575426e-02, -4.9593941251713777e-02,
          5.7222085038117598e-01, -1.8536235583225037e-03,
          -2.2311735648211845e-02, 1.5182769608691329e-01,
