%YAML:1.0
---
groups:
   - intact
   - CD19
   - blast
intactGmmnames:
   - "intact.815.0"
   - "intact.815.1"
   - "intact.815.2"
   - "intact.815.3"
   - "intact.815.4"
intactLabels:
   - FSC-A
   - SSC-A
   - CD20
   - CD10
   - CD45
   - CD34
   - SYTO41
   - CD19
   - CD38
intactMu: !!opencv-matrix
   rows: 5
   cols: 9
   dt: d
   data: [ 9.1387129659157140e-01, 4.5043899834537815e-01,
       9.0047831836465442e-01, 1.0668010338998286e+00,
       1.4584037552089801e+00, 1.1793144208779223e+00,
       3.1086435783930884e+00, 1.0772100431972920e+00,
       1.6306126289742311e+00, 7.7600937905349854e-01,
       3.0516555129879941e-01, 8.5050965881235074e-01,
       8.0623909754388101e-01, 3.3562945814985627e+00,
       1.0914550379588153e+00, 3.1581224660904308e+00,
       1.5816607402355898e+00, 1.9015145956106556e+00,
       2.1927810119752227e+00, 3.0784494370695330e+00,
       1.0041457942187213e+00, 1.7818831587066217e+00,
       2.7511588291773883e+00, 1.1815992237001216e+00,
       2.9086289378449806e+00, 1.8487074897699345e+00,
       1.6896360529601568e+00, 1.5110044122871353e+00,
       4.9642202692861259e-01, 9.4257546594171615e-01,
       8.9088438636612322e-01, 3.5507763814883817e+00,
       1.0395075478672715e+00, 2.8047475507740089e+00,
       1.8701562078958007e+00, 2.3712011052121191e+00,
       1.9259161883529048e+00, 1.4424218596300611e+00,
       1.1798342256168572e+00, 1.1067592676256321e+00,
       2.8981705570948035e+00, 1.3701326955052469e+00,
       3.0779286426707526e+00, 1.7485174014268627e+00,
       2.1253385485322007e+00 ]
intactSigma:
   - !!opencv-matrix
      rows: 9
      cols: 9
      dt: d
      data: [ 1.0634891320520004e-01, 3.6505858825683947e-02,
          9.3579040421313941e-03, 2.0203953695078287e-02,
          2.1210046109977936e-02, 1.1271866536148468e-02,
          1.8062244258510087e-03, 1.9029187745137299e-02,
          2.0605737822347467e-02, 3.6505858825683947e-02,
          3.5077805177590862e-02, 3.9472220603330209e-03,
          4.3316421634371520e-03, 1.4297476472087430e-02,
          4.6626939437402759e-03, 8.8888078867660012e-03,
          9.7715081924578864e-03, 1.1847273251691069e-02,
          9.3579040421313958e-03, 3.9472220603330201e-03,
          1.5079497445914055e-02, 8.8996541595300696e-03,
          3.0625987486223791e-03, -7.0961482783467485e-04,
          -2.2818689472774267e-02, 9.5036959621904830e-03,
          1.0313570762817510e-03, 2.0203953695078287e-02,
          4.3316421634371528e-03, 8.8996541595300696e-03,
          1.5773142264345860e-01, 5.6710019390113946e-04,
          3.7006087360759367e-02, -1.7198326428612874e-02,
          7.9776698329166548e-02, 3.1298721616114134e-02,
          2.1210046109977933e-02, 1.4297476472087435e-02,
          3.0625987486223791e-03, 5.6710019390113719e-04,
          4.5287614937029590e-02, -2.5202143563449846e-03,
          4.8666697732199131e-03, -3.9290437129932635e-03,
          2.4391940846992161e-02, 1.1271866536148468e-02,
          4.6626939437402750e-03, -7.0961482783467517e-04,
          3.7006087360759360e-02, -2.5202143563449846e-03,
          3.8821774188525317e-02, 8.9872924763553155e-03,
          3.4048566381786452e-02, 1.0875257253037026e-02,
          1.8062244258510096e-03, 8.8888078867660012e-03,
          -2.2818689472774267e-02, -1.7198326428612874e-02,
          4.8666697732199140e-03, 8.9872924763553155e-03,
          9.5446374981932036e-02, -1.8072623665997357e-02,
          1.2082036431622860e-02, 1.9029187745137299e-02,
          9.7715081924578864e-03, 9.5036959621904848e-03,
          7.9776698329166548e-02, -3.9290437129932644e-03,
          3.4048566381786452e-02, -1.8072623665997357e-02,
          8.7122935477067023e-02, 1.8878720578625746e-02,
          2.0605737822347470e-02, 1.1847273251691069e-02,
          1.0313570762817510e-03, 3.1298721616114140e-02,
          2.4391940846992161e-02, 1.0875257253037028e-02,
          1.2082036431622860e-02, 1.8878720578625746e-02,
          3.9121303416662513e-02 ]
   - !!opencv-matrix
      rows: 9
      cols: 9
      dt: d
      data: [ 4.8816901712364462e-02, 2.7233979329404460e-03,
          4.3759434166720061e-03, 4.6427308287941586e-03,
          1.9014638291963335e-03, 4.3891439407126753e-04,
          -1.4632927717969502e-02, 3.2226727808181573e-03,
          -1.2302192586636396e-03, 2.7233979329404460e-03,
          1.4876640969682275e-02, 1.5983325618795464e-03,
          6.7854363291871363e-04, 2.2161847985384480e-03,
          9.3849273599094351e-04, 1.3799391614743523e-03,
          4.8479054096263437e-03, -9.9842138723641003e-04,
          4.3759434166720061e-03, 1.5983325618795464e-03,
          6.5039946978774537e-03, 4.2941336149194956e-04,
          1.4424957911087905e-03, -3.3099529018421249e-04,
          -2.9407617116272186e-03, 2.5449566769678929e-03,
          -1.1000253894499264e-03, 4.6427308287941586e-03,
          6.7854363291871352e-04, 4.2941336149194956e-04,
          1.3664467230993403e-02, 6.7866126660244791e-04,
          -2.0456302450502770e-03, -4.0247284602980193e-03,
          2.0025011233731453e-03, -3.3721144716096301e-04,
          1.9014638291963331e-03, 2.2161847985384480e-03,
          1.4424957911087905e-03, 6.7866126660244769e-04,
          7.2655323734868238e-03, 1.1673675474479029e-03,
          -3.0683193856871871e-04, 6.9223639560166252e-03,
          1.7016401327149026e-03, 4.3891439407126774e-04,
          9.3849273599094373e-04, -3.3099529018421254e-04,
          -2.0456302450502784e-03, 1.1673675474479026e-03,
          9.4962793905118775e-02, 3.9945067410753366e-04,
          1.7775813508528317e-03, 2.8765096008430344e-03,
          -1.4632927717969500e-02, 1.3799391614743527e-03,
          -2.9407617116272186e-03, -4.0247284602980184e-03,
          -3.0683193856871881e-04, 3.9945067410753350e-04,
          1.2808576877543372e-02, -1.7703752683300949e-03,
          5.2169700678343425e-05, 3.2226727808181573e-03,
          4.8479054096263437e-03, 2.5449566769678933e-03,
          2.0025011233731457e-03, 6.9223639560166252e-03,
          1.7775813508528317e-03, -1.7703752683300947e-03,
          3.4725140309063422e-02, -2.7905116194473960e-03,
          -1.2302192586636400e-03, -9.9842138723641024e-04,
          -1.1000253894499267e-03, -3.3721144716096323e-04,
          1.7016401327149021e-03, 2.8765096008430361e-03,
          5.2169700678343364e-05, -2.7905116194473960e-03,
          2.7824662867406546e-02 ]
   - !!opencv-matrix
      rows: 9
      cols: 9
      dt: d
      data: [ 6.1620772979533467e-01, 1.9906831641260173e-01,
          2.6432060215664965e-02, -7.1539906162283062e-02,
          7.1141375664559608e-02, -3.7335150677935352e-04,
          -1.9651608734143001e-02, 5.0513460967268116e-02,
          5.9712585120153532e-02, 1.9906831641260173e-01,
          4.6523454069882320e-01, 2.9029153603892483e-02,
          1.1847601033192044e-01, 1.2547821946242535e-01,
          4.3553140156345890e-03, -4.9984316309617062e-02,
          1.0646242423761547e-01, 2.7813907673956455e-02,
          2.6432060215664958e-02, 2.9029153603892480e-02,
          1.2591180366848594e-02, 8.8661554796603710e-03,
          1.0993323748892217e-02, 2.8934589844104150e-04,
          -1.3805121622719910e-02, 8.6570083391247030e-03,
          5.0145732506426998e-03, -7.1539906162283062e-02,
          1.1847601033192043e-01, 8.8661554796603693e-03,
          3.2950291615990379e-01, 1.2697655005578529e-01,
          1.2769613027726381e-02, -3.5574042444172886e-02,
          5.1084139039724683e-02, -5.1873311801211035e-04,
          7.1141375664559608e-02, 1.2547821946242538e-01,
          1.0993323748892217e-02, 1.2697655005578531e-01,
          1.8155218081093930e-01, 9.0050821566720219e-03,
          -2.5026633750013384e-02, 5.8453769937205316e-02,
