%YAML:1.0
---
groups:
   - intact
   - CD19
intactGmmnames:
   - "intact.Bln046.0"
   - "intact.Bln046.1"
   - "intact.Bln046.2"
   - "intact.Bln046.3"
   - "intact.Bln046.4"
intactLabels:
   - FSC-A
   - SSC-A
   - CD20
   - CD10
   - CD45
   - CD34
   - SYTO41
   - CD19
   - CD38
intactMu: !!opencv-matrix
   rows: 5
   cols: 9
   dt: d
   data: [ 2.8669002693594337e+00, 3.3954900202328941e+00,
       1.2124434632389511e+00, 2.2507042195924516e+00,
       2.0249018834514994e+00, 1.3626072247048693e+00,
       2.5518573579758872e+00, 9.5230169541919008e-01,
       2.5858753583786434e+00, 1.0875922465300987e+00,
       3.9450740350221464e-01, 7.7582505090265763e-01,
       7.6443697250947051e-01, 2.3556710311137739e+00,
       7.9338562435726701e-01, 2.4189360420234038e+00,
       7.2147870443937545e-01, 2.0830994223129822e+00,
       9.3388673840377556e-01, 4.2270378810912207e-01,
       8.4900841768853130e-01, 8.6449267770858385e-01,
       7.4018922598331971e-01, 9.9955868661383085e-01,
       2.5874735837430909e+00, 7.1938290147754735e-01,
       1.5124386107421139e+00, 9.0691374675673142e-01,
       2.6235007041555902e-01, 7.7566631315331669e-01,
       7.6859009302680170e-01, 2.3393781651651633e+00,
       8.4739901105870563e-01, 2.5012836255978783e+00,
       7.4017387248316457e-01, 2.4251547003610945e+00,
       2.1767532981612674e+00, 1.3320229028423258e+00,
       1.1699086513488695e+00, 1.3968574688019455e+00,
       1.7265554683221840e+00, 1.4319240494199856e+00,
       2.7895736062390482e+00, 9.8096792022531554e-01,
       2.7020791112728966e+00 ]
intactSigma:
   - !!opencv-matrix
      rows: 9
      cols: 9
      dt: d
      data: [ 3.7368220799192176e-01, 1.6352822506292741e-01,
          2.1758774320081876e-02, 1.0136550127585310e-02,
          9.4152253760987990e-03, 3.0779146091984788e-02,
          -3.9811372504883723e-03, -7.1732058828181174e-05,
          2.5140191277812876e-02, 1.6352822506292741e-01,
          3.6788671184695620e-01, 2.8115952700327674e-02,
          2.3512409983981058e-02, 2.9940681115377355e-03,
          3.2428391737685879e-02, -3.7784100986004227e-04,
          1.1228203776143289e-02, 5.0970084570971783e-02,
          2.1758774320081876e-02, 2.8115952700327674e-02,
          5.9726385101588973e-02, 1.6095680701459830e-03,
          1.8858832195018300e-03, 1.1516330142379846e-02,
          6.9674951237600792e-03, 4.8694599378578144e-03,
          1.0280585194790137e-02, 1.0136550127585313e-02,
          2.3512409983981058e-02, 1.6095680701459826e-03,
          1.7774000598437004e-01, 3.2803576092686589e-02,
          6.9196446714086942e-03, 4.7049860438824320e-03,
          -2.6209236479075920e-03, -2.6633135692899108e-02,
          9.4152253760987990e-03, 2.9940681115377351e-03,
          1.8858832195018300e-03, 3.2803576092686589e-02,
          2.9261400806511389e-02, 9.9143994225616237e-03,
          -3.7306361206221453e-04, 5.7422314016742663e-03,
          -7.9863418240173224e-03, 3.0779146091984785e-02,
          3.2428391737685879e-02, 1.1516330142379844e-02,
          6.9196446714086986e-03, 9.9143994225616237e-03,
          6.1369060793386131e-02, 1.1099944712476398e-02,
          -5.1428170009814233e-03, 1.0379023414829937e-02,
          -3.9811372504883731e-03, -3.7784100986004227e-04,
          6.9674951237600792e-03, 4.7049860438824328e-03,
          -3.7306361206221447e-04, 1.1099944712476398e-02,
          1.7674413273980828e-02, -3.1713803675265029e-05,
          1.9022339851247228e-03, -7.1732058828183139e-05,
          1.1228203776143288e-02, 4.8694599378578127e-03,
          -2.6209236479075924e-03, 5.7422314016742663e-03,
          -5.1428170009814242e-03, -3.1713803675264596e-05,
          1.3625318071009668e-01, 1.0472859670673310e-02,
          2.5140191277812876e-02, 5.0970084570971783e-02,
          1.0280585194790135e-02, -2.6633135692899108e-02,
          -7.9863418240173206e-03, 1.0379023414829937e-02,
          1.9022339851247228e-03, 1.0472859670673310e-02,
          5.6985876091661287e-02 ]
   - !!opencv-matrix
      rows: 9
      cols: 9
      dt: d
      data: [ 6.0347542763859889e-02, 7.9398822079228479e-03,
          -1.5960369838958265e-04, 5.0176123946259294e-03,
          8.5553299578501520e-03, 2.4726726884776048e-03,
          1.5689842251935059e-02, 5.0819219206741978e-04,
          1.1552585740113362e-02, 7.9398822079228479e-03,
          1.5071079159060185e-02, -1.1394040368002743e-03,
          3.7431747831725279e-03, 1.0099406132869294e-02,
          3.8349701466859950e-03, 9.8374373655231804e-03,
          9.6364987505960465e-04, 2.4548763606530709e-02,
          -1.5960369838958176e-04, -1.1394040368002747e-03,
          8.9887579797965661e-02, 2.1128585354937240e-03,
          1.1977799915164422e-03, -9.9512517002943381e-04,
          2.3369886014585951e-03, -3.3896732130154158e-03,
          -3.7270365995288088e-02, 5.0176123946259294e-03,
          3.7431747831725287e-03, 2.1128585354937236e-03,
          5.2875242626239237e-02, 1.9820425621950234e-03,
          6.9662714785301760e-04, 5.3272280448918019e-03,
          3.0681778294850192e-05, 6.7831206604795618e-03,
          8.5553299578501520e-03, 1.0099406132869294e-02,
          1.1977799915164422e-03, 1.9820425621950234e-03,
          2.7833431449670348e-02, 4.9262036257155181e-03,
          1.5669211752490090e-02, 1.5731571736771032e-03,
          2.6430554369196297e-02, 2.4726726884776048e-03,
          3.8349701466859950e-03, -9.9512517002943511e-04,
          6.9662714785301760e-04, 4.9262036257155173e-03,
          3.8810106591061662e-02, 8.1439210857705870e-03,
          -6.7330849712330075e-03, 3.7202895535260412e-02,
          1.5689842251935059e-02, 9.8374373655231804e-03,
          2.3369886014585951e-03, 5.3272280448918019e-03,
          1.5669211752490090e-02, 8.1439210857705870e-03,
          2.8391702180172746e-02, 2.3033694855861208e-03,
          4.6485201901176236e-03, 5.0819219206741999e-04,
          9.6364987505960520e-04, -3.3896732130154167e-03,
          3.0681778294849880e-05, 1.5731571736771032e-03,
          -6.7330849712330066e-03, 2.3033694855861203e-03,
          6.4304982943194824e-02, -4.0063558321558890e-03,
          1.1552585740113358e-02, 2.4548763606530709e-02,
          -3.7270365995288102e-02, 6.7831206604795618e-03,
          2.6430554369196290e-02, 3.7202895535260412e-02,
          4.6485201901176236e-03, -4.0063558321558890e-03,
          8.1150522538122383e-01 ]
   - !!opencv-matrix
      rows: 9
      cols: 9
      dt: d
      data: [ 9.9960098516774246e-02, 3.4702760662055042e-02,
          8.6812067278693138e-03, 1.7805428975318463e-02,
          8.7528147219135162e-03, 1.6705380880128014e-02,
          2.8068583606350679e-02, 2.4285978562511809e-03,
          5.8612837292523826e-02, 3.4702760662055035e-02,
          2.2350185651235040e-02, 4.6688449384697092e-03,
          1.1306175150734040e-02, 4.3441748361526498e-03,
          1.0271171153683699e-02, 1.6064980058104257e-02,
          2.6640186432996373e-03, 3.4452052825607628e-02,
          8.6812067278693155e-03, 4.6688449384697092e-03,
          4.4146924046455371e-02, 6.4060943260745495e-03,
          -3.2001691459403701e-04, 2.3563273822783440e-03,
          7.0556959383611412e-03, -6.2562177204265185e-03,
          5.9194706273399530e-03, 1.7805428975318470e-02,
          1.1306175150734040e-02, 6.4060943260745495e-03,
          9.2764324479362670e-02, 7.7272123214581654e-04,
          6.0432555982409941e-03, 1.1861529882523779e-02,
          2.1329316567186328e-03, 3.0572584132571391e-02,
          8.7528147219135197e-03, 4.3441748361526498e-03,
          -3.2001691459403674e-04, 7.7272123214581654e-04,
          1.5111826983860620e-02, -1.3272753438320684e-03,
          -8.4366038082452719e-03, -5.1230155391922413e-04,
