%YAML:1.0
---
groups:
   - intact
   - CD19
   - blast
intactGmmnames:
   - "intact.Bln013.0"
   - "intact.Bln013.1"
   - "intact.Bln013.2"
   - "intact.Bln013.3"
   - "intact.Bln013.4"
intactLabels:
   - FSC-A
   - SSC-A
   - CD20
   - CD10
   - CD45
   - CD34
   - SYTO41
   - CD19
   - CD38
intactMu: !!opencv-matrix
   rows: 5
   cols: 9
   dt: d
   data: [ 9.7358999156557768e-01, 3.2645970939232033e-01,
       6.0891429848298051e-01, 6.3552399851815711e-01,
       2.5135083133247673e+00, 6.5535436878218323e-01,
       2.2132830677197326e+00, 5.5487495721477487e-01,
       1.9969841249965699e+00, 2.1784566250670707e+00,
       1.5160899625543740e+00, 1.1178158330709884e+00,
       1.2909779050422725e+00, 2.2192065939427139e+00,
       1.1086931607731281e+00, 2.3276165004439302e+00,
       8.6264438392789555e-01, 2.1696054240107912e+00,
       2.8897809745567029e+00, 3.0010936584090890e+00,
       9.1121326476885800e-01, 2.5843961374358146e+00,
       2.4040950547916689e+00, 1.1146885690275672e+00,
       2.1774177493071103e+00, 8.7728242272800316e-01,
       2.1055863625954525e+00, 2.5074663400039499e+00,
       2.6841212646852592e+00, 8.4121133834207784e-01,
       2.2440662454738787e+00, 2.0399357058093490e+00,
       9.3220346247364383e-01, 2.3994506308732078e+00,
       7.3512506363837071e-01, 2.1310774337998231e+00,
       1.2597332454135206e+00, 4.7572528430403355e-01,
       6.7243914928271975e-01, 6.9075588809477551e-01,
       2.1704001278287430e+00, 6.9561631544744940e-01,
       2.2078424920675697e+00, 5.7067213043892440e-01,
       1.7162281195310134e+00 ]
intactSigma:
   - !!opencv-matrix
      rows: 9
      cols: 9
      dt: d
      data: [ 4.2322529558467048e-02, 2.2232024073896373e-03,
          -1.4298563998751458e-03, -7.4598073275284954e-04,
          1.8102108004546624e-03, -5.7582064543270604e-03,
          -1.0035263168923572e-02, -1.0857794683599626e-03,
          -5.3282721880869343e-03, 2.2232024073896377e-03,
          4.0508881478842906e-03, 9.2986268125148515e-05,
          1.4286675609809401e-03, 3.0537314029372344e-03,
          9.0521162154884804e-04, 7.1622068561119943e-05,
          3.2142623578517961e-04, -6.7415952872852923e-03,
          -1.4298563998751460e-03, 9.2986268125148583e-05,
          7.9730815693194977e-03, 3.8211306244878356e-04,
          7.2440983681275315e-05, 5.1929975569340366e-04,
          8.8615264432908669e-04, 1.1043562360334786e-04,
          6.5130583727907119e-03, -7.4598073275284943e-04,
          1.4286675609809401e-03, 3.8211306244878362e-04,
          1.2824036287010072e-02, 1.7674001621084032e-03,
          8.0712628379624011e-04, 1.1298093548224035e-03,
          2.5445543532488216e-04, -2.8951061496824836e-03,
          1.8102108004546622e-03, 3.0537314029372344e-03,
          7.2440983681275464e-05, 1.7674001621084032e-03,
          7.1015942618560144e-03, 1.1655009225133356e-03,
          6.7751827870761786e-04, 4.4133383798927999e-04,
          -6.7364162817874010e-03, -5.7582064543270604e-03,
          9.0521162154884826e-04, 5.1929975569340366e-04,
          8.0712628379624011e-04, 1.1655009225133358e-03,
          6.6666944492520357e-03, 3.6669848712200092e-03,
          -4.0502392964039300e-04, -4.0742532591682418e-04,
          -1.0035263168923572e-02, 7.1622068561119862e-05,
          8.8615264432908669e-04, 1.1298093548224035e-03,
          6.7751827870761786e-04, 3.6669848712200092e-03,
          9.3437174072743736e-03, 8.0310527840345668e-04,
          -2.0330078061690641e-03, -1.0857794683599622e-03,
          3.2142623578517950e-04, 1.1043562360334764e-04,
          2.5445543532488210e-04, 4.4133383798928015e-04,
          -4.0502392964039284e-04, 8.0310527840345657e-04,
          7.1089672082784378e-03, -5.6754063233356762e-04,
          -5.3282721880869317e-03, -6.7415952872852923e-03,
          6.5130583727907119e-03, -2.8951061496824844e-03,
          -6.7364162817874010e-03, -4.0742532591682418e-04,
          -2.0330078061690641e-03, -5.6754063233356773e-04,
          1.2038862821327204e-01 ]
   - !!opencv-matrix
      rows: 9
      cols: 9
      dt: d
      data: [ 9.1711790692363826e-01, 6.5427643501705102e-01,
          1.5007359455433328e-01, 1.5869686376285227e-01,
          1.4957320264662463e-01, 1.0293759174406014e-01,
          4.0788486242152262e-02, 1.3878190934894979e-01,
          2.1325629962949585e-01, 6.5427643501705102e-01,
          8.9356289147474488e-01, 1.2229003443265615e-01,
          2.6102775821004431e-01, 5.8157983265329040e-02,
          3.7319847327396544e-02, 1.6095557362744452e-02,
          1.2274429610593912e-01, 1.7697006618359909e-01,
          1.5007359455433331e-01, 1.2229003443265615e-01,
          3.3504000674963519e-01, 6.6951758373116538e-02,
          6.9333245802328566e-02, 7.7578824502604199e-02,
          2.2952664616195280e-02, 2.2687684046026507e-01,
          3.9737326767358618e-02, 1.5869686376285227e-01,
          2.6102775821004431e-01, 6.6951758373116538e-02,
          3.3839905590251601e-01, 5.0084542437056644e-02,
          5.7947480937001038e-03, 8.0522200907608907e-03,
          8.5316661482947434e-02, 2.8298392924525250e-02,
          1.4957320264662466e-01, 5.8157983265329054e-02,
          6.9333245802328566e-02, 5.0084542437056637e-02,
          3.1996722861539800e-01, -1.8749416218171654e-03,
          1.7679822888890524e-03, 4.8464962152339537e-02,
          1.7336194516962844e-01, 1.0293759174406014e-01,
          3.7319847327396544e-02, 7.7578824502604199e-02,
          5.7947480937001064e-03, -1.8749416218171628e-03,
          1.5664867801728263e-01, 3.6479189394116110e-02,
          4.6283652251590715e-02, 2.9914883644610816e-02,
          4.0788486242152262e-02, 1.6095557362744452e-02,
          2.2952664616195280e-02, 8.0522200907608907e-03,
          1.7679822888890520e-03, 3.6479189394116110e-02,
          7.7848416208031762e-02, 1.6971529882226156e-02,
          -8.4805887831950581e-03, 1.3878190934894982e-01,
          1.2274429610593912e-01, 2.2687684046026507e-01,
          8.5316661482947434e-02, 4.8464962152339537e-02,
          4.6283652251590715e-02, 1.6971529882226159e-02,
          2.2091966579305336e-01, 1.3952509357883197e-02,
          2.1325629962949585e-01, 1.7697006618359912e-01,
          3.9737326767358631e-02, 2.8298392924525247e-02,
          1.7336194516962847e-01, 2.9914883644610816e-02,
          -8.4805887831950564e-03, 1.3952509357883194e-02,
          3.2005561881531358e-01 ]
   - !!opencv-matrix
      rows: 9
      cols: 9
      dt: d
      data: [ 2.7038162592471482e-01, 1.4561482351408686e-01,
          1.9397303586102397e-02, -3.4946015131437263e-03,
          3.2571457751790099e-03, 1.9131976344581660e-02,
          -2.6180613725737604e-04, 5.6837397482276952e-03,
          1.9672688248753439e-02, 1.4561482351408686e-01,
          3.1553271679998524e-01, 2.9333103726802767e-02,
          8.6339146477136075e-04, -4.6664776588834526e-03,
          2.5152405806253476e-02, 4.4255879284646029e-03,
          8.0327504097555125e-03, 3.2729044383613515e-02,
          1.9397303586102397e-02, 2.9333103726802773e-02,
          2.7663708851235331e-02, 3.0700186110692463e-03,
          4.9352397463190666e-03, 1.2309084770411446e-02,
          2.4055868826138639e-03, 1.5832434623797621e-02,
          1.5193726666056388e-02, -3.4946015131437245e-03,
          8.6339146477136248e-04, 3.0700186110692463e-03,
          5.0169878634324573e-02, 9.3494283831703062e-03,
          1.2987309894887267e-02, -1.8686559961154231e-04,
          1.0864356592074161e-02, 3.9089037552437512e-03,
          3.2571457751790112e-03, -4.6664776588834517e-03,
          4.9352397463190666e-03, 9.3494283831703079e-03,
          1.2700806203721196e-02, 7.6278375694187007e-03,
          -7.4179022354092317e-04, 6.5455070164374745e-03,
