%YAML:1.0
---
groups:
   - intact
   - CD19
   - blast
intactGmmnames:
   - "intact.Bln053.0"
   - "intact.Bln053.1"
   - "intact.Bln053.2"
   - "intact.Bln053.3"
   - "intact.Bln053.4"
intactLabels:
   - FSC-A
   - SSC-A
   - CD20
   - CD10
   - CD45
   - CD34
   - SYTO41
   - CD19
   - CD38
intactMu: !!opencv-matrix
   rows: 5
   cols: 9
   dt: d
   data: [ 2.2615316114183370e+00, 2.0360514778052337e+00,
       1.2040746675661032e+00, 1.6871874201279038e+00,
       1.8982601148600975e+00, 1.2352909558679990e+00,
       2.2560340123593412e+00, 1.0433260503324109e+00,
       2.3387345724573034e+00, 1.1080956877868238e+00,
       4.3915760250371633e-01, 1.0723912672535205e+00,
       8.2741310950571345e-01, 2.4580988999328381e+00,
       9.4961320558922813e-01, 2.3757715470644234e+00,
       8.7824750761599202e-01, 2.4480956385083572e+00,
       7.2018275293248557e-01, 4.6637234919416004e-01,
       8.7705058016411119e-01, 8.6437940906745692e-01,
       6.8778561925474757e-01, 1.0448115344792344e+00,
       2.6737561278362820e+00, 7.0177146276951075e-01,
       8.1330161912854038e-01, 7.7079513331079108e-01,
       2.4282234320371329e-01, 1.0271207571397798e+00,
       8.0726905882067168e-01, 2.4242177367805380e+00,
       8.7263775673681787e-01, 2.2741347272076093e+00,
       7.9162470185111933e-01, 2.4093612779401630e+00,
       1.0019333776991848e+00, 3.9556971462498930e-01,
       1.0978210448832004e+00, 8.8233784712923125e-01,
       2.5315311455036844e+00, 7.8187993969227843e-01,
       2.1283561195438221e+00, 8.5160821087749217e-01,
       1.8784070939954101e+00 ]
intactSigma:
   - !!opencv-matrix
      rows: 9
      cols: 9
      dt: d
      data: [ 5.0278742975149227e-01, 3.3284386542042188e-01,
          2.8892744372170456e-02, 8.9282503213825706e-02,
          8.6487760285467563e-02, 1.5386484475074878e-03,
          -5.9996850391643144e-03, 2.1132097321590021e-02,
          1.2317721137952349e-01, 3.3284386542042188e-01,
          7.4203371480556890e-01, -1.7250346346065003e-02,
          3.3158111041203897e-01, 1.2916390008382048e-01,
          -4.8077778578755746e-02, -6.5419865654603310e-02,
          2.8739874021173712e-03, 1.0634467221247094e-01,
          2.8892744372170456e-02, -1.7250346346065003e-02,
          2.7246433284228883e-01, 1.1599919564459467e-02,
          4.0759085875565024e-02, 5.1387690789285408e-02,
          4.0470671788055912e-02, 1.4838855260196498e-01,
          2.8343053758511677e-02, 8.9282503213825706e-02,
          3.3158111041203897e-01, 1.1599919564459467e-02,
          5.0047470472388855e-01, 1.3381553829913026e-01,
          -5.6568321474049513e-02, -5.2799089516289352e-02,
          1.8156812663847940e-02, -1.4169789999024221e-02,
          8.6487760285467563e-02, 1.2916390008382048e-01,
          4.0759085875565024e-02, 1.3381553829913026e-01,
          2.5165218389697780e-01, -1.7421900032394012e-02,
          -5.4958998659040081e-02, 5.8959646350502382e-02,
          1.1384957522240749e-01, 1.5386484475074860e-03,
          -4.8077778578755760e-02, 5.1387690789285408e-02,
          -5.6568321474049513e-02, -1.7421900032394012e-02,
          1.7345105298319430e-01, 4.6625839545732004e-02,
          3.9904599428406642e-02, 2.5355292910253645e-02,
          -5.9996850391643144e-03, -6.5419865654603296e-02,
          4.0470671788055912e-02, -5.2799089516289352e-02,
          -5.4958998659040088e-02, 4.6625839545732004e-02,
          1.2274710597222781e-01, 2.4488319665421962e-02,
          -2.6550956164666916e-02, 2.1132097321590028e-02,
          2.8739874021173751e-03, 1.4838855260196498e-01,
          1.8156812663847940e-02, 5.8959646350502382e-02,
          3.9904599428406635e-02, 2.4488319665421962e-02,
          3.1937270041207300e-01, 5.3133141791054175e-03,
          1.2317721137952349e-01, 1.0634467221247096e-01,
          2.8343053758511677e-02, -1.4169789999024221e-02,
          1.1384957522240749e-01, 2.5355292910253638e-02,
          -2.6550956164666913e-02, 5.3133141791054175e-03,
          3.7527566368231285e-01 ]
   - !!opencv-matrix
      rows: 9
      cols: 9
      dt: d
      data: [ 2.9975053724638817e-01, 4.6887917551681611e-02,
          3.9372356419485804e-02, 2.7225504812995804e-02,
          7.4712130577907279e-02, -1.7347405730047193e-02,
          -3.3810767767842011e-02, 1.8620555196141968e-02,
          4.8959365666039679e-02, 4.6887917551681611e-02,
          3.6111071310085209e-02, 1.4738865845417070e-02,
          1.1265121567654862e-02, 2.4181111621821558e-02,
          1.0267675270313435e-02, 5.5022176400852905e-03,
          1.1436961446906136e-02, 4.4860558050101376e-02,
          3.9372356419485791e-02, 1.4738865845417070e-02,
          2.9710176695979229e-01, 1.9274612873828895e-02,
          2.0381609488339916e-02, 1.8352632453810965e-02,
          3.0941973410813266e-02, 1.0358171654251887e-01,
          -6.4386973842857478e-02, 2.7225504812995804e-02,
          1.1265121567654862e-02, 1.9274612873828898e-02,
          5.8612452112156314e-02, 1.4295654569240953e-02,
          5.1997255457124636e-03, 1.5222658029772740e-02,
          9.3141585118549503e-03, 2.2468869779248359e-02,
          7.4712130577907279e-02, 2.4181111621821558e-02,
          2.0381609488339916e-02, 1.4295654569240949e-02,
          7.0768481267794267e-02, 1.1346636525424040e-03,
          1.1595909168702873e-02, 1.6008417657585108e-02,
          5.0096702876272256e-02, -1.7347405730047193e-02,
          1.0267675270313435e-02, 1.8352632453810969e-02,
          5.1997255457124619e-03, 1.1346636525424037e-03,
          6.9744615900893620e-02, 3.7209749831333565e-02,
          2.5045376700416852e-03, 3.8277915269710271e-02,
          -3.3810767767842011e-02, 5.5022176400852905e-03,
          3.0941973410813266e-02, 1.5222658029772740e-02,
          1.1595909168702873e-02, 3.7209749831333572e-02,
          9.3321615999701166e-02, 1.5574638561753633e-02,
          -5.0418051894237864e-03, 1.8620555196141968e-02,
          1.1436961446906134e-02, 1.0358171654251885e-01,
          9.3141585118549468e-03, 1.6008417657585108e-02,
          2.5045376700416843e-03, 1.5574638561753631e-02,
          1.5818820539242626e-01, -1.7416727756593312e-02,
          4.8959365666039679e-02, 4.4860558050101376e-02,
          -6.4386973842857478e-02, 2.2468869779248359e-02,
          5.0096702876272256e-02, 3.8277915269710271e-02,
          -5.0418051894237830e-03, -1.7416727756593312e-02,
          7.0986765300029842e-01 ]
   - !!opencv-matrix
      rows: 9
      cols: 9
      dt: d
      data: [ 1.1835863293068302e-01, 5.4275772397522057e-02,
          6.6492244724781716e-03, 2.3613380968350386e-02,
          2.2887996386683051e-02, 1.7317340739158849e-02,
          -9.9874225048981208e-03, 1.0104101823405449e-02,
          2.8827146149066854e-02, 5.4275772397522057e-02,
          6.0164141241717241e-02, 1.1604384117852109e-02,
          2.3216738699523305e-02, 1.0241099705389459e-02,
          3.0409086791841712e-02, 2.0036506076722548e-02,
          1.1907225512641716e-02, 2.1299089522353168e-02,
          6.6492244724781768e-03, 1.1604384117852109e-02,
          5.0042241000247678e-02, 5.1115823931496855e-03,
          -2.6271900057710956e-03, 1.1778045453804502e-02,
          9.8208064072366017e-03, 1.2429480093345139e-03,
          5.7081258490014435e-03, 2.3613380968350389e-02,
          2.3216738699523305e-02, 5.1115823931496855e-03,
          7.7327237305542446e-02, 2.3540563119801597e-04,
          1.4707842426434900e-02, 1.4045569912943746e-02,
          5.3255999474341757e-03, 1.9660602544482982e-02,
          2.2887996386683058e-02, 1.0241099705389460e-02,
          -2.6271900057710956e-03, 2.3540563119801565e-04,
          6.1312721884723892e-02, 3.6820209105849662e-03,
          -5.5023415401862813e-02, -5.6654212596276979e-04,
