%YAML:1.0
---
groups:
   - intact
   - CD19
intactGmmnames:
   - "intact.Bln045.0"
   - "intact.Bln045.1"
   - "intact.Bln045.2"
   - "intact.Bln045.3"
   - "intact.Bln045.4"
intactLabels:
   - FSC-A
   - SSC-A
   - CD20
   - CD10
   - CD45
   - CD34
   - SYTO41
   - CD19
   - CD38
intactMu: !!opencv-matrix
   rows: 5
   cols: 9
   dt: d
   data: [ 9.7320109495560692e-01, 2.2841980369464254e-01,
       7.6427634576372505e-01, 7.7497674512689119e-01,
       2.2855824047232649e+00, 8.9454295866321987e-01,
       2.4407314547796477e+00, 7.3864157544718612e-01,
       2.5887382807272559e+00, 2.3332872668572562e+00,
       3.0254023719285041e+00, 1.0930554634616003e+00,
       2.3211676013224456e+00, 2.1364985992118015e+00,
       1.3448461912432035e+00, 2.4321029321299634e+00,
       9.2635323975566475e-01, 2.6272542927198512e+00,
       1.2609128170448329e+00, 7.8930172192164838e-01,
       1.1169796880079401e+00, 1.1046457319404861e+00,
       1.2279603142850359e+00, 1.1299956283456523e+00,
       2.5265368315100063e+00, 9.0542447213890520e-01,
       1.7813918410040945e+00, 1.2324087179498482e+00,
       3.5591942321117120e-01, 8.3234017822250728e-01,
       8.2380444404372177e-01, 2.3320273633351425e+00,
       8.2749931660230636e-01, 2.3884507021678685e+00,
       7.1962809040628661e-01, 1.9904343608460249e+00,
       1.1803524472846194e+00, 5.8232018115142581e-01,
       7.5151478903671043e-01, 8.0388772904009997e-01,
       2.4427340417315340e+00, 9.5588719889884510e-01,
       2.3982258713396671e+00, 7.5028220532157652e-01,
       3.7043788327769858e+00 ]
intactSigma:
   - !!opencv-matrix
      rows: 9
      cols: 9
      dt: d
      data: [ 3.6385678129169541e-02, 6.9180820603351038e-04,
          -5.0236377698937087e-03, 4.1515099136616015e-04,
          3.2967211981743830e-03, -1.0414413496442650e-02,
          -7.3863333124446606e-03, -1.1540978870622836e-03,
          1.7753426032635342e-03, 6.9180820603351038e-04,
          2.0281762973984297e-03, 1.0575039539669905e-03,
          1.1562140615781974e-03, 1.9808268449248803e-03,
          1.6544105812622918e-03, 8.6416378991295312e-04,
          5.3484469708753551e-04, -2.9736754653414887e-03,
          -5.0236377698937079e-03, 1.0575039539669911e-03,
          9.2211991276947777e-02, 2.3727188582774003e-03,
          5.3977691753767122e-04, 2.1506319432581539e-03,
          5.9530167753039428e-03, -3.1445535041983233e-03,
          -1.4090530975062222e-02, 4.1515099136615972e-04,
          1.1562140615781974e-03, 2.3727188582773999e-03,
          2.5789796663366123e-02, 1.2045205932437496e-03,
          1.7440583430194377e-03, 2.6324052701475736e-03,
          -1.1689801239302582e-04, -3.8180448106822037e-03,
          3.2967211981743830e-03, 1.9808268449248803e-03,
          5.3977691753767144e-04, 1.2045205932437496e-03,
          8.2199498011980461e-03, 1.0774630549259460e-03,
          9.3915346426692034e-04, 3.7276049363482857e-04,
          -3.4824941763399253e-03, -1.0414413496442650e-02,
          1.6544105812622916e-03, 2.1506319432581544e-03,
          1.7440583430194377e-03, 1.0774630549259462e-03,
          3.7582283729114582e-02, 9.5071844239485916e-03,
          -5.5009333630111528e-03, -4.2218577161558845e-03,
          -7.3863333124446623e-03, 8.6416378991295312e-04,
          5.9530167753039428e-03, 2.6324052701475736e-03,
          9.3915346426692078e-04, 9.5071844239485899e-03,
          2.5358982060822328e-02, 5.7614753507970150e-03,
          -3.6333265895332669e-03, -1.1540978870622838e-03,
          5.3484469708753551e-04, -3.1445535041983237e-03,
          -1.1689801239302562e-04, 3.7276049363482825e-04,
          -5.5009333630111528e-03, 5.7614753507970150e-03,
          6.9358233470978220e-02, -2.3197284257628404e-03,
          1.7753426032635338e-03, -2.9736754653414887e-03,
          -1.4090530975062222e-02, -3.8180448106822037e-03,
          -3.4824941763399245e-03, -4.2218577161558827e-03,
          -3.6333265895332660e-03, -2.3197284257628404e-03,
          1.2642899578028746e-01 ]
   - !!opencv-matrix
      rows: 9
      cols: 9
      dt: d
      data: [ 2.4652154609889509e-01, 1.8430964059435870e-01,
          2.3549853055748381e-02, -6.8944040361205395e-03,
          3.7849743332350676e-03, 2.3798745056882543e-02,
          5.6575100099256108e-03, 2.7870095631448567e-03,
          2.2481416408689871e-02, 1.8430964059435870e-01,
          4.1938867957040538e-01, 3.0438382542795496e-02,
          2.7027379295841477e-02, 1.7302903018318390e-02,
          3.9726366714992987e-02, 1.0448639797406211e-02,
          1.3209708616008536e-02, 4.9230030722216954e-02,
          2.3549853055748381e-02, 3.0438382542795499e-02,
          7.2983492273234057e-02, 4.8110317899424460e-03,
          3.8144791603130124e-03, 6.8560425967839813e-03,
          5.3104997554198705e-03, 1.8651282408702925e-04,
          2.9465470998666352e-03, -6.8944040361205430e-03,
          2.7027379295841477e-02, 4.8110317899424451e-03,
          1.3984580900496785e-01, 2.0291488785411232e-02,
          -2.5152606253651000e-04, 1.8979791718351520e-03,
          6.3749123215232689e-03, -1.1990617878762783e-02,
          3.7849743332350676e-03, 1.7302903018318390e-02,
          3.8144791603130137e-03, 2.0291488785411232e-02,
          1.3327198991786667e-02, 4.2195110006167701e-03,
          1.6535318380733338e-03, 3.9162815012132521e-03,
          -1.8215192314910301e-03, 2.3798745056882543e-02,
          3.9726366714992981e-02, 6.8560425967839830e-03,
          -2.5152606253650957e-04, 4.2195110006167710e-03,
          6.0726452980582234e-02, 8.1766049072330392e-03,
          -7.6753674199159109e-03, 8.6196315733414360e-03,
          5.6575100099256100e-03, 1.0448639797406213e-02,
          5.3104997554198723e-03, 1.8979791718351526e-03,
          1.6535318380733338e-03, 8.1766049072330375e-03,
          1.8794740788779452e-02, 5.3049014205848533e-03,
          4.5334394132955239e-03, 2.7870095631448576e-03,
          1.3209708616008543e-02, 1.8651282408702904e-04,
          6.3749123215232663e-03, 3.9162815012132529e-03,
          -7.6753674199159082e-03, 5.3049014205848533e-03,
          1.3021348076006531e-01, 6.0410443649285394e-03,
          2.2481416408689871e-02, 4.9230030722216954e-02,
          2.9465470998666352e-03, -1.1990617878762782e-02,
          -1.8215192314910312e-03, 8.6196315733414394e-03,
          4.5334394132955256e-03, 6.0410443649285385e-03,
          4.2974782850017226e-02 ]
   - !!opencv-matrix
      rows: 9
      cols: 9
      dt: d
      data: [ 6.3573585454537784e-01, 4.2871079709967158e-01,
          4.6504483749035867e-02, 1.3832161232334092e-01,
          2.8627219166898160e-01, 1.5624497590877728e-01,
          3.7172281959205161e-02, 6.7885472466679447e-02,
          3.2792605086482085e-01, 4.2871079709967158e-01,
          6.8867672217854481e-01, 1.4251657861036276e-02,
          1.9737686325260137e-01, 1.9114289616678096e-01,
          1.2617374784788993e-01, 3.4554298033864492e-02,
          6.3782893201555585e-02, 2.3563501488216321e-01,
          4.6504483749035881e-02, 1.4251657861036276e-02,
          4.1362632550890222e-01, 4.8790477333284232e-02,
          1.7490068313988100e-01, 1.8018106287258837e-02,
          -1.7410404378931377e-02, 1.4047335880381104e-01,
          1.4411048006172131e-01, 1.3832161232334089e-01,
          1.9737686325260137e-01, 4.8790477333284232e-02,
          2.5538107776498248e-01, 1.3248821387070511e-01,
          6.7760828720273475e-02, 1.0738207497402317e-02,
          3.8913737997331971e-02, 1.1489911325649529e-01,
          2.8627219166898160e-01, 1.9114289616678096e-01,
          1.7490068313988100e-01, 1.3248821387070511e-01,
          6.3032581012424282e-01, 9.9585975014006969e-02,
          -7.4253877698423648e-02, 1.2601481680855395e-01,
