%YAML:1.0
---
groups:
   - intact
   - CD19
   - blast
intactGmmnames:
   - "intact.Bln054.0"
   - "intact.Bln054.1"
   - "intact.Bln054.2"
   - "intact.Bln054.3"
   - "intact.Bln054.4"
intactLabels:
   - FSC-A
   - SSC-A
   - CD20
   - CD10
   - CD45
   - CD34
   - SYTO41
   - CD19
   - CD38
intactMu: !!opencv-matrix
   rows: 5
   cols: 9
   dt: d
   data: [ 1.1888517557430054e+00, 4.0012235384417122e-01,
       7.8436541082177225e-01, 8.9711423493169518e-01,
       2.4665630281338626e+00, 8.0801749529246392e-01,
       2.6155175100912027e+00, 7.6616216318965802e-01,
       2.2320082857948425e+00, 2.4870136364169366e+00,
       1.6033111596079894e+00, 1.1530025529606509e+00,
       1.5079297875971178e+00, 2.1600271680615784e+00,
       1.4518799573335903e+00, 2.8427355558273373e+00,
       9.6117047934797717e-01, 2.7503747018255993e+00,
       1.5900610014934187e+00, 5.8707493760771845e-01,
       6.8146572887788215e-01, 9.4602790222523159e-01,
       2.5049730071132958e+00, 9.2852504015329196e-01,
       2.6403960723275302e+00, 7.8399962756208319e-01,
       3.7002613164627944e+00, 1.0908288409000895e+00,
       5.3743676919202266e-01, 8.8564036705244387e-01,
       1.3276861021331006e+00, 1.3929945607835850e+00,
       9.7258879634397044e-01, 2.7766939078321928e+00,
       7.9644692582699561e-01, 2.0289075833616637e+00,
       8.5846526035620740e-01, 2.4250503407707508e-01,
       7.6969584142064651e-01, 8.7646696068128693e-01,
       2.3220362678084365e+00, 8.8560563917459223e-01,
       2.7986703996916638e+00, 7.9471472444474622e-01,
       2.5013855113013226e+00 ]
intactSigma:
   - !!opencv-matrix
      rows: 9
      cols: 9
      dt: d
      data: [ 8.3559549241033662e-02, 1.5034706050286940e-02,
          -6.1476387406596972e-04, 9.6922143505376887e-04,
          2.2556481089148945e-02, -7.5271364229681035e-03,
          1.1909624683813437e-02, 3.6429177149514325e-03,
          2.0563208116605721e-02, 1.5034706050286940e-02,
          1.5156875646364618e-02, -1.3737300897988958e-03,
          1.1555532682126681e-03, 1.2714866524945639e-02,
          -5.5343537326200877e-04, 1.1345023005500348e-02,
          2.1051349014903041e-03, 1.4336194613148015e-02,
          -6.1476387406596983e-04, -1.3737300897988967e-03,
          1.0265962335463794e-01, 1.7250626866066444e-03,
          -2.5408891396180569e-03, 7.9326661483551493e-05,
          1.6114547527386967e-03, -8.9480995284414331e-04,
          -3.8511662596951157e-02, 9.6922143505376855e-04,
          1.1555532682126684e-03, 1.7250626866066458e-03,
          1.2106177681844308e-02, 8.5700135843955910e-04,
          6.8041520548057168e-05, 2.7666875965473865e-03,
          9.7257409133453610e-04, -5.8104771717784295e-04,
          2.2556481089148945e-02, 1.2714866524945639e-02,
          -2.5408891396180577e-03, 8.5700135843955910e-04,
          3.0893321122702811e-02, -1.4609516181878018e-03,
          1.3322461627360019e-02, 2.0328102962122356e-03,
          4.1643635237094377e-02, -7.5271364229681035e-03,
          -5.5343537326200910e-04, 7.9326661483551100e-05,
          6.8041520548057114e-05, -1.4609516181878018e-03,
          4.0078228388625195e-02, 6.4349685964054017e-03,
          -6.4431056219241443e-03, 1.4537524946326871e-02,
          1.1909624683813439e-02, 1.1345023005500348e-02,
          1.6114547527386965e-03, 2.7666875965473865e-03,
          1.3322461627360017e-02, 6.4349685964054017e-03,
          4.5986923796723103e-02, 1.0212273516919321e-02,
          -1.3185568703543387e-02, 3.6429177149514325e-03,
          2.1051349014903041e-03, -8.9480995284414364e-04,
          9.7257409133453632e-04, 2.0328102962122352e-03,
          -6.4431056219241460e-03, 1.0212273516919319e-02,
          6.7532330106901267e-02, -2.5288732483972529e-03,
          2.0563208116605721e-02, 1.4336194613148012e-02,
          -3.8511662596951157e-02, -5.8104771717784349e-04,
          4.1643635237094377e-02, 1.4537524946326871e-02,
          -1.3185568703543388e-02, -2.5288732483972520e-03,
          7.6158349310609885e-01 ]
   - !!opencv-matrix
      rows: 9
      cols: 9
      dt: d
      data: [ 6.6955275022920480e-01, 2.9459804377801391e-01,
          1.2389058359358769e-03, 4.1795983503595126e-02,
          5.9694611745804746e-02, 2.9752215965614542e-02,
          1.8548669640590480e-02, -2.2299581213783336e-04,
          6.3966059995734015e-02, 2.9459804377801391e-01,
          9.6861804899238313e-01, 3.3777784056488201e-02,
          3.5148600677340797e-01, -1.7166883226689708e-01,
          4.4754258690501508e-02, -5.4957680760603779e-04,
          -1.0301367333130775e-02, -1.9673725675596302e-03,
          1.2389058359358782e-03, 3.3777784056488201e-02,
          2.8683642140424204e-01, -2.3355270229492605e-03,
          -1.3716629139089855e-02, 4.3489694698270354e-02,
          1.9571049629751557e-02, 1.0725665238303937e-01,
          1.9365233442714933e-02, 4.1795983503595126e-02,
          3.5148600677340797e-01, -2.3355270229492601e-03,
          3.7281028242101116e-01, -3.7275873627259183e-02,
          2.7619075383208819e-03, -1.0850202021130993e-02,
          1.7992651033274042e-02, -2.2059961594787372e-02,
          5.9694611745804746e-02, -1.7166883226689708e-01,
          -1.3716629139089845e-02, -3.7275873627259169e-02,
          2.9446381444352371e-01, -2.2311756582776794e-02,
          5.9574577460241532e-03, 3.2621905327789198e-02,
          1.0033035189826549e-01, 2.9752215965614549e-02,
          4.4754258690501522e-02, 4.3489694698270354e-02,
          2.7619075383208814e-03, -2.2311756582776798e-02,
          1.7854863911216962e-01, 2.3008475417539864e-02,
          1.6474110567904914e-02, 2.1731873188131273e-02,
          1.8548669640590477e-02, -5.4957680760603692e-04,
          1.9571049629751557e-02, -1.0850202021130993e-02,
          5.9574577460241558e-03, 2.3008475417539868e-02,
          7.9038361436124541e-02, 8.6597646366908532e-03,
          4.6746112403363980e-02, -2.2299581213783358e-04,
          -1.0301367333130775e-02, 1.0725665238303937e-01,
          1.7992651033274045e-02, 3.2621905327789198e-02,
          1.6474110567904914e-02, 8.6597646366908532e-03,
          2.2836331367992538e-01, 1.9914254389826604e-02,
          6.3966059995734015e-02, -1.9673725675596328e-03,
          1.9365233442714930e-02, -2.2059961594787372e-02,
          1.0033035189826549e-01, 2.1731873188131273e-02,
          4.6746112403363980e-02, 1.9914254389826604e-02,
          3.6623120934841896e-01 ]
   - !!opencv-matrix
      rows: 9
      cols: 9
      dt: d
      data: [ 4.4060083529535493e-01, -3.0883433152518673e-02,
          -3.4941483427316074e-04, 3.6752855950084465e-03,
          2.1971331747293963e-02, 6.0122123446221037e-04,
          -5.4258365336777289e-02, 2.9681150486068441e-03,
          1.3117529229072980e-02, -3.0883433152518673e-02,
          9.8972864720010337e-03, 8.3430820358821583e-03,
          1.3359230683737682e-03, 1.8103231968503704e-03,
          4.0965823497749361e-03, 6.7872423167739766e-03,
          -8.8132629512784402e-04, 4.4622664697333645e-03,
          -3.4941483427316334e-04, 8.3430820358821548e-03,
          3.6952634285056646e-01, 8.9056639874789713e-03,
          -1.8855427271292238e-04, 1.0653417876426773e-02,
          7.0484556865051274e-03, -1.2723623816846259e-02,
          1.5706781524978234e-02, 3.6752855950084465e-03,
          1.3359230683737686e-03, 8.9056639874789695e-03,
          1.7676594990710271e-02, 2.1920723756311193e-03,
          1.1625285918371374e-03, 1.5011084117294226e-03,
          -2.2927672373991326e-04, 2.8544421327225578e-03,
          2.1971331747293963e-02, 1.8103231968503710e-03,
          -1.8855427271292268e-04, 2.1920723756311202e-03,
          1.4209310964878369e-02, 1.8606505621189342e-03,
