%YAML:1.0
---
groups:
   - intact
   - CD19
   - blast
intactGmmnames:
   - "intact.Bln069.0"
   - "intact.Bln069.1"
   - "intact.Bln069.2"
   - "intact.Bln069.3"
   - "intact.Bln069.4"
intactLabels:
   - FSC-A
   - SSC-A
   - CD20
   - CD10
   - CD45
   - CD34
   - SYTO41
   - CD19
   - CD38
intactMu: !!opencv-matrix
   rows: 5
   cols: 9
   dt: d
   data: [ 1.2409306535132245e+00, 2.4293332728127701e-01,
       7.9116215553869484e-01, 8.7106830616023567e-01,
       2.3196333457627620e+00, 7.3069112301941364e-01,
       2.5590160400706288e+00, 6.6263021358630769e-01,
       2.5625686367645226e+00, 3.0970052942917303e+00,
       3.0011048496699093e+00, 9.7957899534758008e-01,
       2.4976891404705990e+00, 2.1147775359160490e+00,
       1.1879253276557296e+00, 2.5667002054060850e+00,
       8.8523753836302621e-01, 2.5692256079199560e+00,
       1.2792302461996701e+00, 3.2082860930197143e-01,
       8.0154489767941028e-01, 8.6809579006265680e-01,
       2.2922098518460117e+00, 6.9563621620524208e-01,
       2.4386099784128548e+00, 6.3329732324176402e-01,
       2.0538541887966435e+00, 1.1947703156028531e+00,
       3.9552074822005800e-01, 9.0515563938590071e-01,
       9.1304232306479860e-01, 8.8592604012825438e-01,
       8.3960544641223167e-01, 2.5399019197332020e+00,
       6.5926275860931738e-01, 1.2996704171457845e+00,
       2.2017524492882066e+00, 1.1950318642323443e+00,
       1.0853071393145548e+00, 1.3609807065301598e+00,
       1.9141825268127273e+00, 1.1904617054471109e+00,
       2.6798083596501452e+00, 8.5298814440687010e-01,
       2.4770283817558041e+00 ]
intactSigma:
   - !!opencv-matrix
      rows: 9
      cols: 9
      dt: d
      data: [ 3.7291346956694407e-02, 5.2481305359275811e-04,
          -4.4760415175030654e-04, 2.4939049818071608e-04,
          2.0494691193516947e-03, -7.9069926856128602e-04,
          1.3616155575899415e-04, 4.7521653968854724e-05,
          -3.8067658699345534e-03, 5.2481305359275833e-04,
          2.3114420411305143e-03, 6.3438241481763146e-05,
          4.7703947090536826e-04, 2.3500676941372155e-03,
          1.0039088717277889e-03, 8.0945290349367408e-04,
          9.4391461058005875e-04, -3.1441103606045136e-03,
          -4.4760415175030643e-04, 6.3438241481763146e-05,
          1.9235246680069658e-02, 3.5589571313615224e-04,
          -6.7050835010474652e-04, -4.6143988647610239e-04,
          1.2624763342568564e-04, -1.7382323340734661e-03,
          -2.8282522130174564e-03, 2.4939049818071619e-04,
          4.7703947090536826e-04, 3.5589571313615224e-04,
          4.6018012305315556e-03, 5.5341160093761571e-04,
          2.6082686358030424e-04, 4.7323416321899084e-04,
          3.9089001142546688e-04, -1.2449478061364290e-03,
          2.0494691193516947e-03, 2.3500676941372151e-03,
          -6.7050835010474630e-04, 5.5341160093761582e-04,
          7.4377007804045468e-03, 1.1513822281804429e-03,
          2.0338577143964817e-03, 1.1087634077846030e-03,
          -4.1971804894288247e-03, -7.9069926856128602e-04,
          1.0039088717277889e-03, -4.6143988647610244e-04,
          2.6082686358030408e-04, 1.1513822281804431e-03,
          2.4598269320480076e-02, 2.0485304349394662e-03,
          -4.7831340163443613e-03, 2.2636046254574278e-03,
          1.3616155575899423e-04, 8.0945290349367408e-04,
          1.2624763342568564e-04, 4.7323416321899106e-04,
          2.0338577143964812e-03, 2.0485304349394662e-03,
          7.4933296238201769e-03, 5.2633324530738240e-04,
          -5.2988761136214390e-04, 4.7521653968854521e-05,
          9.4391461058005886e-04, -1.7382323340734657e-03,
          3.9089001142546704e-04, 1.1087634077846028e-03,
          -4.7831340163443604e-03, 5.2633324530738219e-04,
          5.3179704670697346e-02, -2.8972450999495865e-03,
          -3.8067658699345516e-03, -3.1441103606045127e-03,
          -2.8282522130174555e-03, -1.2449478061364290e-03,
          -4.1971804894288247e-03, 2.2636046254574278e-03,
          -5.2988761136214401e-04, -2.8972450999495847e-03,
          1.2492915131053360e-01 ]
   - !!opencv-matrix
      rows: 9
      cols: 9
      dt: d
      data: [ 3.9082751635455415e-01, 1.4343224342340499e-01,
          4.2184158781029529e-03, -4.6126124370176602e-03,
          8.1920449345110370e-03, 2.1946712445421439e-02,
          2.7326483115500291e-03, 3.0179189263638997e-04,
          1.0063607736706812e-02, 1.4343224342340502e-01,
          5.3224696307644559e-01, 2.0415051911929060e-02,
          6.3725173285052884e-03, 4.4174393116331425e-03,
          3.2776416310199230e-02, 2.2928517548890244e-03,
          5.8910504883485440e-03, 9.7878566159292468e-02,
          4.2184158781029537e-03, 2.0415051911929057e-02,
          2.8775921400598405e-02, 1.6789733926883086e-03,
          -2.4958153998505431e-04, 4.6668529374694302e-03,
          4.1584927989177910e-03, 6.2974436458180742e-03,
          6.9826070052551644e-03, -4.6126124370176593e-03,
          6.3725173285052901e-03, 1.6789733926883075e-03,
          1.2247068458889417e-01, 2.9054318038088608e-02,
          1.6524568389392359e-02, 7.2553930553607478e-03,
          2.4136097369042334e-02, 9.2180274814938554e-04,
          8.1920449345110335e-03, 4.4174393116331425e-03,
          -2.4958153998505496e-04, 2.9054318038088601e-02,
          2.0933197280200697e-02, 1.3165594574371577e-02,
          3.9109154417007923e-03, 1.0011526574172020e-02,
          -1.3454988827382047e-03, 2.1946712445421443e-02,
          3.2776416310199223e-02, 4.6668529374694311e-03,
          1.6524568389392359e-02, 1.3165594574371581e-02,
          1.0523295564384402e-01, 1.7326373409786707e-02,
          -4.6466806036721073e-03, 1.3934847262413392e-02,
          2.7326483115500274e-03, 2.2928517548890244e-03,
          4.1584927989177919e-03, 7.2553930553607478e-03,
          3.9109154417007923e-03, 1.7326373409786707e-02,
          2.7331774916041926e-02, 5.1337781818401465e-03,
          3.6841613984654703e-03, 3.0179189263638488e-04,
          5.8910504883485414e-03, 6.2974436458180759e-03,
          2.4136097369042327e-02, 1.0011526574172024e-02,
          -4.6466806036721082e-03, 5.1337781818401465e-03,
          1.3517583590448787e-01, 7.7708704608889069e-03,
          1.0063607736706812e-02, 9.7878566159292454e-02,
          6.9826070052551661e-03, 9.2180274814938489e-04,
          -1.3454988827382051e-03, 1.3934847262413392e-02,
          3.6841613984654703e-03, 7.7708704608889043e-03,
          5.6856668187082640e-02 ]
   - !!opencv-matrix
      rows: 9
      cols: 9
      dt: d
      data: [ 4.6234942384315386e-02, -6.7760994687580403e-04,
          -5.2699417558009010e-04, -2.7225939775490465e-04,
          -3.8723883997934389e-03, -2.0269618317456965e-03,
          1.9486157738992976e-04, 9.7891773913275147e-04,
          4.9323326221080311e-03, -6.7760994687580392e-04,
          1.2602317583726753e-02, -2.3655554233184304e-04,
          8.0883035403188407e-04, 8.4851406951125911e-03,
          3.1064889740803725e-03, 1.8380611703894836e-02,
          1.8317366299566190e-03, -1.7166021319171315e-03,
          -5.2699417558009043e-04, -2.3655554233184298e-04,
          1.5367425233784435e-02, 4.1808951668347808e-05,
          -1.7769912429602742e-03, -1.6968250926314796e-03,
          7.0984146442415420e-04, -1.8953341847476022e-03,
          -1.4783780439641131e-02, -2.7225939775490487e-04,
          8.0883035403188407e-04, 4.1808951668347991e-05,
          7.5494477208844701e-03, 2.1606834781818462e-03,
          5.8159279890214943e-04, 1.7010857094240963e-03,
          2.9393128179482639e-04, 1.4227925801842979e-03,
          -3.8723883997934389e-03, 8.4851406951125911e-03,
          -1.7769912429602740e-03, 2.1606834781818462e-03,
          2.4626758264649620e-02, 6.4540338267286591e-03,
