%YAML:1.0
---
groups:
   - intact
   - CD19
   - blast
intactGmmnames:
   - "intact.Bln010.0"
   - "intact.Bln010.1"
   - "intact.Bln010.2"
   - "intact.Bln010.3"
   - "intact.Bln010.4"
intactLabels:
   - FSC-A
   - SSC-A
   - CD20
   - CD10
   - CD45
   - CD34
   - SYTO41
   - CD19
   - CD38
intactMu: !!opencv-matrix
   rows: 5
   cols: 9
   dt: d
   data: [ 6.4779880700403258e-01, 3.4526246769878405e-01,
       5.3301719168098083e-01, 6.0839776678160273e-01,
       4.0820998778896750e-01, 6.1332507135785408e-01,
       3.0849553208848901e+00, 5.0179246480255046e-01,
       8.4044527516162404e-01, 2.6247024410245459e+00,
       2.6888611852062012e+00, 6.6035979577583093e-01,
       1.7957046499742304e+00, 2.1013172704452550e+00,
       7.1653827843885720e-01, 2.8175701569180109e+00,
       5.7769380539748427e-01, 1.6378702622733841e+00,
       8.8075123576115932e-01, 2.3658450988814311e-01,
       5.5527768556628920e-01, 6.0492450752477955e-01,
       2.2937907702912717e+00, 5.8200324300483819e-01,
       2.9660040293534178e+00, 5.1997747897281810e-01,
       1.8339550040222736e+00, 2.0833423929817267e+00,
       1.3994883730823688e+00, 6.3037857540235187e-01,
       7.5070613630250793e-01, 1.1690224890120986e+00,
       7.1517557461217929e-01, 3.0448432518241084e+00,
       5.2808256080295390e-01, 1.8065217543172276e+00,
       1.3276532001718058e+00, 3.2781021208657712e-01,
       5.5258591451661232e-01, 6.2573460325791230e-01,
       2.3219671816885663e+00, 5.6000230063266798e-01,
       2.8089208298916404e+00, 5.0967545262565983e-01,
       1.3894810271343732e+00 ]
intactSigma:
   - !!opencv-matrix
      rows: 9
      cols: 9
      dt: d
      data: [ 4.9178225155005369e-02, 1.0599927632103382e-02,
          -9.4678182484733302e-05, 1.3907897343438864e-03,
          1.3026839347219987e-02, 2.0618152361692333e-03,
          -1.4629757046984439e-02, -1.9654917740159032e-04,
          1.3174206199571494e-02, 1.0599927632103382e-02,
          9.4302056505254691e-03, 2.5659769773640209e-04,
          1.9803125989897815e-03, -2.6164412652106596e-03,
          2.1613623408109177e-03, 5.3979815713187367e-03,
          1.3521681068130438e-04, 1.0968483359486384e-02,
          -9.4678182484733329e-05, 2.5659769773640214e-04,
          2.4393745316634301e-03, 2.7418759555385076e-04,
          -9.9357634214509603e-04, -1.8958384537467685e-05,
          1.3250416686341577e-03, -1.3777611967307144e-04,
          8.1291486742757256e-05, 1.3907897343438864e-03,
          1.9803125989897815e-03, 2.7418759555385066e-04,
          1.3450199291834154e-02, -3.1461242940555496e-03,
          2.2728460624403318e-04, 3.5884706456497406e-03,
          1.2390053102698587e-04, 3.3436872708308397e-03,
          1.3026839347219987e-02, -2.6164412652106596e-03,
          -9.9357634214509603e-04, -3.1461242940555496e-03,
          4.0615155447517079e-02, -2.6991271175839915e-03,
          -3.8494340056869643e-02, -4.9987558871525753e-04,
          -5.3038915458947017e-03, 2.0618152361692333e-03,
          2.1613623408109177e-03, -1.8958384537467685e-05,
          2.2728460624403310e-04, -2.6991271175839924e-03,
          4.9017121537168924e-03, 3.6871395534299766e-03,
          -6.8865631339172257e-04, 4.1330289946177644e-03,
          -1.4629757046984439e-02, 5.3979815713187359e-03,
          1.3250416686341575e-03, 3.5884706456497397e-03,
          -3.8494340056869636e-02, 3.6871395534299762e-03,
          4.8739932224315191e-02, 7.7852148920992768e-04,
          1.1557856625418117e-02, -1.9654917740159040e-04,
          1.3521681068130446e-04, -1.3777611967307141e-04,
          1.2390053102698584e-04, -4.9987558871525764e-04,
          -6.8865631339172278e-04, 7.7852148920992768e-04,
          3.8892806955198281e-03, 9.5596566143285524e-04,
          1.3174206199571494e-02, 1.0968483359486384e-02,
          8.1291486742757297e-05, 3.3436872708308384e-03,
          -5.3038915458947017e-03, 4.1330289946177644e-03,
          1.1557856625418118e-02, 9.5596566143285524e-04,
          5.1915213991025243e-02 ]
   - !!opencv-matrix
      rows: 9
      cols: 9
      dt: d
      data: [ 5.8389557030849848e-01, 5.6803513375013492e-01,
          -1.7827916619996956e-02, 9.6614108530773693e-02,
          5.0464215594401049e-02, -1.7125604347733952e-02,
          -5.7732917455117001e-02, -5.7428378868829601e-03,
          5.4924816468565431e-02, 5.6803513375013492e-01,
          1.1013459508512908e+00, -4.4462873426528902e-02,
          2.3858035735409125e-01, 8.2441661689505730e-02,
          -5.3015154425414844e-02, -1.0929320136091331e-01,
          -1.7849385592822571e-02, 5.5390251443282718e-02,
          -1.7827916619996952e-02, -4.4462873426528902e-02,
          5.7638818757146888e-02, -2.6893878977492923e-02,
          -1.5741375829618761e-02, 3.2345116390297649e-02,
          2.2902247613273245e-02, 2.8431794302937973e-02,
          3.4327429983341137e-02, 9.6614108530773693e-02,
          2.3858035735409125e-01, -2.6893878977492923e-02,
          2.4278009634912603e-01, 4.2267047278810491e-02,
          -3.9341096078259405e-02, -4.3421284626536945e-02,
          -1.0754230430130606e-03, -3.2787798563910446e-02,
          5.0464215594401049e-02, 8.2441661689505730e-02,
          -1.5741375829618761e-02, 4.2267047278810491e-02,
          1.0912035441587976e-01, -2.2302241950286305e-02,
          -3.7178037284994345e-02, -3.8943285085160898e-03,
          -2.8442731008990474e-03, -1.7125604347733952e-02,
          -5.3015154425414844e-02, 3.2345116390297649e-02,
          -3.9341096078259405e-02, -2.2302241950286305e-02,
          5.7994699343363328e-02, 2.5297850722548278e-02,
          1.0056642534794932e-02, 4.0685505550389030e-02,
          -5.7732917455117001e-02, -1.0929320136091331e-01,
          2.2902247613273245e-02, -4.3421284626536945e-02,
          -3.7178037284994331e-02, 2.5297850722548275e-02,
          7.9967626401528671e-02, 9.2969024401427947e-03,
          1.3641720943287645e-02, -5.7428378868829601e-03,
          -1.7849385592822575e-02, 2.8431794302937973e-02,
          -1.0754230430130606e-03, -3.8943285085160885e-03,
          1.0056642534794933e-02, 9.2969024401427947e-03,
          3.7702655111647769e-02, 1.1828360371769318e-02,
          5.4924816468565431e-02, 5.5390251443282697e-02,
          3.4327429983341137e-02, -3.2787798563910446e-02,
          -2.8442731008990487e-03, 4.0685505550389030e-02,
          1.3641720943287645e-02, 1.1828360371769315e-02,
          1.4863003474863523e-01 ]
   - !!opencv-matrix
      rows: 9
      cols: 9
      dt: d
      data: [ 6.8103636613693716e-02, 2.3169398709704634e-03,
          -1.3078140162128135e-03, 1.2046521988435663e-04,
          9.3445647221950343e-03, -5.6575215770792355e-03,
          -3.5638057402022041e-02, -5.0127204417705197e-04,
          1.7409537235085055e-02, 2.3169398709704634e-03,
          2.0873921899969309e-03, -1.6353439963472986e-04,
          4.9586579816801113e-04, 2.7108363138517093e-03,
          5.2317800032653460e-04, -5.6653758297121903e-04,
          1.9720284514579111e-04, -6.1104675245966444e-03,
          -1.3078140162128135e-03, -1.6353439963472981e-04,
          5.1864475161999199e-03, 1.1938536398853609e-04,
          -5.3801983102118517e-04, 4.0085019449424439e-05,
          6.5976673982510461e-04, -1.0686756007355141e-04,
          7.1149738965106913e-03, 1.2046521988435667e-04,
          4.9586579816801113e-04, 1.1938536398853611e-04,
          5.1842518042562145e-03, 9.4686482756252605e-04,
          5.8202661290570381e-05, 6.5418099874174412e-04,
          -4.3985671312689296e-05, -4.3557327492325433e-04,
          9.3445647221950343e-03, 2.7108363138517093e-03,
          -5.3801983102118517e-04, 9.4686482756252605e-04,
          1.3457698893595719e-02, -1.9622666976600150e-04,
