%YAML:1.0
---
groups:
   - intact
   - CD19
   - blast
intactGmmnames:
   - "intact.Bln065.0"
   - "intact.Bln065.1"
   - "intact.Bln065.2"
   - "intact.Bln065.3"
   - "intact.Bln065.4"
intactLabels:
   - FSC-A
   - SSC-A
   - CD20
   - CD10
   - CD45
   - CD34
   - SYTO41
   - CD19
   - CD38
intactMu: !!opencv-matrix
   rows: 5
   cols: 9
   dt: d
   data: [ 1.3803014453668283e+00, 6.5783650755740453e-01,
       8.1222790713730864e-01, 9.3501603289068713e-01,
       2.5839501127535915e+00, 7.9789100657210132e-01,
       2.4106566261627531e+00, 6.8637366198786109e-01,
       2.6082263991938093e+00, 2.8785525837159143e+00,
       2.9447463407705641e+00, 1.0043248493502128e+00,
       1.8686061360215254e+00, 2.2410835734262107e+00,
       1.1691904283080086e+00, 2.3569781539991350e+00,
       8.1398963873137853e-01, 2.5863119935574126e+00,
       1.3113032211780293e+00, 4.7634785565167392e-01,
       7.5215579372837671e-01, 8.6893077474653069e-01,
       2.4870575979497827e+00, 6.7734290615444415e-01,
       2.2987895961492884e+00, 5.8750878305663468e-01,
       1.9076282497764865e+00, 1.7268094297470207e+00,
       9.4846251257745195e-01, 1.2515590927273275e+00,
       1.1044195372132262e+00, 1.6711462856170189e+00,
       9.4260965235087701e-01, 2.4082279612772877e+00,
       7.1740695916349662e-01, 1.4380217923504897e+00,
       1.1910338025813567e+00, 3.7535119138505235e-01,
       7.1701438217621438e-01, 8.7448398551105089e-01,
       2.5172972337631934e+00, 7.6766664317075295e-01,
       2.3846583226604410e+00, 6.4650407015758560e-01,
       2.6444227980339274e+00 ]
intactSigma:
   - !!opencv-matrix
      rows: 9
      cols: 9
      dt: d
      data: [ 7.0054437712962755e-02, 1.4977521310406838e-02,
          -5.7798625048277228e-04, -6.9457530246672863e-03,
          -6.0286825868457918e-04, 2.3620586277954534e-03,
          2.6093944732798369e-03, -2.0041819613979164e-03,
          4.9285162306597373e-02, 1.4977521310406838e-02,
          3.6124051455736141e-02, 1.3791006705443137e-03,
          -6.2748825157665630e-03, 8.1775037584564617e-03,
          4.0972790400135234e-03, 4.6127977754937301e-03,
          -8.8490850122419974e-04, 6.9531003648847817e-02,
          -5.7798625048277271e-04, 1.3791006705443155e-03,
          2.2769064988570251e-01, 2.1300100421633573e-03,
          2.4832047348637108e-03, 1.9388660994356188e-03,
          5.0961348052540800e-03, -6.7207461892638482e-03,
          -8.3859980354403896e-02, -6.9457530246672863e-03,
          -6.2748825157665630e-03, 2.1300100421633582e-03,
          1.9900473792455364e-02, -5.3325166429693657e-04,
          -4.3721299187237704e-03, -5.0809194298902726e-04,
          -4.5422204060462177e-04, -3.8016368859828904e-02,
          -6.0286825868457918e-04, 8.1775037584564617e-03,
          2.4832047348637117e-03, -5.3325166429693570e-04,
          1.7812795720774155e-02, 3.7846294910420336e-04,
          4.4591273672060106e-03, 1.3456181372143541e-03,
          7.6531137231903978e-03, 2.3620586277954539e-03,
          4.0972790400135243e-03, 1.9388660994356193e-03,
          -4.3721299187237704e-03, 3.7846294910420352e-04,
          4.6512707827479287e-02, 5.3617527111180134e-03,
          -6.6589939787018186e-03, 3.2100375618256599e-02,
          2.6093944732798369e-03, 4.6127977754937301e-03,
          5.0961348052540783e-03, -5.0809194298902748e-04,
          4.4591273672060106e-03, 5.3617527111180134e-03,
          1.8357232308906419e-02, 3.1366687931491462e-03,
          -2.8427672147500380e-03, -2.0041819613979160e-03,
          -8.8490850122420028e-04, -6.7207461892638499e-03,
          -4.5422204060462204e-04, 1.3456181372143536e-03,
          -6.6589939787018186e-03, 3.1366687931491471e-03,
          6.3261128912430589e-02, -2.5973984423826646e-02,
          4.9285162306597359e-02, 6.9531003648847789e-02,
          -8.3859980354403896e-02, -3.8016368859828904e-02,
          7.6531137231904012e-03, 3.2100375618256599e-02,
          -2.8427672147500380e-03, -2.5973984423826653e-02,
          7.4382552998833018e-01 ]
   - !!opencv-matrix
      rows: 9
      cols: 9
      dt: d
      data: [ 4.2776556993404963e-01, 8.5329813221877049e-02,
          -4.8379881644333801e-02, -4.7844768446861849e-02,
          5.6127389834218664e-03, -5.6486161289163270e-02,
          1.6992946268318716e-02, -4.8270093993014192e-02,
          1.6794113839320581e-02, 8.5329813221877035e-02,
          1.4917035080237713e+00, 5.3284175815762128e-02,
          5.9305905963118766e-01, -2.1756166144624239e-01,
          7.6983769998964433e-02, -6.5282369551334665e-02,
          4.1392435575465389e-02, -2.7749958251307644e-01,
          -4.8379881644333801e-02, 5.3284175815762114e-02,
          1.4287066260621623e-01, 3.6353981259036126e-02,
          -1.0608211753616875e-02, 5.5213639210387105e-02,
          -5.0398199992761168e-03, 4.6141505960049282e-02,
          -2.2533291219952307e-02, -4.7844768446861835e-02,
          5.9305905963118766e-01, 3.6353981259036133e-02,
          4.4649070278552155e-01, -4.8159990364332377e-02,
          3.8346457869245835e-02, -3.1088866896616479e-02,
          3.9391041244360971e-02, -1.1229964141991398e-01,
          5.6127389834218673e-03, -2.1756166144624239e-01,
          -1.0608211753616875e-02, -4.8159990364332390e-02,
          1.0078685360792394e-01, -7.8355179902373090e-03,
          2.8115930216047722e-02, 6.9179590001578134e-04,
          6.6439787499845790e-02, -5.6486161289163270e-02,
          7.6983769998964433e-02, 5.5213639210387126e-02,
          3.8346457869245829e-02, -7.8355179902373107e-03,
          1.3125216752832880e-01, 3.4821648582970214e-03,
          3.0517393682106493e-02, -1.7955725925178233e-03,
          1.6992946268318716e-02, -6.5282369551334679e-02,
          -5.0398199992761177e-03, -3.1088866896616475e-02,
          2.8115930216047729e-02, 3.4821648582970218e-03,
          3.8774801250465812e-02, -9.6242195062503783e-03,
          3.0272668136680753e-02, -4.8270093993014192e-02,
          4.1392435575465375e-02, 4.6141505960049296e-02,
          3.9391041244360971e-02, 6.9179590001578297e-04,
          3.0517393682106493e-02, -9.6242195062503765e-03,
          1.3578937089416937e-01, -5.6953692173745164e-03,
          1.6794113839320574e-02, -2.7749958251307644e-01,
          -2.2533291219952307e-02, -1.1229964141991400e-01,
          6.6439787499845790e-02, -1.7955725925178228e-03,
          3.0272668136680753e-02, -5.6953692173745164e-03,
          1.6979003076578680e-01 ]
   - !!opencv-matrix
      rows: 9
      cols: 9
      dt: d
      data: [ 5.1557161909015929e-02, 3.4773605832018164e-03,
          2.0273912643838004e-03, -2.3120209031739531e-04,
          1.6696602130418659e-03, -5.5802076461841936e-04,
          2.0713222219980645e-03, -9.6834843868138587e-04,
          -2.1548907204439249e-02, 3.4773605832018172e-03,
          2.1360769400886312e-02, 2.2551472273818745e-03,
          1.2559695041797546e-03, 1.5348531151248034e-02,
          2.9389143719251252e-03, 1.3262799259700518e-02,
          3.9627259097274234e-04, -3.1461700533137765e-02,
          2.0273912643838008e-03, 2.2551472273818745e-03,
          4.4067417600276146e-02, 1.1933664993846601e-03,
          8.1686043976795912e-04, -2.4618347105994239e-03,
          2.7036705120732569e-04, -1.7915056456089039e-03,
          -3.9188436794400761e-02, -2.3120209031739542e-04,
          1.2559695041797548e-03, 1.1933664993846601e-03,
          4.9469572385035365e-03, 1.8490517699825783e-03,
          -5.1654457708076508e-04, 1.8021989940366569e-03,
          -5.0026636217258790e-04, -9.2375480283638531e-04,
          1.6696602130418672e-03, 1.5348531151248034e-02,
          8.1686043976795912e-04, 1.8490517699825783e-03,
          2.8074843617046572e-02, 5.4274938506901358e-03,
