%YAML:1.0
---
groups:
   - intact
   - CD19
   - blast
intactGmmnames:
   - "intact.Bln089.0"
   - "intact.Bln089.1"
   - "intact.Bln089.2"
   - "intact.Bln089.3"
   - "intact.Bln089.4"
intactLabels:
   - FSC-A
   - SSC-A
   - CD20
   - CD10
   - CD45
   - CD34
   - SYTO41
   - CD19
   - CD38
intactMu: !!opencv-matrix
   rows: 5
   cols: 9
   dt: d
   data: [ 2.7097808078771570e+00, 2.0197001140258286e+00,
       1.2950418175545084e+00, 1.8563541793753320e+00,
       2.1498446368888762e+00, 1.5294901457104364e+00,
       2.6871297532981968e+00, 1.0858302611900688e+00,
       2.5798030033154582e+00, 1.0535978637304126e+00,
       2.4492494771488296e-01, 8.1919072671306414e-01,
       9.0035837738963997e-01, 2.4054433765184089e+00,
       9.0689920323354278e-01, 2.6113423144338825e+00,
       7.3265127383584860e-01, 1.8715368032885442e+00,
       1.7318983442694256e+00, 4.7973943806540909e-01,
       1.0179845514855874e+00, 9.6903200519413146e-01,
       2.5616888535920528e+00, 1.2895011245753332e+00,
       2.4666176279552494e+00, 7.2491529913321873e-01,
       2.4056767575545885e+00, 1.4485446092823362e+00,
       5.0433691641874967e-01, 7.8564108712756897e-01,
       8.9684446156459552e-01, 2.6403642414194333e+00,
       8.1089934989028689e-01, 2.4953416375023374e+00,
       7.3116874966086898e-01, 2.8561399757019412e+00,
       1.2859354113337802e+00, 4.7867248903850679e-01,
       8.5932542950538471e-01, 1.0532610657717278e+00,
       9.2167788856163180e-01, 1.1802540358956148e+00,
       2.6471351939576144e+00, 7.4543469190022893e-01,
       2.0994035722440749e+00 ]
intactSigma:
   - !!opencv-matrix
      rows: 9
      cols: 9
      dt: d
      data: [ 7.7183434243046145e-01, 4.5981411035661435e-01,
          1.1507312666824600e-01, 8.9752697680891780e-02,
          1.3801388618306881e-01, 9.3731570547316789e-02,
          3.4245803503607425e-02, 7.5228775489033742e-02,
          1.1113675553237649e-01, 4.5981411035661429e-01,
          8.9223517863089707e-01, 2.4055212316167016e-02,
          2.6264355940510331e-01, 9.4629917313193215e-02,
          -5.3796586673995617e-03, 1.1491981675691536e-02,
          2.4030883003269103e-02, 8.1615326249144110e-02,
          1.1507312666824600e-01, 2.4055212316167016e-02,
          4.8510104106730512e-01, -4.2393961874578966e-02,
          9.5063727858332017e-02, 9.0687535920119564e-02,
          1.1816093959875673e-02, 2.0455681972943002e-01,
          2.2573989238642310e-02, 8.9752697680891780e-02,
          2.6264355940510331e-01, -4.2393961874578966e-02,
          3.9657454389793356e-01, 5.9777758129525654e-02,
          -7.1610757696670024e-02, -8.7399526089963105e-03,
          -8.3185865153942683e-03, -1.9305529099217334e-02,
          1.3801388618306878e-01, 9.4629917313193215e-02,
          9.5063727858332017e-02, 5.9777758129525654e-02,
          2.7927929606603319e-01, 5.6370563222982548e-02,
          -1.6011096051367574e-03, 8.5232686788227610e-02,
          9.7147104486108013e-02, 9.3731570547316789e-02,
          -5.3796586673995565e-03, 9.0687535920119564e-02,
          -7.1610757696670024e-02, 5.6370563222982568e-02,
          3.2676928982882669e-01, 2.2210549779001842e-02,
          7.1908438306302377e-02, 1.3901824017936570e-01,
          3.4245803503607425e-02, 1.1491981675691536e-02,
          1.1816093959875675e-02, -8.7399526089963105e-03,
          -1.6011096051367585e-03, 2.2210549779001842e-02,
          7.5905377791980352e-02, 4.8477986091802205e-04,
          1.7892009725962783e-02, 7.5228775489033742e-02,
          2.4030883003269103e-02, 2.0455681972943002e-01,
          -8.3185865153942683e-03, 8.5232686788227610e-02,
          7.1908438306302377e-02, 4.8477986091802146e-04,
          4.0553170575511049e-01, 5.5422645999451549e-02,
          1.1113675553237649e-01, 8.1615326249144082e-02,
          2.2573989238642317e-02, -1.9305529099217338e-02,
          9.7147104486108013e-02, 1.3901824017936570e-01,
          1.7892009725962787e-02, 5.5422645999451563e-02,
          3.7214504106806079e-01 ]
   - !!opencv-matrix
      rows: 9
      cols: 9
      dt: d
      data: [ 1.1159733336214940e-01, 3.8088419153577326e-03,
          -4.3576873484744974e-03, -7.4394951345000391e-04,
          1.2556769764032476e-03, -2.2576046771065662e-02,
          -3.6188133700490600e-02, -3.9297830540570532e-03,
          -5.9750085466781483e-02, 3.8088419153577322e-03,
          3.1905847759038796e-03, 1.0879305316897621e-03,
          7.6083156134750863e-04, 2.4766533854881276e-03,
          3.2018039989047120e-03, 1.1485860368238006e-03,
          7.5046319976559527e-04, -8.1022387037714867e-03,
          -4.3576873484744965e-03, 1.0879305316897623e-03,
          4.8778950812226246e-02, 1.0924872553287114e-03,
          2.1407226467142944e-03, 2.0508167933925127e-03,
          5.0095557460286821e-03, -3.7518054420473492e-03,
          -7.9197919574041462e-03, -7.4394951345000369e-04,
          7.6083156134750863e-04, 1.0924872553287109e-03,
          7.3129441607021591e-03, 1.6950539257186694e-03,
          1.6563412512383205e-03, 2.3001775959748173e-03,
          7.2642919016439780e-04, 8.9496316694064428e-04,
          1.2556769764032476e-03, 2.4766533854881276e-03,
          2.1407226467142939e-03, 1.6950539257186697e-03,
          1.3130068502789582e-02, 6.1343716236355967e-03,
          4.7353578662211928e-03, 8.1952841527597694e-04,
          2.0727815911778607e-03, -2.2576046771065662e-02,
          3.2018039989047120e-03, 2.0508167933925123e-03,
          1.6563412512383196e-03, 6.1343716236355959e-03,
          4.7902181221748150e-02, 2.2368837809803036e-02,
          -3.7384563558011453e-03, 1.9542624711330222e-02,
          -3.6188133700490600e-02, 1.1485860368238006e-03,
          5.0095557460286821e-03, 2.3001775959748173e-03,
          4.7353578662211928e-03, 2.2368837809803036e-02,
          3.9445519348912571e-02, 5.0341886079172627e-03,
          2.4531441137314501e-02, -3.9297830540570532e-03,
          7.5046319976559538e-04, -3.7518054420473484e-03,
          7.2642919016439726e-04, 8.1952841527597662e-04,
          -3.7384563558011466e-03, 5.0341886079172627e-03,
          7.2708600660431208e-02, 2.4152511943471063e-03,
          -5.9750085466781476e-02, -8.1022387037714867e-03,
          -7.9197919574041428e-03, 8.9496316694064396e-04,
          2.0727815911778611e-03, 1.9542624711330222e-02,
          2.4531441137314501e-02, 2.4152511943471068e-03,
          2.8143692917785873e-01 ]
   - !!opencv-matrix
      rows: 9
      cols: 9
      dt: d
      data: [ 5.5586384168024461e-01, 7.3609540181824293e-02,
          -8.1482883902761656e-03, 2.8608363626877660e-03,
          7.5590323935027431e-02, -6.9547222169653228e-02,
          6.1834310494746587e-02, 3.0219899970170671e-02,
          1.4779312849922854e-01, 7.3609540181824293e-02,
          4.6590437705167506e-02, 1.1638010351131279e-02,
          5.4937130254631168e-03, 2.4614892173778706e-02,
          5.7413728724932658e-03, 2.6999219672113606e-02,
          1.4051683321208113e-02, 6.2245246766288738e-02,
          -8.1482883902761656e-03, 1.1638010351131278e-02,
          8.7524578345121551e-01, 4.1378964513887020e-02,
          2.1636856757474319e-02, -7.4356961907536059e-02,
          -2.9544544188307480e-02, -1.1096119810664198e-01,
          -2.3269643307828547e-01, 2.8608363626877660e-03,
          5.4937130254631168e-03, 4.1378964513887020e-02,
          2.6951101466387999e-02, 5.6861927053492578e-03,
          -7.6309050545439537e-04, 7.0881757893942006e-03,
          -1.3446855059579519e-02, 1.8801842745523743e-02,
          7.5590323935027418e-02, 2.4614892173778706e-02,
          2.1636856757474308e-02, 5.6861927053492569e-03,
          4.2800945127292024e-02, 7.5281322050273691e-04,
          3.2849559109391761e-03, 5.5729596476982455e-03,
