%YAML:1.0
---
groups:
   - intact
   - CD19
   - blast
intactGmmnames:
   - "intact.Bln052.0"
   - "intact.Bln052.1"
   - "intact.Bln052.2"
   - "intact.Bln052.3"
   - "intact.Bln052.4"
intactLabels:
   - FSC-A
   - SSC-A
   - CD20
   - CD10
   - CD45
   - CD34
   - SYTO41
   - CD19
   - CD38
intactMu: !!opencv-matrix
   rows: 5
   cols: 9
   dt: d
   data: [ 1.1135522552067265e+00, 4.0135398193777677e-01,
       8.4329363401420865e-01, 7.7813335448373244e-01,
       2.4920737658325862e+00, 8.2760618120998086e-01,
       2.6783940696082746e+00, 6.7244914882349482e-01,
       1.4150910111383648e+00, 2.6750214232651355e+00,
       3.2267782498919431e+00, 1.0504906427874006e+00,
       2.5515781578019814e+00, 2.0269982493399974e+00,
       1.2157512154093055e+00, 2.9215743108081638e+00,
       8.6093659205709649e-01, 2.2780501528319115e+00,
       7.9833556464627231e-01, 3.3347361971692879e-01,
       7.8628228354555907e-01, 8.6323000368198743e-01,
       4.8936540732056150e-01, 9.7015813000088524e-01,
       2.8341213700233352e+00, 6.7625023286331443e-01,
       1.1494759757409314e+00, 8.4925347851712918e-01,
       3.4221677132140499e-01, 7.8664258581523538e-01,
       7.7984955621735763e-01, 2.4791809199050721e+00,
       9.5450199423049653e-01, 2.8428474947209126e+00,
       7.1270465710957576e-01, 2.7083661067094287e+00,
       2.3021927875174799e+00, 1.9842296300918143e+00,
       1.1204929853228218e+00, 1.6379877409564318e+00,
       1.8149651252631036e+00, 1.3731055300932029e+00,
       2.8630803196627546e+00, 9.5316780524523792e-01,
       2.4221769093160450e+00 ]
intactSigma:
   - !!opencv-matrix
      rows: 9
      cols: 9
      dt: d
      data: [ 1.2583111199107277e-01, 6.3298463402540325e-03,
          2.8143280363377501e-05, -8.3734614049616688e-03,
          2.4472885189427303e-02, -1.9573381550774139e-02,
          -1.9690848790736640e-02, 9.0807885287274486e-04,
          1.7276440748893552e-02, 6.3298463402540325e-03,
          1.1565602413898620e-02, -1.3953603342723303e-03,
          -1.1569294846495066e-03, 9.3831879147596650e-03,
          -2.7882100841854752e-03, -2.1627314797243533e-03,
          1.8789260907799070e-03, 3.3561820505926521e-03,
          2.8143280363376667e-05, -1.3953603342723299e-03,
          7.7857221557991754e-02, 2.5821194483558224e-03,
          4.1854116357724347e-03, -3.6427263219364877e-03,
          3.3294477017351424e-03, -4.8916308766369123e-04,
          -3.7007592914283072e-02, -8.3734614049616688e-03,
          -1.1569294846495062e-03, 2.5821194483558233e-03,
          7.2027402031981519e-02, -8.7419916725201018e-04,
          -1.4706405538077315e-03, 8.0197717484147071e-03,
          -1.0465999726599470e-03, -1.3584008364579993e-02,
          2.4472885189427303e-02, 9.3831879147596668e-03,
          4.1854116357724356e-03, -8.7419916725201040e-04,
          3.0999205363931807e-02, -5.9135712370078503e-03,
          -3.6549950775781174e-03, 1.1015400845619876e-03,
          2.9093885239712541e-02, -1.9573381550774129e-02,
          -2.7882100841854747e-03, -3.6427263219364868e-03,
          -1.4706405538077311e-03, -5.9135712370078494e-03,
          4.3088519099392743e-02, 2.0048348299782897e-02,
          -7.2496307442686597e-03, 8.2686290351862042e-03,
          -1.9690848790736636e-02, -2.1627314797243525e-03,
          3.3294477017351424e-03, 8.0197717484147054e-03,
          -3.6549950775781187e-03, 2.0048348299782897e-02,
          6.4011136156920986e-02, 5.4789379080046694e-03,
          -1.2345823447120076e-02, 9.0807885287274540e-04,
          1.8789260907799070e-03, -4.8916308766369123e-04,
          -1.0465999726599479e-03, 1.1015400845619879e-03,
          -7.2496307442686597e-03, 5.4789379080046694e-03,
          5.7754564955057729e-02, 9.5033386821734007e-04,
          1.7276440748893555e-02, 3.3561820505926521e-03,
          -3.7007592914283072e-02, -1.3584008364579991e-02,
          2.9093885239712541e-02, 8.2686290351862007e-03,
          -1.2345823447120078e-02, 9.5033386821733812e-04,
          7.1373881152596563e-01 ]
   - !!opencv-matrix
      rows: 9
      cols: 9
      dt: d
      data: [ 3.6160752354205883e-01, 1.4353885950769887e-01,
          1.7413374064001078e-02, -1.0751969813341967e-02,
          1.1479521709590608e-03, 2.4449624336040903e-02,
          -4.4029438128572749e-03, 4.2553126577838810e-03,
          3.3156427583736423e-02, 1.4353885950769887e-01,
          3.3715804712456898e-01, 2.7104564499539571e-02,
          2.4649942899434344e-02, 8.7061678770154836e-03,
          3.8373028583424382e-02, 3.1038672643401927e-03,
          1.5836833329759773e-02, 4.7139833652516054e-02,
          1.7413374064001081e-02, 2.7104564499539571e-02,
          5.9193487800364625e-02, 9.1884598725073246e-03,
          5.2955292025037041e-03, 3.8546482046853126e-03,
          5.4871353369677278e-03, 3.3099525458013724e-04,
          4.7149341697511936e-03, -1.0751969813341965e-02,
          2.4649942899434341e-02, 9.1884598725073246e-03,
          9.2284122792218246e-02, 3.1373140832408240e-02,
          -3.1835205118256435e-05, -2.1498402291623272e-03,
          1.6168273251039131e-02, -3.9273020324778786e-03,
          1.1479521709590608e-03, 8.7061678770154836e-03,
          5.2955292025037041e-03, 3.1373140832408240e-02,
          2.9793589120284111e-02, 1.7873665358101912e-03,
          -9.5495980668103744e-03, 7.5169528706995163e-03,
          -3.8999551647575501e-03, 2.4449624336040896e-02,
          3.8373028583424382e-02, 3.8546482046853126e-03,
          -3.1835205118255669e-05, 1.7873665358101899e-03,
          8.7339658369434900e-02, 1.0267844751412590e-02,
          -1.4757537778229054e-02, 1.2096636843618495e-02,
          -4.4029438128572731e-03, 3.1038672643401927e-03,
          5.4871353369677278e-03, -2.1498402291623268e-03,
          -9.5495980668103744e-03, 1.0267844751412590e-02,
          4.5909605178243419e-02, 3.6257855497122478e-03,
          2.2854708719444840e-03, 4.2553126577838810e-03,
          1.5836833329759773e-02, 3.3099525458013751e-04,
          1.6168273251039131e-02, 7.5169528706995163e-03,
          -1.4757537778229050e-02, 3.6257855497122456e-03,
          1.3161045402840407e-01, 6.4088780397517737e-03,
          3.3156427583736436e-02, 4.7139833652516054e-02,
          4.7149341697511954e-03, -3.9273020324778786e-03,
          -3.8999551647575484e-03, 1.2096636843618495e-02,
          2.2854708719444844e-03, 6.4088780397517746e-03,
          5.2427174641700020e-02 ]
   - !!opencv-matrix
      rows: 9
      cols: 9
      dt: d
      data: [ 8.7156671268508443e-02, 9.1331142109607050e-03,
          8.1679540685010823e-04, 5.3169402039673509e-03,
          1.2900674515599762e-02, -4.6813369889277040e-03,
          -1.6302445051013047e-02, 2.8060390981421851e-03,
          5.8705222366504657e-04, 9.1331142109607050e-03,
          1.0314377637575613e-02, 6.2992763431598880e-04,
          1.0276269256182097e-02, -5.1922425191914751e-03,
          9.3791608522903434e-03, 9.9937935201138903e-03,
          2.4185578551213279e-03, 3.0038926942864797e-02,
          8.1679540685010909e-04, 6.2992763431598891e-04,
          4.0097213570993974e-02, 2.1873920767925899e-03,
          -4.3701813241862047e-03, -1.0608447695477786e-03,
          4.2300925568041856e-03, -6.0060483739620679e-03,
          -7.7096017921531469e-03, 5.3169402039673500e-03,
          1.0276269256182097e-02, 2.1873920767925899e-03,
          1.2323776345714679e-01, -6.0573955757257589e-03,
          2.1787042748132042e-02, 1.3146398095442163e-02,
          6.2346846185395493e-03, 7.9969783699934571e-02,
          1.2900674515599762e-02, -5.1922425191914751e-03,
          -4.3701813241862064e-03, -6.0573955757257589e-03,
          5.3954355943274801e-02, -1.4292288694922214e-02,
