%YAML:1.0
---
groups:
   - intact
   - CD19
   - blast
intactGmmnames:
   - "intact.Bln006.0"
   - "intact.Bln006.1"
   - "intact.Bln006.2"
   - "intact.Bln006.3"
   - "intact.Bln006.4"
intactLabels:
   - FSC-A
   - SSC-A
   - CD20
   - CD10
   - CD45
   - CD34
   - SYTO41
   - CD19
   - CD38
intactMu: !!opencv-matrix
   rows: 5
   cols: 9
   dt: d
   data: [ 1.1624046128142516e+00, 2.9161089477080210e-01,
       5.6070105042699514e-01, 7.8292608993513280e-01,
       2.3978800214860359e+00, 6.0218352233035266e-01,
       2.5449586976109799e+00, 5.1871165062467539e-01,
       2.1551779710345094e+00, 2.8974387038432510e+00,
       2.1172171554972361e+00, 8.9512671632151342e-01,
       1.4730480424776415e+00, 1.8817946442878546e+00,
       1.0786904527892642e+00, 2.7234112887604915e+00,
       8.3566442167446153e-01, 2.1604946437667332e+00,
       1.1051725220537365e+00, 4.6747258064942970e-01,
       5.9823782498442879e-01, 7.8132262494066718e-01,
       6.8695865591115046e-01, 6.8700915389968653e-01,
       2.6393518246806718e+00, 5.1173050922783636e-01,
       1.1656146031981152e+00, 1.6661621811178404e+00,
       8.7262122416604271e-01, 6.6692528385088889e-01,
       9.5302852272156979e-01, 8.8838114663588419e-01,
       8.7112855655545096e-01, 2.8298881045278459e+00,
       6.1468005516676494e-01, 2.1679847260013752e+00,
       1.4089520127025335e+00, 4.7751622092230239e-01,
       6.4583879193446248e-01, 7.9702559235112036e-01,
       2.4599781476096334e+00, 6.2889458216787042e-01,
       2.5460190344623994e+00, 5.5861271601178020e-01,
       1.8227581897323839e+00 ]
intactSigma:
   - !!opencv-matrix
      rows: 9
      cols: 9
      dt: d
      data: [ 2.9348568918176009e-02, 2.2217708372001235e-03,
          -5.4052516862218125e-04, 2.6457249398838815e-04,
          3.2795726800615931e-03, -1.0965575432201318e-03,
          -1.3631201357237573e-03, 9.6806348950117074e-05,
          -4.6207993317714828e-03, 2.2217708372001235e-03,
          3.0543670887722631e-03, 3.6837909535447351e-04,
          1.6209092339982816e-04, 2.8601740278818978e-03,
          2.5002206945126378e-04, 2.9051484928201306e-04,
          2.4951171036168560e-04, -5.8152332397835016e-03,
          -5.4052516862218125e-04, 3.6837909535447367e-04,
          6.5107384061810899e-03, -1.3635978822018720e-06,
          3.8517134182493128e-04, 2.0576195867861075e-04,
          6.4730189297715216e-04, 2.3567021675908467e-05,
          -3.9315718615786409e-03, 2.6457249398838820e-04,
          1.6209092339982819e-04, -1.3635978822018974e-06,
          9.7450808675842240e-04, 1.4082599620446212e-04,
          -3.1845239341377220e-05, -1.0498027065322431e-04,
          7.4086946974114950e-05, -5.1259265541834490e-04,
          3.2795726800615944e-03, 2.8601740278818978e-03,
          3.8517134182493128e-04, 1.4082599620446210e-04,
          1.0651561659943928e-02, 5.3333870991948947e-05,
          -1.1795381913084951e-04, 4.6428214860848831e-04,
          -9.7784120550314883e-03, -1.0965575432201320e-03,
          2.5002206945126372e-04, 2.0576195867861075e-04,
          -3.1845239341377200e-05, 5.3333870991948967e-05,
          3.1147799699711028e-03, 6.6730867276465510e-04,
          -4.0182268404668613e-04, 2.1798763123278986e-03,
          -1.3631201357237573e-03, 2.9051484928201301e-04,
          6.4730189297715216e-04, -1.0498027065322432e-04,
          -1.1795381913084956e-04, 6.6730867276465521e-04,
          3.0878203983684838e-03, 3.3695997186392436e-04,
          -3.1623402636795695e-03, 9.6806348950117141e-05,
          2.4951171036168560e-04, 2.3567021675908484e-05,
          7.4086946974114963e-05, 4.6428214860848814e-04,
          -4.0182268404668619e-04, 3.3695997186392442e-04,
          3.7670478830940596e-03, -1.2665043677349583e-03,
          -4.6207993317714845e-03, -5.8152332397835016e-03,
          -3.9315718615786418e-03, -5.1259265541834490e-04,
          -9.7784120550314865e-03, 2.1798763123278986e-03,
          -3.1623402636795695e-03, -1.2665043677349583e-03,
          1.8007636938641855e-01 ]
   - !!opencv-matrix
      rows: 9
      cols: 9
      dt: d
      data: [ 8.7956798111462620e-01, 8.2090667846815979e-01,
          1.7826866841879837e-02, 1.9629000803510160e-01,
          1.3415625110871363e-01, 2.1697381170287484e-02,
          -2.5412851654815917e-02, 1.9171631438546787e-02,
          1.7468317443254811e-01, 8.2090667846815979e-01,
          1.3982544211421708e+00, 1.8753213100439550e-02,
          4.8028186470085721e-01, 2.4806835275075201e-01,
          1.9027357607438553e-02, -1.0302902266627334e-01,
          3.1207885524222084e-02, 2.2580951227670962e-01,
          1.7826866841879837e-02, 1.8753213100439543e-02,
          1.1596851048685757e-01, 2.7571699629834524e-03,
          5.1528618760272342e-03, 6.7351807768177618e-02,
          1.8061878397819316e-02, 7.6839688739929871e-02,
          6.3473690469045704e-02, 1.9629000803510160e-01,
          4.8028186470085721e-01, 2.7571699629834524e-03,
          4.7291485780427739e-01, 1.5280717060274199e-01,
          6.1869532885480017e-03, -5.9395636100472014e-02,
          6.0025657046625672e-02, 6.0674377749129135e-02,
          1.3415625110871368e-01, 2.4806835275075201e-01,
          5.1528618760272342e-03, 1.5280717060274199e-01,
          3.6545638283531640e-01, -2.2216424726527084e-02,
          -6.2474038100830083e-02, 3.3406243621031846e-02,
          2.2376294771105421e-01, 2.1697381170287484e-02,
          1.9027357607438559e-02, 6.7351807768177618e-02,
          6.1869532885480017e-03, -2.2216424726527087e-02,
          1.1429849276484814e-01, 2.1682041027129176e-02,
          4.4068137782631710e-02, 7.4797158260227717e-02,
          -2.5412851654815917e-02, -1.0302902266627334e-01,
          1.8061878397819316e-02, -5.9395636100472014e-02,
          -6.2474038100830083e-02, 2.1682041027129176e-02,
          7.3636864958305084e-02, 7.2042017013774036e-03,
          -1.6214727445100077e-02, 1.9171631438546787e-02,
          3.1207885524222077e-02, 7.6839688739929871e-02,
          6.0025657046625672e-02, 3.3406243621031853e-02,
          4.4068137782631710e-02, 7.2042017013774036e-03,
          1.3709304045681001e-01, 9.7202816092804553e-02,
          1.7468317443254811e-01, 2.2580951227670967e-01,
          6.3473690469045718e-02, 6.0674377749129135e-02,
          2.2376294771105421e-01, 7.4797158260227717e-02,
          -1.6214727445100077e-02, 9.7202816092804553e-02,
          6.4384292622430572e-01 ]
   - !!opencv-matrix
      rows: 9
      cols: 9
      dt: d
      data: [ 4.4969101448473305e-02, 1.2565646672855113e-02,
          1.4814516257653930e-03, -1.5449783648884541e-03,
          8.8888643655904854e-05, 5.3298936317325817e-03,
          1.2596205494083315e-02, -1.9482958049796839e-04,
          -2.1900333681435639e-03, 1.2565646672855113e-02,
          1.5235658331361063e-02, 1.2619070187810497e-03,
          -7.4310347386442757e-04, 5.2726089797312261e-04,
          4.9370301500911446e-03, 9.4112459109090742e-03,
          4.9722494689881814e-04, 2.4900025430843766e-02,
          1.4814516257653934e-03, 1.2619070187810495e-03,
          3.5419139471820514e-03, 1.7166731954588009e-05,
          -1.8031971806304914e-04, 1.1463493958264058e-03,
          2.0524193790042778e-03, 5.4185514683847649e-05,
          1.5539317921015987e-03, -1.5449783648884543e-03,
          -7.4310347386442736e-04, 1.7166731954587999e-05,
          5.6525317776628921e-03, 1.6821297129763742e-03,
          -3.6545342046640189e-04, -2.3087402509012131e-03,
          6.4803233255872106e-05, 8.9386694929546422e-03,
          8.8888643655905044e-05, 5.2726089797312250e-04,
          -1.8031971806304923e-04, 1.6821297129763742e-03,
          7.5783033509590168e-03, 2.8932852602622756e-04,
