%YAML:1.0
---
groups:
   - intact
   - CD19
intactGmmnames:
   - "intact.Bln034.0"
   - "intact.Bln034.1"
   - "intact.Bln034.2"
   - "intact.Bln034.3"
   - "intact.Bln034.4"
intactLabels:
   - FSC-A
   - SSC-A
   - CD20
   - CD10
   - CD45
   - CD34
   - SYTO41
   - CD19
   - CD38
intactMu: !!opencv-matrix
   rows: 5
   cols: 9
   dt: d
   data: [ 8.3805390510212063e-01, 3.4667669222968117e-01,
       8.2633152471229143e-01, 9.1247754057934849e-01,
       8.2409031436768554e-01, 1.0292510964170740e+00,
       2.0496845322875754e+00, 8.3914048367250560e-01,
       1.1699245623986605e+00, 2.9175375318920791e+00,
       3.6017280628882338e+00, 1.2358923757805635e+00,
       2.6296669587604331e+00, 2.1650933462820250e+00,
       1.4942165157756906e+00, 2.0090931484375818e+00,
       1.0618504239182838e+00, 2.3103622316877144e+00,
       9.1547180098419012e-01, 2.3183272962757900e-01,
       7.9100727508898383e-01, 7.6747560470316722e-01,
       2.3550467589669557e+00, 9.8324019883751324e-01,
       2.1104000006795358e+00, 8.5763898340605704e-01,
       2.5077061823419027e+00, 2.3434535149529969e+00,
       1.3230489462435489e+00, 1.1466441645264065e+00,
       1.2895729944385439e+00, 2.1254127698386034e+00,
       1.6056475743884993e+00, 2.2334656514715050e+00,
       1.0217675694217834e+00, 2.6641363116577810e+00,
       1.2558547168088949e+00, 3.9087092035035842e-01,
       8.0613486591015493e-01, 7.9499976392800698e-01,
       2.4004337644219049e+00, 8.9263448151002311e-01,
       1.9982085083721630e+00, 8.6336203620996266e-01,
       1.8917792200103980e+00 ]
intactSigma:
   - !!opencv-matrix
      rows: 9
      cols: 9
      dt: d
      data: [ 5.1876157391774327e-02, 1.3738854108454943e-02,
          5.8320303858889534e-04, 9.1542212137175824e-03,
          6.8261431083096041e-03, 6.8585022674655981e-03,
          1.1002782880507720e-02, 9.1184411565553591e-04,
          2.5634207894753996e-02, 1.3738854108454943e-02,
          1.0005509125201862e-02, 7.6584368490047769e-04,
          9.4894406207772005e-03, 4.0690056065942745e-03,
          6.6821488772542690e-03, 6.8117107231765259e-03,
          4.2266077984593565e-04, 1.5803437685945217e-02,
          5.8320303858889555e-04, 7.6584368490047769e-04,
          4.3019495352485754e-02, -5.0514802046446950e-04,
          5.5422329865531181e-04, -2.7377254129467526e-03,
          2.4090258079047964e-03, -7.3983463760196782e-03,
          -4.7063063531692763e-03, 9.1542212137175824e-03,
          9.4894406207772005e-03, -5.0514802046446852e-04,
          1.2292278574466139e-01, 4.8765383371810831e-03,
          5.3849805526055665e-03, 8.9871857132895038e-03,
          -3.3173394233433967e-03, 4.2462934493191343e-02,
          6.8261431083096041e-03, 4.0690056065942745e-03,
          5.5422329865531148e-04, 4.8765383371810831e-03,
          5.4989831981747863e-03, 3.8198677479208097e-03,
          7.5766906576519850e-04, -5.1902930781211668e-04,
          1.4265467498067504e-02, 6.8585022674655998e-03,
          6.6821488772542690e-03, -2.7377254129467531e-03,
          5.3849805526055665e-03, 3.8198677479208097e-03,
          4.7928733938286026e-02, 1.2515246182162234e-02,
          -1.1549967674753879e-02, 1.5208073553559708e-02,
          1.1002782880507720e-02, 6.8117107231765259e-03,
          2.4090258079047964e-03, 8.9871857132895021e-03,
          7.5766906576519818e-04, 1.2515246182162234e-02,
          3.4214071881984935e-02, 3.3895806350424970e-03,
          1.7006052609371086e-02, 9.1184411565553591e-04,
          4.2266077984593560e-04, -7.3983463760196782e-03,
          -3.3173394233433945e-03, -5.1902930781211646e-04,
          -1.1549967674753879e-02, 3.3895806350424974e-03,
          8.4563021017885515e-02, 2.9030523053336951e-03,
          2.5634207894753996e-02, 1.5803437685945217e-02,
          -4.7063063531692746e-03, 4.2462934493191336e-02,
          1.4265467498067503e-02, 1.5208073553559713e-02,
          1.7006052609371096e-02, 2.9030523053336955e-03,
          2.8266194045901016e-01 ]
   - !!opencv-matrix
      rows: 9
      cols: 9
      dt: d
      data: [ 3.2518650373859359e-01, 1.0987753372960983e-01,
          2.7410397484838409e-02, -8.0688260006704041e-03,
          2.2459240787378581e-03, 4.3903150183434006e-02,
          7.9276623209848535e-03, 3.6156303450205047e-03,
          2.5795176105454180e-02, 1.0987753372960983e-01,
          2.4168478312803357e-01, 2.3122169898719545e-02,
          7.2050119999187180e-03, 2.4378328732930221e-03,
          2.9720486368156412e-02, 7.3856592977358032e-03,
          7.9468302053864476e-03, 3.4984272138862238e-02,
          2.7410397484838409e-02, 2.3122169898719545e-02,
          5.4717174657109902e-02, 1.6131972766342320e-03,
          3.2982420245094009e-03, 1.1370483748625537e-02,
          7.7535001772551463e-03, -1.7501049876658585e-03,
          8.2552246157458521e-03, -8.0688260006704041e-03,
          7.2050119999187180e-03, 1.6131972766342316e-03,
          6.8907349630290118e-02, 1.3345638192908123e-02,
          2.1855087999940216e-03, 1.7369795981093819e-03,
          4.2220587255787038e-03, -1.9523944707176037e-03,
          2.2459240787378559e-03, 2.4378328732930199e-03,
          3.2982420245094009e-03, 1.3345638192908123e-02,
          1.5121568407272806e-02, 6.4530600049997533e-03,
          4.6484117070625776e-03, 3.8434440038763200e-03,
          -1.1368813228168650e-03, 4.3903150183434006e-02,
          2.9720486368156412e-02, 1.1370483748625536e-02,
          2.1855087999940207e-03, 6.4530600049997533e-03,
          6.5351602375971748e-02, 1.1712145164051141e-02,
          -3.4191277760685303e-03, 1.3894559929215863e-02,
          7.9276623209848553e-03, 7.3856592977358032e-03,
          7.7535001772551446e-03, 1.7369795981093819e-03,
          4.6484117070625776e-03, 1.1712145164051141e-02,
          2.1080457506622515e-02, 3.9538353845578076e-03,
          7.9961580209863357e-03, 3.6156303450205077e-03,
          7.9468302053864459e-03, -1.7501049876658566e-03,
          4.2220587255787072e-03, 3.8434440038763213e-03,
          -3.4191277760685320e-03, 3.9538353845578068e-03,
          1.3147843225236328e-01, 4.6505361520452863e-03,
          2.5795176105454183e-02, 3.4984272138862238e-02,
          8.2552246157458504e-03, -1.9523944707176037e-03,
          -1.1368813228168648e-03, 1.3894559929215863e-02,
          7.9961580209863357e-03, 4.6505361520452863e-03,
          4.7041622570545678e-02 ]
   - !!opencv-matrix
      rows: 9
      cols: 9
      dt: d
      data: [ 6.2624929496018208e-02, 4.1283775142410755e-04,
          -1.1193632610760040e-02, -1.2466949854247043e-03,
          3.3687158227972071e-03, -2.3791982641587502e-02,
          -1.9433466803926189e-02, -6.2408198309762042e-04,
          1.2669935519352943e-02, 4.1283775142410744e-04,
          2.0640968886438686e-03, 1.2520194370226356e-03,
          1.2826298708075417e-03, 1.2048793621315247e-03,
          2.5802872851358777e-03, 9.7207985348005501e-04,
          4.9867110510117517e-04, -4.3131633800912424e-03,
          -1.1193632610760040e-02, 1.2520194370226356e-03,
          8.6870786973542446e-02, 1.5695736995738822e-03,
          5.9222278833714534e-04, 5.0672619889166326e-03,
          7.0463954142808496e-03, -4.8972378565990023e-03,
          -1.4901066421935788e-02, -1.2466949854247052e-03,
          1.2826298708075422e-03, 1.5695736995738820e-03,
          3.4639894579913816e-02, 1.6353183308628098e-03,
          2.0226118164429477e-03, 2.4279867966061955e-03,
          -1.9398715396216756e-03, -4.1182781271096574e-03,
          3.3687158227972071e-03, 1.2048793621315245e-03,
          5.9222278833714534e-04, 1.6353183308628098e-03,
          8.3090251002467582e-03, 8.2725244397120832e-04,
          -4.3775450576712280e-05, 4.5627461481463524e-04,
