%YAML:1.0
---
groups:
   - intact
   - CD19
intactGmmnames:
   - "intact.Bln009.0"
   - "intact.Bln009.1"
   - "intact.Bln009.2"
   - "intact.Bln009.3"
   - "intact.Bln009.4"
intactLabels:
   - FSC-A
   - SSC-A
   - CD20
   - CD10
   - CD45
   - CD34
   - SYTO41
   - CD19
   - CD38
intactMu: !!opencv-matrix
   rows: 5
   cols: 9
   dt: d
   data: [ 1.1560715329363154e+00, 6.0169473118980610e-01,
       8.9907113587632503e-01, 6.2319941087807718e-01,
       2.5293651267951747e+00, 6.2878449133343406e-01,
       2.2006815313047188e+00, 5.0513447096772535e-01,
       2.9090058723805670e+00, 1.9735931937443658e+00,
       1.0318024675518911e+00, 8.8910445452934805e-01,
       8.4312352295589021e-01, 2.3350095642211914e+00,
       9.2295875349685175e-01, 2.5602143641256312e+00,
       5.9357614342379517e-01, 2.2580648512843418e+00,
       9.4576517981840402e-01, 3.3445528376383954e-01,
       5.6932674164884733e-01, 6.1037923291880403e-01,
       2.3845412303968301e+00, 6.2160209998818428e-01,
       2.4348783234922293e+00, 5.1667353975831065e-01,
       1.5275302977817580e+00, 2.4415727341913525e+00,
       3.1599790435543578e+00, 6.6864504649936196e-01,
       2.0646838488197936e+00, 2.2255457310845483e+00,
       8.4022602184532114e-01, 2.4797848090869938e+00,
       5.8365975415168259e-01, 1.9311277175490620e+00,
       9.1429030806365608e-01, 5.0465380474632937e-01,
       5.5239743526636598e-01, 7.4027622170198093e-01,
       7.4172601281576089e-01, 6.9959251393949262e-01,
       2.6293415079895954e+00, 5.1247006074838786e-01,
       9.5548067994671171e-01 ]
intactSigma:
   - !!opencv-matrix
      rows: 9
      cols: 9
      dt: d
      data: [ 2.7339044339058156e-02, -2.2353159387661923e-03,
          8.2837911320575669e-04, 4.5055699349774687e-04,
          -5.1058045529972886e-04, 9.3228586821427587e-05,
          2.7164880396976557e-03, 2.3426037791007827e-05,
          1.4029920729568413e-03, -2.2353159387661918e-03,
          7.1934945026503137e-03, 6.2703311858191262e-03,
          1.0784486912878161e-03, 3.9522175869145977e-03,
          1.6641162383094358e-03, 6.9026031366688765e-04,
          6.8876135899038126e-05, 8.2070096123629636e-03,
          8.2837911320575593e-04, 6.2703311858191262e-03,
          4.1184216326108268e-02, 3.3640023822517117e-03,
          4.2682103618517609e-03, 5.9365954312775148e-03,
          1.2031657663557202e-03, -3.1332852330608410e-04,
          4.1412973893174942e-02, 4.5055699349774670e-04,
          1.0784486912878163e-03, 3.3640023822517117e-03,
          1.1023302975964070e-02, 1.2491422059807866e-03,
          4.8875365409661875e-04, 7.6444131792332323e-04,
          -3.7868412523685842e-05, 3.7644979402375405e-03,
          -5.1058045529972897e-04, 3.9522175869145977e-03,
          4.2682103618517609e-03, 1.2491422059807866e-03,
          1.0832045847331358e-02, 1.3657375248602133e-03,
          9.9400862191233240e-04, 1.5335720470732240e-04,
          5.4639386163988909e-03, 9.3228586821427642e-05,
          1.6641162383094358e-03, 5.9365954312775148e-03,
          4.8875365409661864e-04, 1.3657375248602138e-03,
          4.1917105401490292e-03, 1.6356881259751662e-04,
          -6.7455353642766893e-04, 8.3486808218842037e-03,
          2.7164880396976553e-03, 6.9026031366688765e-04,
          1.2031657663557204e-03, 7.6444131792332366e-04,
          9.9400862191233240e-04, 1.6356881259751657e-04,
          1.7269276831330328e-02, 4.8586631567585313e-04,
          8.2386214277814333e-04, 2.3426037791007800e-05,
          6.8876135899038018e-05, -3.1332852330608415e-04,
          -3.7868412523685842e-05, 1.5335720470732234e-04,
          -6.7455353642766871e-04, 4.8586631567585286e-04,
          4.2855098784773549e-03, -2.5686241134637636e-05,
          1.4029920729568413e-03, 8.2070096123629619e-03,
          4.1412973893174949e-02, 3.7644979402375401e-03,
          5.4639386163988918e-03, 8.3486808218842037e-03,
          8.2386214277814290e-04, -2.5686241134637724e-05,
          6.1257594168914777e-02 ]
   - !!opencv-matrix
      rows: 9
      cols: 9
      dt: d
      data: [ 6.5981098113290948e-01, 3.6780987595924691e-01,
          7.5042537560790198e-02, 8.8738277375604094e-02,
          6.8604903794844588e-02, 9.0271619797099689e-02,
          2.2632268944576910e-02, 2.8304023475323094e-02,
          1.7639847862887695e-01, 3.6780987595924691e-01,
          5.2414178537212230e-01, 4.7180023717318963e-02,
          1.4917453551371274e-01, -6.9530436574568463e-02,
          6.8917178587419831e-02, 3.4918225354629046e-02,
          3.1347060466829509e-02, 6.3032556697938558e-02,
          7.5042537560790198e-02, 4.7180023717318956e-02,
          1.0908950549231272e-01, 1.7303335047901561e-02,
          4.6553083574827119e-02, 1.5910214288100261e-02,
          -3.0708152661222871e-03, 2.5066393983559216e-02,
          1.5099342909127336e-01, 8.8738277375604094e-02,
          1.4917453551371274e-01, 1.7303335047901557e-02,
          1.2126786051557491e-01, -4.5457764215440899e-02,
          3.6023881570558323e-02, 5.0273436014059694e-03,
          2.3005253518492377e-02, -9.9654627538778191e-03,
          6.8604903794844588e-02, -6.9530436574568463e-02,
          4.6553083574827119e-02, -4.5457764215440899e-02,
          2.3457282145330502e-01, -2.0672680079012271e-02,
          -3.3135902433418241e-03, -7.2456789287352764e-03,
          1.9581074715479851e-01, 9.0271619797099689e-02,
          6.8917178587419831e-02, 1.5910214288100261e-02,
          3.6023881570558323e-02, -2.0672680079012271e-02,
          1.0640928388249561e-01, 2.6093765676817312e-02,
          2.7945888148035031e-02, -1.6893364116623850e-02,
          2.2632268944576907e-02, 3.4918225354629039e-02,
          -3.0708152661222902e-03, 5.0273436014059694e-03,
          -3.3135902433418236e-03, 2.6093765676817315e-02,
          7.2501772308413995e-02, 4.7987553979809703e-03,
          -2.0705620822317982e-02, 2.8304023475323101e-02,
          3.1347060466829509e-02, 2.5066393983559216e-02,
          2.3005253518492377e-02, -7.2456789287352772e-03,
          2.7945888148035031e-02, 4.7987553979809685e-03,
          4.5770564778319922e-02, -1.3169869361898092e-02,
          1.7639847862887692e-01, 6.3032556697938544e-02,
          1.5099342909127336e-01, -9.9654627538778209e-03,
          1.9581074715479851e-01, -1.6893364116623850e-02,
          -2.0705620822317982e-02, -1.3169869361898092e-02,
          6.3262750734080664e-01 ]
   - !!opencv-matrix
      rows: 9
      cols: 9
      dt: d
      data: [ 7.1081917587939691e-02, 1.1215201424648661e-02,
          -2.2743638619611779e-03, 9.9532938017527525e-04,
          1.0274761869085649e-02, -6.7582008155891802e-03,
          -3.2600104737026514e-02, -1.0814365308728458e-03,
          -2.2116372966021470e-02, 1.1215201424648659e-02,
          1.1721571580930963e-02, -9.2509475826435604e-04,
          1.2528502604497031e-03, 8.3092311124918806e-03,
          -8.3809467358588808e-04, -7.4359092408509226e-03,
          -3.2604355145484022e-04, -1.6534806444056620e-02,
          -2.2743638619611779e-03, -9.2509475826435604e-04,
          5.3808751956776956e-03, -5.2370917364991800e-05,
          -8.2615605367264552e-04, 4.0209242254671409e-04,
          1.9646438080892390e-03, -1.6179182337030032e-05,
          1.1018886752793394e-02, 9.9532938017527460e-04,
          1.2528502604497033e-03, -5.2370917364991576e-05,
          7.1083700064870923e-03, 1.3993206436218326e-03,
          5.4731400320884782e-04, 1.3811367205389744e-03,
          -1.1715368046357503e-04, -6.0444546254966453e-03,
          1.0274761869085653e-02, 8.3092311124918806e-03,
          -8.2615605367264574e-04, 1.3993206436218326e-03,
          1.3552741979035235e-02, -1.1102030381889905e-03,
          -5.4338224005525005e-03, -1.4344711391730866e-04,
