%YAML:1.0
---
groups:
   - intact
   - CD19
   - blast
intactGmmnames:
   - "intact.Bln035.0"
   - "intact.Bln035.1"
   - "intact.Bln035.2"
   - "intact.Bln035.3"
   - "intact.Bln035.4"
intactLabels:
   - FSC-A
   - SSC-A
   - CD20
   - CD10
   - CD45
   - CD34
   - SYTO41
   - CD19
   - CD38
intactMu: !!opencv-matrix
   rows: 5
   cols: 9
   dt: d
   data: [ 2.7310137179693972e+00, 3.2036330147382528e+00,
       1.2281869086457937e+00, 2.6193589896716256e+00,
       2.1164771622421861e+00, 1.4432685680198165e+00,
       2.1522028983076247e+00, 1.0616671414327350e+00,
       2.7045646395462732e+00, 1.1121336027526914e+00,
       3.0532756648652765e-01, 1.1328519281030356e+00,
       7.6978897145593428e-01, 2.3985323623438002e+00,
       9.4217923111764179e-01, 2.2143678112381466e+00,
       8.1543915604849238e-01, 2.3071246075740515e+00,
       2.8552305229223163e+00, 2.9086794745047686e+00,
       1.3492187370906521e+00, 2.1761828686180635e+00,
       1.9017979609011577e+00, 1.5962463195498258e+00,
       2.3926548013249067e+00, 1.1865541069131891e+00,
       2.8611646933648336e+00, 2.0354845039442653e+00,
       8.2270085449061914e-01, 1.2873407064615399e+00,
       1.2988073567477982e+00, 1.8552819588086145e+00,
       1.5491208181338714e+00, 2.3377333722297191e+00,
       1.0164611352651602e+00, 2.7485934161244092e+00,
       1.0134768710134980e+00, 4.4534522273008054e-01,
       1.1459218997252221e+00, 1.5757410801063216e+00,
       9.2108437540449728e-01, 1.1804957037201993e+00,
       2.3160814268344354e+00, 8.2835612890958510e-01,
       2.2532456291253502e+00 ]
intactSigma:
   - !!opencv-matrix
      rows: 9
      cols: 9
      dt: d
      data: [ 3.0246928594850941e-01, 1.4028445861217953e-01,
          8.2520258423770393e-03, 9.6250878500573449e-03,
          2.0363543076711243e-02, 4.4430357896687839e-02,
          7.7987996900655875e-03, 1.9544430215363635e-02,
          3.2504247931388022e-02, 1.4028445861217953e-01,
          3.1039633968537372e-01, 9.5655998993533237e-03,
          1.6128868407272730e-02, 1.5214964075436705e-02,
          4.4316885676667396e-02, 7.8529652450792502e-03,
          2.3719211750024789e-02, 4.1426715206418718e-02,
          8.2520258423770376e-03, 9.5655998993533237e-03,
          6.4985491579742441e-03, 2.0108728320898770e-03,
          1.8121035989268769e-03, 6.2322600264599877e-03,
          3.1126697773486522e-03, 3.1929608175719744e-03,
          5.5461123993475209e-03, 9.6250878500573449e-03,
          1.6128868407272730e-02, 2.0108728320898765e-03,
          6.6463693031513879e-02, 1.8612630612560070e-02,
          8.7356590392985104e-03, 4.1637202015136982e-03,
          1.1767881263037247e-02, 6.6365566186759551e-03,
          2.0363543076711243e-02, 1.5214964075436705e-02,
          1.8121035989268769e-03, 1.8612630612560067e-02,
          2.2921081478437657e-02, 1.7703376256754191e-02,
          4.4297163339923635e-03, 9.6874358810122210e-03,
          1.0810705392221658e-02, 4.4430357896687839e-02,
          4.4316885676667396e-02, 6.2322600264599877e-03,
          8.7356590392985052e-03, 1.7703376256754184e-02,
          8.6187013226217496e-02, 1.3108796233354141e-02,
          6.8870430199618419e-03, 2.8181595899233105e-02,
          7.7987996900655875e-03, 7.8529652450792502e-03,
          3.1126697773486522e-03, 4.1637202015136991e-03,
          4.4297163339923635e-03, 1.3108796233354141e-02,
          1.7381114405227771e-02, 7.9387384686734966e-03,
          7.9459745639686025e-03, 1.9544430215363635e-02,
          2.3719211750024793e-02, 3.1929608175719736e-03,
          1.1767881263037247e-02, 9.6874358810122192e-03,
          6.8870430199618419e-03, 7.9387384686734966e-03,
          1.4612810832949955e-01, 1.9505352156040354e-02,
          3.2504247931388022e-02, 4.1426715206418718e-02,
          5.5461123993475209e-03, 6.6365566186759534e-03,
          1.0810705392221658e-02, 2.8181595899233105e-02,
          7.9459745639686007e-03, 1.9505352156040351e-02,
          5.2641948543570016e-02 ]
   - !!opencv-matrix
      rows: 9
      cols: 9
      dt: d
      data: [ 9.5127746250782477e-02, 1.1607622310277907e-02,
          -2.6528760442728499e-03, 6.0860808305964647e-04,
          9.9679014631736951e-03, -2.2544636277097692e-02,
          -9.6041428729854664e-03, -2.3040616959329892e-03,
          -5.0192783941338102e-02, 1.1607622310277907e-02,
          1.2705041936707398e-02, -2.1938548129520901e-04,
          5.7574401645626061e-04, 6.6225637217366667e-03,
          -1.5034518362314908e-03, -1.8173543382333439e-04,
          2.5537298708613518e-04, -7.6088437432693867e-03,
          -2.6528760442728495e-03, -2.1938548129520901e-04,
          3.3653690588071670e-03, 6.9909778292370805e-04,
          -1.7016674933245603e-04, 1.6367317547164809e-03,
          1.4311542265253833e-03, -1.8820147483506134e-04,
          -3.1094815579896895e-03, 6.0860808305964636e-04,
          5.7574401645626083e-04, 6.9909778292370837e-04,
          4.7307319900696594e-02, 7.3759901509561597e-04,
          1.2025296182557957e-03, 3.0638328266506878e-03,
          1.5644773058194976e-03, -2.4716446055032280e-02,
          9.9679014631736951e-03, 6.6225637217366667e-03,
          -1.7016674933245594e-04, 7.3759901509561586e-04,
          1.8047935369487997e-02, -1.7849344209491740e-04,
          4.5118458630944618e-03, 1.5799456464946305e-03,
          1.0778305372161267e-02, -2.2544636277097692e-02,
          -1.5034518362314904e-03, 1.6367317547164811e-03,
          1.2025296182557954e-03, -1.7849344209491718e-04,
          4.9936822699425239e-02, 1.2161149249780795e-02,
          -5.5403593937529902e-03, 3.7987196965171395e-02,
          -9.6041428729854664e-03, -1.8173543382333463e-04,
          1.4311542265253833e-03, 3.0638328266506891e-03,
          4.5118458630944618e-03, 1.2161149249780796e-02,
          2.4052117339328927e-02, 7.4954313143370879e-03,
          5.0481278081456037e-03, -2.3040616959329897e-03,
          2.5537298708613475e-04, -1.8820147483506134e-04,
          1.5644773058194976e-03, 1.5799456464946301e-03,
          -5.5403593937529919e-03, 7.4954313143370879e-03,
          7.9513139985518816e-02, 1.4956088817265943e-03,
          -5.0192783941338102e-02, -7.6088437432693832e-03,
          -3.1094815579896895e-03, -2.4716446055032291e-02,
          1.0778305372161267e-02, 3.7987196965171395e-02,
          5.0481278081456072e-03, 1.4956088817265922e-03,
          6.3887073101455827e-01 ]
   - !!opencv-matrix
      rows: 9
      cols: 9
      dt: d
      data: [ 5.0064994661369133e-01, 2.3145600349018811e-01,
          2.3622933772853325e-02, 5.3454722657266807e-03,
          4.7184708832877210e-02, 5.6112920732280545e-02,
          1.3953158281971691e-02, 2.4953614497261873e-02,
          4.9943997468896287e-02, 2.3145600349018808e-01,
          4.2703376394734444e-01, 3.9234336968455429e-02,
          1.2385787458870723e-01, 5.1037583244717459e-02,
          7.2715606291606852e-02, 1.9529734005383069e-02,
          6.1224683408695288e-02, 3.5866034632551509e-02,
          2.3622933772853322e-02, 3.9234336968455422e-02,
          7.2975044830854471e-02, 3.7091933478548653e-02,
          2.5583196144571978e-02, 2.1493504403631094e-02,
          1.1856625341742413e-02, 6.3416530324953799e-02,
          1.1068813381527433e-02, 5.3454722657266763e-03,
          1.2385787458870723e-01, 3.7091933478548653e-02,
          2.4802709998439951e-01, 5.3383023089571754e-02,
          6.9434106179093333e-02, 3.8810638405654824e-02,
          7.1602837462377084e-02, -4.1628720383022769e-03,
          4.7184708832877217e-02, 5.1037583244717459e-02,
          2.5583196144571982e-02, 5.3383023089571761e-02,
          1.0651540016589858e-01, 4.7200829467798203e-02,
          1.9710449114174072e-03, 5.1652977467349218e-02,
