%YAML:1.0
---
groups:
   - intact
   - CD19
intactGmmnames:
   - "intact.Bln047.0"
   - "intact.Bln047.1"
   - "intact.Bln047.2"
   - "intact.Bln047.3"
   - "intact.Bln047.4"
intactLabels:
   - FSC-A
   - SSC-A
   - CD20
   - CD10
   - CD45
   - CD34
   - SYTO41
   - CD19
   - CD38
intactMu: !!opencv-matrix
   rows: 5
   cols: 9
   dt: d
   data: [ 9.1283478317520084e-01, 3.4486899921848235e-01,
       8.2418699652558947e-01, 1.2413240874286982e+00,
       6.8653698328751434e-01, 9.8711851987836852e-01,
       2.7043008838690428e+00, 7.1967897848061368e-01,
       1.7459012089678485e+00, 8.4294991722067603e-01,
       2.5332814074108806e-01, 8.3506350600417023e-01,
       7.7223495420967381e-01, 2.3747947082523004e+00,
       9.0115279745790422e-01, 2.6460516338923701e+00,
       7.2118786002804691e-01, 2.3999022084891553e+00,
       2.9711326382868690e+00, 3.4476239989188486e+00,
       1.1852477865979569e+00, 2.1873624778727172e+00,
       1.9345595025366416e+00, 1.3620482352502918e+00,
       2.6066729337005272e+00, 1.0262602608604150e+00,
       2.6156725390334739e+00, 1.1722238597001826e+00,
       3.7955172054741509e-01, 8.3250863777765827e-01,
       7.9505277540032726e-01, 2.4111561608904313e+00,
       7.8801353084662318e-01, 2.5241183836301699e+00,
       7.0895162852694338e-01, 2.1302445482888839e+00,
       2.1360165054334166e+00, 1.2856617700871391e+00,
       1.1583198534949830e+00, 1.6192152602612384e+00,
       1.7696683291633277e+00, 1.3606586107112257e+00,
       2.7806035723800115e+00, 9.9514262878459969e-01,
       2.8013008070877414e+00 ]
intactSigma:
   - !!opencv-matrix
      rows: 9
      cols: 9
      dt: d
      data: [ 1.0199187887599546e-01, 2.3882606155156794e-02,
          3.5616665091071750e-03, 4.4060703538713587e-02,
          9.7716311983951747e-03, 1.4334290200826202e-02,
          1.7636648255797673e-02, 1.3765617280575417e-03,
          5.8185918901602469e-02, 2.3882606155156794e-02,
          1.7584382996104420e-02, 3.8930065917899461e-03,
          3.7886092520258659e-02, 1.0320671548615327e-02,
          9.7166409501024207e-03, 5.9242664315990240e-03,
          3.8864771890845277e-03, 6.3489787175947957e-02,
          3.5616665091071755e-03, 3.8930065917899461e-03,
          5.2952706657560911e-02, 1.0391635926347466e-02,
          -1.1821879403880557e-03, 3.8756055346622102e-03,
          6.7982025436481982e-03, -7.1538916798763834e-03,
          8.0011567196898933e-03, 4.4060703538713587e-02,
          3.7886092520258659e-02, 1.0391635926347467e-02,
          3.3339624464804407e-01, 4.4810667999958392e-02,
          2.0030640364451083e-02, 1.9819620590254411e-03,
          1.0519756695784780e-02, 2.8061478673648876e-01,
          9.7716311983951747e-03, 1.0320671548615325e-02,
          -1.1821879403880557e-03, 4.4810667999958399e-02,
          4.0178492042761658e-02, 4.4595508329039812e-04,
          -2.0422194674263223e-02, 9.8599006486351989e-04,
          8.7088482370393502e-02, 1.4334290200826202e-02,
          9.7166409501024190e-03, 3.8756055346622102e-03,
          2.0030640364451090e-02, 4.4595508329039850e-04,
          6.1746248048504017e-02, 1.5226658984877319e-02,
          -7.8478340651478434e-03, 2.9327841634325287e-02,
          1.7636648255797673e-02, 5.9242664315990240e-03,
          6.7982025436481965e-03, 1.9819620590254415e-03,
          -2.0422194674263223e-02, 1.5226658984877323e-02,
          4.0297699144474119e-02, 2.2657677821624738e-03,
          -1.0138175797889516e-02, 1.3765617280575423e-03,
          3.8864771890845277e-03, -7.1538916798763834e-03,
          1.0519756695784780e-02, 9.8599006486351968e-04,
          -7.8478340651478417e-03, 2.2657677821624738e-03,
          7.9061773229972557e-02, 1.4001676819252526e-02,
          5.8185918901602469e-02, 6.3489787175947957e-02,
          8.0011567196898916e-03, 2.8061478673648876e-01,
          8.7088482370393502e-02, 2.9327841634325287e-02,
          -1.0138175797889518e-02, 1.4001676819252530e-02,
          5.9680914235200677e-01 ]
   - !!opencv-matrix
      rows: 9
      cols: 9
      dt: d
      data: [ 3.1127784659436560e-02, -7.5453509884626795e-04,
          -6.2783004962486989e-03, -2.4820215363583822e-03,
          6.9905480582391829e-04, -1.2956120013812134e-02,
          -1.0315255956318794e-02, -1.5794161294041826e-03,
          7.4714683336476991e-03, -7.5453509884626762e-04,
          1.9087193666416445e-03, 1.3530211752101982e-03,
          1.0401085134763785e-03, 1.4989503795403542e-03,
          2.1497599060448843e-03, 5.7471164702402983e-04,
          9.1127344184863731e-04, -4.6251933955057598e-03,
          -6.2783004962486998e-03, 1.3530211752101977e-03,
          7.3053787418876401e-02, 2.6108329125192355e-03,
          1.1919016090341120e-03, 2.8590479760072056e-03,
          4.4344304038645655e-03, -3.6671694465803041e-04,
          -1.3011425903244334e-02, -2.4820215363583822e-03,
          1.0401085134763785e-03, 2.6108329125192351e-03,
          2.8221806738803631e-02, 7.6535040385884983e-04,
          2.0949625953125225e-03, 1.5400877687483689e-03,
          -2.5067164278046034e-03, -4.0983652013737932e-03,
          6.9905480582391829e-04, 1.4989503795403542e-03,
          1.1919016090341124e-03, 7.6535040385884950e-04,
          6.8085825919843405e-03, 1.9330990691207677e-03,
          1.7676666547049890e-04, 1.0189958771905686e-03,
          -2.6133207046437680e-03, -1.2956120013812134e-02,
          2.1497599060448843e-03, 2.8590479760072069e-03,
          2.0949625953125229e-03, 1.9330990691207677e-03,
          3.9952197926042633e-02, 9.7062906498270301e-03,
          -5.4410588408985352e-03, -7.5370988994203497e-03,
          -1.0315255956318792e-02, 5.7471164702402983e-04,
          4.4344304038645655e-03, 1.5400877687483689e-03,
          1.7676666547049882e-04, 9.7062906498270301e-03,
          9.4696289901530818e-03, 8.8867706854059945e-04,
          -5.9091223469978880e-03, -1.5794161294041831e-03,
          9.1127344184863698e-04, -3.6671694465803030e-04,
          -2.5067164278046034e-03, 1.0189958771905686e-03,
          -5.4410588408985352e-03, 8.8867706854059902e-04,
          7.0593383718422276e-02, -5.3234287114586496e-04,
          7.4714683336476991e-03, -4.6251933955057598e-03,
          -1.3011425903244328e-02, -4.0983652013737923e-03,
          -2.6133207046437680e-03, -7.5370988994203497e-03,
          -5.9091223469978889e-03, -5.3234287114586410e-04,
          1.3190198901865496e-01 ]
   - !!opencv-matrix
      rows: 9
      cols: 9
      dt: d
      data: [ 3.2531325689626550e-01, 1.2664618348938547e-01,
          1.4796114920086468e-02, -1.3485811425275057e-02,
          5.8403427729505197e-03, 2.7672457708780719e-02,
          8.8102350000402775e-04, 7.3704657753127605e-04,
          1.5455323965749012e-02, 1.2664618348938547e-01,
          3.0896043172078069e-01, 2.8963258623194255e-02,
          5.7604624539802432e-02, 2.0615653307885676e-02,
          3.5952838620164282e-02, 5.3472121835933303e-03,
          2.0938063028221220e-02, 2.2324448463206897e-02,
          1.4796114920086477e-02, 2.8963258623194248e-02,
          6.7106787901596909e-02, 1.3978353331345400e-03,
          1.8166766544936541e-03, 1.3272040128246879e-02,
          6.1230570342697401e-03, 3.5790249196573261e-03,
          9.5054841245779658e-03, -1.3485811425275048e-02,
          5.7604624539802432e-02, 1.3978353331345411e-03,
          2.8388948037522560e-01, 7.4387178757702815e-02,
          1.6084449698353272e-03, -3.9758363331811293e-03,
          2.7324780884429661e-02, -2.6025373814815917e-02,
          5.8403427729505171e-03, 2.0615653307885676e-02,
          1.8166766544936530e-03, 7.4387178757702815e-02,
          4.0635994188451943e-02, 6.9603684716999549e-03,
          -1.2261782480244092e-03, 1.2204548980353622e-02,
