%YAML:1.0
---
groups:
   - intact
   - CD19
intactGmmnames:
   - "intact.Bln005.0"
   - "intact.Bln005.1"
   - "intact.Bln005.2"
   - "intact.Bln005.3"
   - "intact.Bln005.4"
intactLabels:
   - FSC-A
   - SSC-A
   - CD20
   - CD10
   - CD45
   - CD34
   - SYTO41
   - CD19
   - CD38
intactMu: !!opencv-matrix
   rows: 5
   cols: 9
   dt: d
   data: [ 1.0204269331232236e+00, 3.1514878095030541e-01,
       5.2799259797866371e-01, 5.9242485684988544e-01,
       2.1039249171780505e+00, 5.8561671838250984e-01,
       1.8851669285592483e+00, 5.2067896904303090e-01,
       1.3076108209193285e+00, 2.6704656014948749e+00,
       2.6443807656968636e+00, 6.5247726900869518e-01,
       1.4045448261639817e+00, 2.0267468259961459e+00,
       9.2909301000160405e-01, 2.0544555361870982e+00,
       6.0992701008827221e-01, 2.0197077136007313e+00,
       1.4773128702884004e+00, 5.2261981957406711e-01,
       5.2503072104357140e-01, 6.0067733941868962e-01,
       2.2078590122889237e+00, 6.0680132474251358e-01,
       1.7730957447351594e+00, 5.1439113214596277e-01,
       2.2670915136338543e+00, 1.1392396496968786e+00,
       4.9633632771364400e-01, 5.4130104553735359e-01,
       6.0370649123642417e-01, 8.4172912007805056e-01,
       6.6471536630267936e-01, 1.8721894114876645e+00,
       5.1421125526969635e-01, 9.5142434754932381e-01,
       1.9268225489118551e+00, 1.3880771308288786e+00,
       7.5428523856430774e-01, 1.0268730185959125e+00,
       1.5657359491636789e+00, 9.6810806059738463e-01,
       2.0412707442207081e+00, 7.3743453505755907e-01,
       1.2943631461173761e+00 ]
intactSigma:
   - !!opencv-matrix
      rows: 9
      cols: 9
      dt: d
      data: [ 7.9293583422056668e-02, 9.9350340070960465e-03,
          -1.2410187831490924e-03, 9.6383961545042985e-04,
          -3.2348131595648856e-03, -5.1124338514714511e-03,
          -2.0410257379234419e-02, -5.0090587875513003e-04,
          -4.2971462894316005e-02, 9.9350340070960465e-03,
          6.8171958137183790e-03, 3.0411345745035251e-04,
          7.4499554066679208e-04, 3.4863777818352874e-04,
          3.6897722477872561e-05, -2.4809163625452452e-03,
          4.1284783061577413e-05, -1.6713839978844642e-02,
          -1.2410187831490924e-03, 3.0411345745035267e-04,
          3.3436526230981420e-03, 1.9992732171419330e-05,
          -1.1598098868131799e-04, 2.2142110685940825e-04,
          9.6437212281001348e-04, -1.0852237671537405e-04,
          -5.7213885089494052e-03, 9.6383961545042963e-04,
          7.4499554066679208e-04, 1.9992732171419333e-05,
          7.9416326446712267e-03, 1.9172277145747911e-03,
          9.2231228905371036e-05, 1.0660362442089197e-04,
          -2.0964591753635923e-04, -1.4182678968463228e-04,
          -3.2348131595648848e-03, 3.4863777818352869e-04,
          -1.1598098868131799e-04, 1.9172277145747911e-03,
          3.3305820173997400e-02, 5.2885646721712227e-04,
          1.4083065233367021e-03, 2.2441781290668926e-04,
          1.7291009905793023e-02, -5.1124338514714519e-03,
          3.6897722477872588e-05, 2.2142110685940817e-04,
          9.2231228905370995e-05, 5.2885646721712194e-04,
          3.4022415698247402e-03, 3.4190200287468886e-03,
          -3.2646877963022139e-04, 1.3236042598941537e-03,
          -2.0410257379234419e-02, -2.4809163625452457e-03,
          9.6437212281001337e-04, 1.0660362442089197e-04,
          1.4083065233367017e-03, 3.4190200287468886e-03,
          1.7884872067669717e-02, 3.4130214341506192e-04,
          1.0565011017189175e-02, -5.0090587875512992e-04,
          4.1284783061577373e-05, -1.0852237671537408e-04,
          -2.0964591753635934e-04, 2.2441781290668934e-04,
          -3.2646877963022139e-04, 3.4130214341506187e-04,
          3.5330565249088505e-03, 7.1802588954317283e-05,
          -4.2971462894316005e-02, -1.6713839978844642e-02,
          -5.7213885089494052e-03, -1.4182678968463261e-04,
          1.7291009905793023e-02, 1.3236042598941532e-03,
          1.0565011017189173e-02, 7.1802588954317283e-05,
          2.4130205874473035e-01 ]
   - !!opencv-matrix
      rows: 9
      cols: 9
      dt: d
      data: [ 5.1677626909621233e-01, 3.9749302038914680e-01,
          1.8033460136749235e-02, 6.4179299454259764e-02,
          -3.1948643425872204e-02, 3.2613034964110499e-02,
          5.1949612874777555e-02, 2.5269728458651238e-03,
          -5.7180151422437861e-03, 3.9749302038914686e-01,
          7.9597138661419786e-01, 2.3923137927772089e-02,
          1.0880510087397195e-01, -7.6762305916243043e-02,
          3.2251228451750324e-02, 3.6848801009306799e-02,
          2.5407713291889251e-03, 2.3392919618271356e-02,
          1.8033460136749228e-02, 2.3923137927772096e-02,
          1.6516357614904782e-02, -2.0974758657112519e-03,
          -4.2488320394351584e-03, 9.5588891670975815e-03,
          1.0687427779237707e-02, 3.0519444823980768e-03,
          1.4668272902284812e-02, 6.4179299454259764e-02,
          1.0880510087397197e-01, -2.0974758657112524e-03,
          1.8973191291699626e-01, 2.5272020580842384e-02,
          1.8528979448762917e-02, -7.3920933511283180e-03,
          -5.6790863785617825e-04, -7.7720624532104057e-02,
          -3.1948643425872204e-02, -7.6762305916243043e-02,
          -4.2488320394351601e-03, 2.5272020580842384e-02,
          1.2902492380450933e-01, 1.8710907519571999e-02,
          -3.4539461669076323e-02, 1.3767530778526847e-02,
          6.8316344520424815e-02, 3.2613034964110499e-02,
          3.2251228451750311e-02, 9.5588891670975798e-03,
          1.8528979448762913e-02, 1.8710907519571999e-02,
          2.9750350679448603e-02, 1.1071989723409947e-02,
          4.8423450503246226e-03, 2.7987720109279822e-02,
          5.1949612874777562e-02, 3.6848801009306799e-02,
          1.0687427779237707e-02, -7.3920933511283180e-03,
          -3.4539461669076323e-02, 1.1071989723409947e-02,
          5.0933878968102274e-02, -1.5162166818537288e-03,
          -8.4390379073447999e-03, 2.5269728458651233e-03,
          2.5407713291889255e-03, 3.0519444823980764e-03,
          -5.6790863785617846e-04, 1.3767530778526847e-02,
          4.8423450503246226e-03, -1.5162166818537292e-03,
          1.8783909828446434e-02, 2.0395639053254592e-02,
          -5.7180151422437922e-03, 2.3392919618271356e-02,
          1.4668272902284807e-02, -7.7720624532104043e-02,
          6.8316344520424829e-02, 2.7987720109279822e-02,
          -8.4390379073447982e-03, 2.0395639053254592e-02,
          2.8854618465183901e-01 ]
   - !!opencv-matrix
      rows: 9
      cols: 9
      dt: d
      data: [ 6.7736410564039423e-02, -4.7255388520809809e-03,
          -2.7982838918128648e-03, 1.6480630309123102e-03,
          2.7593362622708686e-04, -1.7959096565055312e-03,
          4.7125266270182029e-03, 1.7172477642960056e-05,
          -3.9803527547355722e-02, -4.7255388520809809e-03,
          1.6680131948749771e-02, -5.6897386595332455e-03,
          4.1585459124292501e-04, 1.2654161283171409e-03,
          4.8035485401928656e-03, 4.2221841241116634e-04,
          -1.3471057892933309e-04, 6.1176121123209325e-02,
          -2.7982838918128648e-03, -5.6897386595332437e-03,
          2.8332411310942923e-02, 1.4125285567579580e-03,
          3.1499217333757386e-03, -1.7948690435399188e-03,
          1.4972268918580528e-03, -2.6227564980064392e-04,
          -4.7397876721766000e-02, 1.6480630309123102e-03,
          4.1585459124292480e-04, 1.4125285567579582e-03,
          1.1694284268173309e-02, 4.1883138259082402e-03,
          -3.5705490487319920e-04, 8.8483537048029959e-04,
          1.7712928106272072e-05, -9.6849302564988460e-03,
          2.7593362622708642e-04, 1.2654161283171404e-03,
          3.1499217333757394e-03, 4.1883138259082393e-03,
          3.9224203944319219e-02, -3.5126313936569177e-04,
