%YAML:1.0
---
groups:
   - intact
   - CD19
intactGmmnames:
   - "intact.Bln024.0"
   - "intact.Bln024.1"
   - "intact.Bln024.2"
   - "intact.Bln024.3"
   - "intact.Bln024.4"
intactLabels:
   - FSC-A
   - SSC-A
   - CD20
   - CD10
   - CD45
   - CD34
   - SYTO41
   - CD19
   - CD38
intactMu: !!opencv-matrix
   rows: 5
   cols: 9
   dt: d
   data: [ 3.0998990228188767e+00, 3.4709303017325674e+00,
       5.8113562590116175e-01, 1.8876210907426501e+00,
       1.6154956290304185e+00, 9.3386153535854810e-01,
       2.9462644290538273e+00, 5.5240009516066990e-01,
       1.7747218984367887e+00, 7.6673172824667857e-01,
       2.7785767787917182e-01, 5.2740016559679537e-01,
       9.5440119236263588e-01, 2.1107583986968566e+00,
       7.8688613605713642e-01, 3.0976438194304321e+00,
       5.1669004740378843e-01, 1.9252325197192328e+00,
       1.3103590830579579e+00, 4.7084559185488750e-01,
       5.3748227590058961e-01, 7.9879915330840501e-01,
       2.2224277281903300e+00, 6.5803542380604618e-01,
       2.7158424535482042e+00, 5.0369124540825583e-01,
       1.8166110322943059e+00, 2.2432670542230491e+00,
       1.5870697071089843e+00, 6.8159867587407819e-01,
       1.3148589137570110e+00, 1.8640937985082937e+00,
       9.6968541459508484e-01, 3.0731890160808741e+00,
       5.9137963269876281e-01, 2.1409427752741612e+00,
       1.0000485038687184e+00, 4.1285918251661941e-01,
       5.1637861864364742e-01, 9.0874676146628464e-01,
       5.9266700424174801e-01, 7.5011479684133819e-01,
       2.9478511784494752e+00, 5.1197426455596562e-01,
       1.0047138792466643e+00 ]
intactSigma:
   - !!opencv-matrix
      rows: 9
      cols: 9
      dt: d
      data: [ 3.8446278736821060e-01, 1.0381399945568524e-01,
          5.8737389217543368e-03, -2.1773454236717768e-02,
          -1.3606590247636115e-03, -1.3744298614952256e-03,
          -3.2658066405203993e-03, 6.8822430424681945e-04,
          2.4776069771073123e-02, 1.0381399945568524e-01,
          2.8173247483756902e-01, 7.7191522234821720e-03,
          3.8595380192062427e-02, 2.4377337743172536e-02,
          1.5157471760724935e-02, -7.1032648235603256e-03,
          4.4213422557061238e-03, 3.1206304662664872e-02,
          5.8737389217543368e-03, 7.7191522234821711e-03,
          7.4740125684806917e-03, 3.1077843922170121e-03,
          1.9036740181287829e-03, 1.0164806924960366e-03,
          2.8438881686492406e-03, 3.6530129869403576e-04,
          3.2235810566840079e-03, -2.1773454236717768e-02,
          3.8595380192062420e-02, 3.1077843922170125e-03,
          9.9386179647479631e-02, 4.2098557143724666e-02,
          1.9808624261566186e-02, 8.6619676924488877e-03,
          5.2333969210415802e-03, 5.3672196301154931e-03,
          -1.3606590247636089e-03, 2.4377337743172536e-02,
          1.9036740181287834e-03, 4.2098557143724666e-02,
          5.2521182277640098e-02, 5.3559396714978735e-03,
          -8.3149151780791790e-03, 2.3489472405353743e-03,
          -1.4640742951574890e-03, -1.3744298614952260e-03,
          1.5157471760724935e-02, 1.0164806924960364e-03,
          1.9808624261566182e-02, 5.3559396714978743e-03,
          1.8020533594796235e-02, 1.2031799226099820e-02,
          5.9389740350545969e-05, 8.1208471227791363e-03,
          -3.2658066405204010e-03, -7.1032648235603282e-03,
          2.8438881686492397e-03, 8.6619676924488877e-03,
          -8.3149151780791807e-03, 1.2031799226099820e-02,
          4.3390704975541441e-02, 2.4956859940256028e-03,
          1.2095885398186793e-02, 6.8822430424681988e-04,
          4.4213422557061247e-03, 3.6530129869403587e-04,
          5.2333969210415802e-03, 2.3489472405353734e-03,
          5.9389740350545914e-05, 2.4956859940256028e-03,
          1.3149812568139791e-02, 2.7442657202509288e-03,
          2.4776069771073130e-02, 3.1206304662664872e-02,
          3.2235810566840074e-03, 5.3672196301154905e-03,
          -1.4640742951574890e-03, 8.1208471227791363e-03,
          1.2095885398186793e-02, 2.7442657202509280e-03,
          4.2485142203090027e-02 ]
   - !!opencv-matrix
      rows: 9
      cols: 9
      dt: d
      data: [ 2.8053084251694414e-02, -6.6104594186335716e-05,
          -3.1986865762840747e-04, -1.0018655502647513e-02,
          3.0750650342529365e-03, -7.3539855494596422e-03,
          -1.2316062983258510e-02, -2.1364986067443079e-05,
          7.4747065230824951e-03, -6.6104594186335635e-05,
          3.9785782424502656e-03, 1.1756925770932638e-04,
          1.6070108214000186e-03, 1.9330569282507396e-03,
          1.6761316246897923e-03, 1.4740318512541973e-03,
          5.8100094168810057e-04, -1.1709205879799305e-02,
          -3.1986865762840725e-04, 1.1756925770932641e-04,
          6.1626727313553011e-03, 4.4116172250924685e-04,
          -4.3795415091687859e-05, -8.3207667759890248e-05,
          5.7193472164894250e-04, -7.5382369597805666e-05,
          5.5619892812226960e-03, -1.0018655502647513e-02,
          1.6070108214000186e-03, 4.4116172250924685e-04,
          1.8389227819479943e-02, -1.0008235663934361e-03,
          9.5702925377433370e-03, 1.3570603958406945e-02,
          3.3866150820485599e-04, -8.5043511095283155e-03,
          3.0750650342529365e-03, 1.9330569282507396e-03,
          -4.3795415091687805e-05, -1.0008235663934361e-03,
          1.7273885553628934e-02, -8.5712090525945145e-04,
          -7.6853763912869974e-04, 5.4040219109827928e-04,
          -1.1013065046377149e-03, -7.3539855494596422e-03,
          1.6761316246897927e-03, -8.3207667759890207e-05,
          9.5702925377433370e-03, -8.5712090525945134e-04,
          1.2716707146228095e-02, 1.0465671502923849e-02,
          -7.4228198467810567e-04, -4.8858158654266400e-03,
          -1.2316062983258510e-02, 1.4740318512541976e-03,
          5.7193472164894250e-04, 1.3570603958406945e-02,
          -7.6853763912870007e-04, 1.0465671502923849e-02,
          2.0320493939935243e-02, 7.0691599416857485e-04,
          -9.1138871301588570e-03, -2.1364986067443184e-05,
          5.8100094168810057e-04, -7.5382369597805788e-05,
          3.3866150820485610e-04, 5.4040219109827918e-04,
          -7.4228198467810567e-04, 7.0691599416857474e-04,
          7.5991956175955047e-03, -6.4341450487039574e-04,
          7.4747065230824951e-03, -1.1709205879799305e-02,
          5.5619892812226951e-03, -8.5043511095283155e-03,
          -1.1013065046377147e-03, -4.8858158654266392e-03,
          -9.1138871301588553e-03, -6.4341450487039595e-04,
          2.1292410772932946e-01 ]
   - !!opencv-matrix
      rows: 9
      cols: 9
      dt: d
      data: [ 6.6130317113965942e-02, 9.4885813848590572e-03,
          3.0589759020983865e-04, 3.3248353099476682e-03,
          1.3732563520588251e-02, 9.6826337332801111e-04,
          6.3063660731365930e-03, -9.1434334393454772e-05,
          -6.8795394611177486e-03, 9.4885813848590572e-03,
          2.0493184189593564e-02, 1.8367574075364788e-03,
          2.6617829931804920e-03, 1.3422491091731034e-02,
          9.1226457787961740e-04, 3.2960290579204655e-03,
          -4.4340052583943806e-04, 2.1266382955954784e-02,
          3.0589759020983875e-04, 1.8367574075364792e-03,
          9.1709186130824634e-03, 3.6431135898365685e-04,
          1.1076428481599063e-03, 4.4205832903231322e-04,
          4.0401383664921654e-04, -4.8677947018789411e-04,
          2.2708606097494175e-02, 3.3248353099476677e-03,
          2.6617829931804920e-03, 3.6431135898365685e-04,
          1.9500865056551794e-02, 6.0260837058519938e-03,
          5.0629729366405123e-03, 6.2691076457126486e-03,
          -1.6839113479749759e-05, 8.5468411438699031e-05,
          1.3732563520588251e-02, 1.3422491091731034e-02,
          1.1076428481599063e-03, 6.0260837058519938e-03,
          3.5818967625380498e-02, 2.5311146286715346e-03,
