%YAML:1.0
---
groups:
   - intact
   - CD19
   - blast
intactGmmnames:
   - "intact.Bue086.0"
   - "intact.Bue086.1"
   - "intact.Bue086.2"
   - "intact.Bue086.3"
   - "intact.Bue086.4"
intactLabels:
   - FSC-A
   - SSC-A
   - CD20
   - CD10
   - CD45
   - CD34
   - SYTO41
   - CD19
   - CD38
intactMu: !!opencv-matrix
   rows: 5
   cols: 9
   dt: d
   data: [ 1.4242484713175452e+00, 6.7039280563109638e-01,
       9.3247825979513310e-01, 1.0778902360117102e+00,
       1.7347863836227746e+00, 1.4652767451318502e+00,
       2.3271056613769949e+00, 9.8192442348668574e-01,
       1.3347672438498626e+00, 1.5118860371001472e+00,
       2.9654965332214311e-01, 2.1251763268221460e+00,
       3.0087990129124349e+00, 1.4892134327270923e+00,
       1.4747268572871881e+00, 2.5054532094671589e+00,
       1.5386932215272535e+00, 1.5058071632142542e+00,
       1.4564141750071757e+00, 2.7296517987854346e-01,
       9.1080031482660939e-01, 8.4347022350740719e-01,
       3.0125507327529064e+00, 1.1400926989757207e+00,
       2.1919517996846238e+00, 9.7156666694640736e-01,
       1.5972050861779385e+00, 1.9161765678840370e+00,
       9.3099787726109462e-01, 1.5574624432357256e+00,
       1.2715078193125227e+00, 2.6503926756242246e+00,
       1.8041708066537638e+00, 2.4662253788977622e+00,
       1.3306932132695009e+00, 1.9503930215600391e+00,
       2.1874560016188296e+00, 1.5005617966029823e+00,
       1.2576360280379171e+00, 1.3672362190746323e+00,
       2.1887949612606326e+00, 1.7512141196410760e+00,
       2.5359529093561113e+00, 1.0646005303252757e+00,
       1.7387154379166612e+00 ]
intactSigma:
   - !!opencv-matrix
      rows: 9
      cols: 9
      dt: d
      data: [ 6.1275015202736122e-02, 3.6804438191165342e-02,
          5.7543888415578989e-03, 1.3606906942746777e-02,
          1.6453845968751959e-02, 1.6662049803209199e-02,
          1.4599872244187075e-02, 1.1251168392382438e-03,
          2.9875715990327861e-03, 3.6804438191165342e-02,
          1.2660549934776311e-01, 1.6566780119815966e-02,
          4.2741243013135012e-02, 5.3701110274486943e-02,
          5.8889770860505099e-02, 2.3805794346954557e-02,
          4.7867487940952890e-03, 8.6416933202059145e-03,
          5.7543888415578998e-03, 1.6566780119815966e-02,
          5.9558925520404850e-02, 8.6949783304087862e-03,
          9.6414216754637655e-03, 9.5158657085523905e-03,
          6.1456018125640452e-03, -3.5719655290765597e-04,
          -2.6625441984689922e-04, 1.3606906942746777e-02,
          4.2741243013135012e-02, 8.6949783304087862e-03,
          5.3251129183649548e-02, 2.9457366007135263e-02,
          3.0181279837543415e-02, 1.0427840344400479e-02,
          3.2601254936295851e-03, 4.0897428214212656e-03,
          1.6453845968751959e-02, 5.3701110274486943e-02,
          9.6414216754637655e-03, 2.9457366007135263e-02,
          4.1490054342610043e-02, 3.8405671427314617e-02,
          1.3577477860235287e-02, 2.8841139090189636e-03,
          4.7664243140103360e-03, 1.6662049803209199e-02,
          5.8889770860505099e-02, 9.5158657085523887e-03,
          3.0181279837543418e-02, 3.8405671427314617e-02,
          9.3043479274165578e-02, 1.8943532419560576e-02,
          -8.0485557783245600e-03, 5.3215868635102786e-03,
          1.4599872244187075e-02, 2.3805794346954557e-02,
          6.1456018125640452e-03, 1.0427840344400479e-02,
          1.3577477860235289e-02, 1.8943532419560576e-02,
          3.9135057592007874e-02, 1.7376802534655163e-03,
          2.8553158378347614e-03, 1.1251168392382431e-03,
          4.7867487940952873e-03, -3.5719655290765629e-04,
          3.2601254936295860e-03, 2.8841139090189636e-03,
          -8.0485557783245582e-03, 1.7376802534655156e-03,
          4.4876681831171730e-02, 8.3419061329841830e-04,
          2.9875715990327861e-03, 8.6416933202059145e-03,
          -2.6625441984689900e-04, 4.0897428214212656e-03,
          4.7664243140103351e-03, 5.3215868635102786e-03,
          2.8553158378347614e-03, 8.3419061329841797e-04,
          2.7098012727014694e-03 ]
   - !!opencv-matrix
      rows: 9
      cols: 9
      dt: d
      data: [ 6.5650328357345425e-02, 4.9727852849485677e-03,
          3.0463350541259600e-02, 9.5219626815211227e-03,
          4.6646915420905169e-03, -3.9408134919937110e-03,
          -6.8412576328667936e-03, 1.3172263269048469e-02,
          1.7765414351077828e-04, 4.9727852849485677e-03,
          5.5786716953235048e-03, 7.9983479636357314e-03,
          -3.3486267768862837e-04, 3.0430305662452876e-03,
          -1.5426641842193321e-03, 8.4635259035220341e-04,
          2.8796661541062394e-03, 1.3703326895733771e-03,
          3.0463350541259603e-02, 7.9983479636357314e-03,
          2.6211507041997617e-01, 2.3050043418074845e-02,
          1.4132958073360556e-02, -2.0706143598805508e-02,
          6.3052788107585498e-03, 5.3442700242034083e-02,
          1.7488737400794371e-02, 9.5219626815211209e-03,
          -3.3486267768862809e-04, 2.3050043418074838e-02,
          4.9890561881219056e-02, -4.1898594488782148e-03,
          -6.2342328455950420e-03, -4.5279225912282003e-03,
          2.6843907887627474e-03, 3.8721473536453216e-03,
          4.6646915420905152e-03, 3.0430305662452872e-03,
          1.4132958073360556e-02, -4.1898594488782139e-03,
          2.1943997869713683e-02, -7.3412711480145701e-03,
          2.0716974861247637e-03, 2.1365426271180389e-03,
          3.1117309112858350e-03, -3.9408134919937110e-03,
          -1.5426641842193321e-03, -2.0706143598805519e-02,
          -6.2342328455950446e-03, -7.3412711480145684e-03,
          2.4689972215403946e-01, -1.8863654639613336e-04,
          -2.1112012557848878e-02, -1.4620014364882902e-02,
          -6.8412576328667936e-03, 8.4635259035220362e-04,
          6.3052788107585481e-03, -4.5279225912282003e-03,
          2.0716974861247645e-03, -1.8863654639613347e-04,
          9.0332792785210916e-03, -1.8021021197871835e-03,
          -6.3312239052595756e-04, 1.3172263269048469e-02,
          2.8796661541062394e-03, 5.3442700242034083e-02,
          2.6843907887627487e-03, 2.1365426271180389e-03,
          -2.1112012557848874e-02, -1.8021021197871824e-03,
          1.2073311993136070e-01, -6.9099613299154041e-03,
          1.7765414351077823e-04, 1.3703326895733771e-03,
          1.7488737400794367e-02, 3.8721473536453216e-03,
          3.1117309112858359e-03, -1.4620014364882906e-02,
          -6.3312239052595789e-04, -6.9099613299154049e-03,
          3.6136048864851944e-02 ]
   - !!opencv-matrix
      rows: 9
      cols: 9
      dt: d
      data: [ 9.9690477304512498e-02, 1.3276186665668609e-02,
          2.2294166337974639e-04, 2.4073205184193302e-03,
          2.2680201833870248e-02, -1.3463856053999755e-04,
          -1.8661208965711090e-02, -1.5574347005363346e-04,
          5.8405970727610336e-03, 1.3276186665668609e-02,
          8.1703710604935347e-03, 1.3871875765178166e-03,
          1.7427963864495833e-03, 8.1268490909110289e-03,
          3.2089953003031188e-03, 2.9435277852862774e-03,
          6.5070762373572587e-04, 2.1705668554679474e-03,
          2.2294166337974669e-04, 1.3871875765178164e-03,
          6.5761249220499654e-02, 3.7261413270631193e-03,
          2.4020280754108955e-03, -6.2764925602994882e-05,
          1.6254015971586206e-03, -1.0362213314103082e-03,
          -7.5472081602634793e-03, 2.4073205184193306e-03,
          1.7427963864495831e-03, 3.7261413270631184e-03,
          2.5147026865377307e-02, 2.2252465247841729e-03,
          -1.8550295208119767e-03, 1.0790602180274014e-03,
          5.8138930061708393e-04, -3.0466924700346654e-03,
          2.2680201833870248e-02, 8.1268490909110289e-03,
          2.4020280754108950e-03, 2.2252465247841738e-03,
          2.3818021176246373e-02, 3.7899326304671977e-03,
