%YAML:1.0
---
groups:
   - intact
   - CD19
   - blast
intactGmmnames:
   - "intact.Bue069.0"
   - "intact.Bue069.1"
   - "intact.Bue069.2"
   - "intact.Bue069.3"
   - "intact.Bue069.4"
intactLabels:
   - FSC-A
   - SSC-A
   - CD20
   - CD10
   - CD45
   - CD34
   - SYTO41
   - CD19
   - CD38
intactMu: !!opencv-matrix
   rows: 5
   cols: 9
   dt: d
   data: [ 1.0696516839904144e+00, 2.8835325522140204e-01,
       1.1375949007897126e+00, 9.0643942871943850e-01,
       1.3493465095153125e+00, 1.4634545785519752e+00,
       3.6070409595904303e+00, 1.0211626558487810e+00,
       1.2247041039449018e+00, 2.4486740630088875e+00,
       2.7270055548786716e+00, 1.5037135897036544e+00,
       1.3322646352525103e+00, 3.0674824327098276e+00,
       2.3186158288563719e+00, 3.6525130361272384e+00,
       1.1441539032760717e+00, 2.0006155950158369e+00,
       1.2532924725024375e+00, 2.9640178416337759e-01,
       1.1500247743306242e+00, 9.2558240911804002e-01,
       3.4724972823309370e+00, 1.2836210755218995e+00,
       3.5034388489262231e+00, 1.0506991004422677e+00,
       2.0623842005378301e+00, 1.6569659075413374e+00,
       4.8585578951271990e-01, 1.2045398836003405e+00,
       9.4636409640958408e-01, 1.6777673217972247e+00,
       1.6948038824283873e+00, 3.8137712950385256e+00,
       1.0810167309372827e+00, 1.3295429153515967e+00,
       1.9650200668905740e+00, 1.1433043072449061e+00,
       1.7759443371930512e+00, 1.0969796487586529e+00,
       2.5834309897459939e+00, 2.2312240840635558e+00,
       3.8276989679472426e+00, 1.2416808358183062e+00,
       2.1292870046360943e+00 ]
intactSigma:
   - !!opencv-matrix
      rows: 9
      cols: 9
      dt: d
      data: [ 4.4848805629778520e-02, 8.6211807216362932e-03,
          6.2714107236131020e-04, 1.1567411317578561e-03,
          1.6122506129197918e-02, 2.0266007708144322e-03,
          6.2168268003630206e-03, 5.8461437831029239e-04,
          1.3034307315666152e-03, 8.6211807216362932e-03,
          8.9421893104645149e-03, 5.5687675965424455e-04,
          6.4196828491088691e-04, 9.7630315496120487e-03,
          5.1454881082264913e-03, 3.6903902382276906e-03,
          4.6601922842052015e-04, 2.1537486376201312e-03,
          6.2714107236131052e-04, 5.5687675965424455e-04,
          2.0391559286330463e-02, 7.2482425703791558e-04,
          5.1587127063067075e-04, -1.2419432171304164e-03,
          -1.0837424712444416e-04, -7.5870005605151213e-04,
          -9.9121059364488430e-04, 1.1567411317578561e-03,
          6.4196828491088669e-04, 7.2482425703791558e-04,
          1.6169156557448765e-02, 1.2163745143178668e-03,
          -2.8916969664534334e-03, 4.6470336285203061e-04,
          2.7315191096035355e-04, 1.4473913541861012e-04,
          1.6122506129197925e-02, 9.7630315496120470e-03,
          5.1587127063067075e-04, 1.2163745143178679e-03,
          1.8302869600601998e-01, 1.0800120249126506e-02,
          -6.9530509107027603e-03, 1.8760913615635771e-05,
          1.6660747458287488e-03, 2.0266007708144322e-03,
          5.1454881082264913e-03, -1.2419432171304162e-03,
          -2.8916969664534325e-03, 1.0800120249126506e-02,
          1.1179188695989357e-01, 2.3289989670272500e-03,
          -1.5834887618111033e-02, 7.5729865997987229e-04,
          6.2168268003630206e-03, 3.6903902382276910e-03,
          -1.0837424712444441e-04, 4.6470336285203077e-04,
          -6.9530509107027603e-03, 2.3289989670272518e-03,
          2.3166281787384890e-02, 7.4827114482346692e-04,
          -9.9296020421942765e-06, 5.8461437831029261e-04,
          4.6601922842052032e-04, -7.5870005605151245e-04,
          2.7315191096035371e-04, 1.8760913615635978e-05,
          -1.5834887618111030e-02, 7.4827114482346638e-04,
          1.9549392903517912e-02, 2.6899461542683611e-04,
          1.3034307315666154e-03, 2.1537486376201312e-03,
          -9.9121059364488430e-04, 1.4473913541861001e-04,
          1.6660747458287482e-03, 7.5729865997987316e-04,
          -9.9296020421942596e-06, 2.6899461542683622e-04,
          4.3554816868472740e-03 ]
   - !!opencv-matrix
      rows: 9
      cols: 9
      dt: d
      data: [ 1.5046304769458146e-01, 1.9553939380028001e-01,
          3.7834638511821540e-02, 1.5356529879754841e-02,
          2.6424247618264219e-02, 3.2153694902288893e-02,
          7.8270630684848987e-03, 7.6304392367547024e-04,
          1.4976966884809905e-02, 1.9553939380028004e-01,
          4.4523601991855682e-01, 5.0989372476651952e-02,
          4.0536518605523028e-02, 5.2271900568717035e-02,
          5.7171431741268715e-02, 1.4741122521844218e-02,
          2.3907096396770001e-03, 4.8144401999448201e-02,
          3.7834638511821540e-02, 5.0989372476651966e-02,
          8.0388154071049711e-02, 7.1146760045537917e-03,
          1.0490517396434817e-02, 4.3958886866309423e-02,
          5.9102744575973299e-03, 5.5647549412149071e-03,
          2.7650609610808852e-03, 1.5356529879754843e-02,
          4.0536518605523042e-02, 7.1146760045537900e-03,
          1.1213513867090003e-01, 3.9318590933798747e-02,
          1.2314893654376696e-02, -1.9870649035120791e-03,
          5.4177296244030341e-03, -2.3558903791717316e-02,
          2.6424247618264219e-02, 5.2271900568717042e-02,
          1.0490517396434817e-02, 3.9318590933798747e-02,
          4.3599893235233139e-02, 1.5382165870379719e-02,
          -1.0925614338474160e-03, 4.1565863972137960e-03,
          -1.6702928021921099e-02, 3.2153694902288900e-02,
          5.7171431741268729e-02, 4.3958886866309423e-02,
          1.2314893654376692e-02, 1.5382165870379716e-02,
          8.6447514345759008e-02, 6.1594288779431633e-03,
          -4.0419243571825168e-03, 1.6722582949213695e-03,
          7.8270630684849005e-03, 1.4741122521844214e-02,
          5.9102744575973290e-03, -1.9870649035120800e-03,
          -1.0925614338474160e-03, 6.1594288779431633e-03,
          8.5013308544466173e-03, -3.4833129426353851e-04,
          4.8923774140352686e-03, 7.6304392367547099e-04,
          2.3907096396769993e-03, 5.5647549412149071e-03,
          5.4177296244030324e-03, 4.1565863972137960e-03,
          -4.0419243571825168e-03, -3.4833129426353835e-04,
          6.7656214575105927e-02, -9.6813595452126375e-04,
          1.4976966884809905e-02, 4.8144401999448201e-02,
          2.7650609610808852e-03, -2.3558903791717309e-02,
          -1.6702928021921099e-02, 1.6722582949213695e-03,
          4.8923774140352677e-03, -9.6813595452126375e-04,
          7.7732362250710826e-02 ]
   - !!opencv-matrix
      rows: 9
      cols: 9
      dt: d
      data: [ 7.3229236372587297e-02, 2.2719023551081234e-02,
          -4.1068831365302075e-04, 2.8731166498480671e-03,
          2.9440938372361714e-02, -3.0628016815203874e-03,
          3.4025343755405249e-03, 1.1356473264811792e-03,
          6.1330734475258088e-02, 2.2719023551081234e-02,
          1.7051823998903589e-02, 9.9355401044448903e-04,
          1.9284622706112660e-03, 1.7453948210536013e-02,
          3.9880539120065728e-03, 2.3184935687310451e-04,
          1.2466141731776361e-03, 4.0060650550427235e-02,
          -4.1068831365302075e-04, 9.9355401044448860e-04,
          3.7264184927817884e-02, 6.1938927785751318e-04,
          1.7829713282191332e-03, 1.1269312161039482e-03,
          -5.6911392663360567e-04, -1.3490544135728881e-03,
          -9.3634605171515096e-03, 2.8731166498480671e-03,
          1.9284622706112651e-03, 6.1938927785751339e-04,
          1.1047766559694108e-02, 2.8580597782578094e-03,
          -1.9518239890342324e-03, -3.8145794498296891e-04,
          2.3805871177954061e-04, 1.2717138439264652e-03,
          2.9440938372361725e-02, 1.7453948210536013e-02,
          1.7829713282191332e-03, 2.8580597782578098e-03,
          3.4769479003208141e-02, 4.4003254077325466e-03,
          -3.3555849150414306e-04, 8.8588144879194494e-04,
