%YAML:1.0
---
groups:
   - intact
   - CD19
   - blast
intactGmmnames:
   - "intact.Bue063.0"
   - "intact.Bue063.1"
   - "intact.Bue063.2"
   - "intact.Bue063.3"
   - "intact.Bue063.4"
intactLabels:
   - FSC-A
   - SSC-A
   - CD20
   - CD10
   - CD45
   - CD34
   - SYTO41
   - CD19
   - CD38
intactMu: !!opencv-matrix
   rows: 5
   cols: 9
   dt: d
   data: [ 1.3510730571981211e+00, 2.6218720739959389e-01,
       1.0186501350356456e+00, 9.0485584550111697e-01,
       3.5518966504559439e+00, 1.0800081522524267e+00,
       2.1162300294996519e+00, 1.1029599001363670e+00,
       1.9091157380119654e+00, 2.2421419033564991e+00,
       2.0900952211919002e+00, 1.2930619219318900e+00,
       1.7983820551406600e+00, 3.1758042248402902e+00,
       1.8555023216833297e+00, 2.3758986895719123e+00,
       1.1495101361182971e+00, 1.8713426991092765e+00,
       1.2501161828484131e+00, 2.5946873969149964e-01,
       1.0012423828279411e+00, 8.8681766497888970e-01,
       1.6525060628435919e+00, 1.3629189243322104e+00,
       2.5048416742446284e+00, 1.0974710895642736e+00,
       1.2767543803532659e+00, 1.2790599213430509e+00,
       2.7342379899828034e-01, 9.4531603753272819e-01,
       8.8807647147483348e-01, 1.3603166134027211e+00,
       1.0361313977802600e+00, 1.3014149718272019e+00,
       1.0955696748596826e+00, 1.2482775695984629e+00,
       2.0863472467180779e+00, 1.0229443108026846e+00,
       1.2877873618979074e+00, 1.0763135981701675e+00,
       2.8635982747737621e+00, 1.7114771391352548e+00,
       2.5317943343468361e+00, 1.2025972491755825e+00,
       2.0450986932061719e+00 ]
intactSigma:
   - !!opencv-matrix
      rows: 9
      cols: 9
      dt: d
      data: [ 1.8972296423576392e-02, 5.7728723638038439e-03,
          1.1141620166308726e-03, 6.0008127691226387e-04,
          8.4821533987121164e-03, -3.9118892287207550e-03,
          5.1638092396443704e-03, 1.0784018912542902e-04,
          -8.3124192525075886e-04, 5.7728723638038430e-03,
          6.3366647369261326e-03, 4.4099482556125158e-04,
          5.6619755019913099e-04, 6.7570759689444832e-03,
          -3.2812918956979828e-03, -1.5084522697793171e-03,
          2.5469566951726719e-04, 5.0394307351484761e-03,
          1.1141620166308726e-03, 4.4099482556125168e-04,
          5.5788882252744879e-02, 9.1866483131316807e-04,
          1.7101177332614438e-04, -1.9441078597902308e-03,
          -5.3425057191103882e-04, -8.1454436493470664e-04,
          -1.5347800939283158e-03, 6.0008127691226387e-04,
          5.6619755019913078e-04, 9.1866483131316785e-04,
          9.6530232544151540e-03, 5.8749345474592225e-04,
          -3.3954304155439882e-03, 5.0590725079706475e-04,
          8.6418927303798010e-05, -4.2740626362311950e-04,
          8.4821533987121164e-03, 6.7570759689444832e-03,
          1.7101177332614419e-04, 5.8749345474592225e-04,
          1.8907309595058784e-02, -7.3869596713037246e-03,
          -8.3203315497169857e-03, 3.7601593701292873e-04,
          9.5041418063014655e-03, -3.9118892287207550e-03,
          -3.2812918956979828e-03, -1.9441078597902304e-03,
          -3.3954304155439895e-03, -7.3869596713037255e-03,
          7.3934852997475944e-02, 7.5962073950034585e-03,
          -5.7063564832217847e-03, -2.0845278820589286e-02,
          5.1638092396443713e-03, -1.5084522697793167e-03,
          -5.3425057191103817e-04, 5.0590725079706507e-04,
          -8.3203315497169857e-03, 7.5962073950034585e-03,
          6.8901953692679305e-02, -5.5059004119618069e-04,
          -3.6793156191543712e-02, 1.0784018912542911e-04,
          2.5469566951726719e-04, -8.1454436493470653e-04,
          8.6418927303797956e-05, 3.7601593701292873e-04,
          -5.7063564832217847e-03, -5.5059004119618101e-04,
          4.6148372502666643e-03, 2.5871746976789123e-03,
          -8.3124192525075951e-04, 5.0394307351484752e-03,
          -1.5347800939283151e-03, -4.2740626362311929e-04,
          9.5041418063014655e-03, -2.0845278820589286e-02,
          -3.6793156191543712e-02, 2.5871746976789123e-03,
          4.1717263387426401e-01 ]
   - !!opencv-matrix
      rows: 9
      cols: 9
      dt: d
      data: [ 5.1373717598349751e-02, 8.6515212362073268e-02,
          1.6279649368388611e-02, 3.2200639650104062e-03,
          4.5435709803102083e-03, 2.8189454187252789e-02,
          1.1010472443518703e-02, 1.2651121522055113e-03,
          2.2398954180299746e-02, 8.6515212362073268e-02,
          2.3927320495535298e-01, 2.4501631754526874e-02,
          2.5578950900819079e-02, 1.8161634125727136e-02,
          4.5690690668360942e-02, 2.1371814061010283e-02,
          3.1392395449984963e-03, 5.2673711787402953e-02,
          1.6279649368388611e-02, 2.4501631754526874e-02,
          7.3795200263005456e-02, 7.2615655131103383e-03,
          4.8524799473003378e-03, 2.6983246618044715e-02,
          4.7225902151687470e-03, 1.1676052104233859e-03,
          3.1000089867909560e-04, 3.2200639650104049e-03,
          2.5578950900819072e-02, 7.2615655131103383e-03,
          1.2482286929741797e-01, 3.1302656134274340e-02,
          6.1919157279955485e-03, -8.6421961216985709e-03,
          4.0104473993130621e-03, -6.1738428584216503e-03,
          4.5435709803102100e-03, 1.8161634125727136e-02,
          4.8524799473003370e-03, 3.1302656134274340e-02,
          2.0237199756949348e-02, 6.4841964153723574e-03,
          -2.9782964880654258e-03, 1.9524423790815556e-03,
          -2.6670431601648710e-03, 2.8189454187252789e-02,
          4.5690690668360956e-02, 2.6983246618044715e-02,
          6.1919157279955485e-03, 6.4841964153723583e-03,
          1.2401736337731811e-01, 8.5308271373695354e-03,
          -9.1634105139421791e-03, 8.2666586510439111e-03,
          1.1010472443518703e-02, 2.1371814061010290e-02,
          4.7225902151687496e-03, -8.6421961216985727e-03,
          -2.9782964880654249e-03, 8.5308271373695354e-03,
          3.1123834017897627e-02, 4.0726153658764304e-04,
          9.7929758873294050e-03, 1.2651121522055113e-03,
          3.1392395449984976e-03, 1.1676052104233848e-03,
          4.0104473993130604e-03, 1.9524423790815556e-03,
          -9.1634105139421791e-03, 4.0726153658764293e-04,
          2.0996926599593579e-02, 3.1970769998936125e-04,
          2.2398954180299743e-02, 5.2673711787402946e-02,
          3.1000089867909528e-04, -6.1738428584216503e-03,
          -2.6670431601648701e-03, 8.2666586510439111e-03,
          9.7929758873294050e-03, 3.1970769998936147e-04,
          4.6604855324492121e-02 ]
   - !!opencv-matrix
      rows: 9
      cols: 9
      dt: d
      data: [ 1.4287655373127023e-01, 2.8522662338056139e-02,
          3.4701546848088598e-03, 3.0197299744043195e-03,
          4.4614421585538425e-02, 2.0828060162493407e-02,
          6.6532389213328727e-02, 3.8115331611081968e-06,
          9.3027141653358215e-03, 2.8522662338056139e-02,
          9.1382540511784835e-03, 1.5921711442577562e-03,
          7.7772701351021246e-04, 1.1704392063936529e-02,
          5.7116934429927860e-03, 1.4616863742093776e-02,
          9.5402810641405109e-05, 2.8267292701892751e-03,
          3.4701546848088598e-03, 1.5921711442577558e-03,
          3.1843460991556292e-02, 5.2968007744290976e-04,
          3.2280857176023030e-03, 3.7192491323318816e-03,
          4.2170151004790220e-03, -1.8722051088244346e-04,
          -3.9793089959368129e-04, 3.0197299744043203e-03,
          7.7772701351021267e-04, 5.2968007744290954e-04,
          1.3586510647393813e-02, 9.4805888266724723e-04,
          -1.8441966198023861e-03, 1.5217507673575875e-03,
          -2.3831360913375845e-05, 2.4993678578867054e-04,
          4.4614421585538432e-02, 1.1704392063936527e-02,
          3.2280857176023039e-03, 9.4805888266724723e-04,
          4.9737783504353525e-02, 1.2832203977789133e-02,
