%YAML:1.0
---
groups:
   - intact
   - CD19
   - blast
intactGmmnames:
   - "intact.Bue073.0"
   - "intact.Bue073.1"
   - "intact.Bue073.2"
   - "intact.Bue073.3"
   - "intact.Bue073.4"
intactLabels:
   - FSC-A
   - SSC-A
   - CD20
   - CD10
   - CD45
   - CD34
   - SYTO41
   - CD19
   - CD38
intactMu: !!opencv-matrix
   rows: 5
   cols: 9
   dt: d
   data: [ 1.6792429864009726e+00, 4.9735161941176365e-01,
       1.1571931949854646e+00, 8.2469590870088971e-01,
       3.3051420431565708e+00, 1.0522951566495513e+00,
       3.1162167074625096e+00, 1.0668454216239380e+00,
       3.4419616025769848e+00, 2.4032185356978131e+00,
       3.2289114446534635e+00, 1.2640401115137880e+00,
       2.3611107737173094e+00, 2.7746369297235249e+00,
       1.6649916219630201e+00, 3.1827015850532616e+00,
       1.1806753152638860e+00, 2.1579827841235768e+00,
       1.4238305734214276e+00, 4.6537563192660697e-01,
       1.1282933356074640e+00, 8.4320638551522697e-01,
       1.5821846769427903e+00, 1.3160047140807047e+00,
       3.3187824331443641e+00, 1.0773664092512658e+00,
       1.4374044879144838e+00, 1.3449496723922636e+00,
       2.8257574857711620e-01, 1.1058763041529123e+00,
       8.0995181771413582e-01, 3.2241956493964841e+00,
       1.1305469274890820e+00, 3.1921597037881364e+00,
       1.0553164216019535e+00, 1.9265196688633950e+00,
       2.6161198811400230e+00, 2.3375557625799113e+00,
       1.3781535699187240e+00, 1.1000182693849292e+00,
       2.4247465065300298e+00, 1.7114978009037030e+00,
       3.3154955187982211e+00, 1.1996915882682675e+00,
       2.5643671196980153e+00 ]
intactSigma:
   - !!opencv-matrix
      rows: 9
      cols: 9
      dt: d
      data: [ 2.1811517820371010e-02, 6.0361751692939994e-03,
          8.4815463363446494e-04, -4.0237619706857427e-04,
          6.0629370578495472e-03, 8.4978876027736909e-05,
          3.2049085838430327e-03, -9.8437382512251087e-05,
          8.0297012127755699e-03, 6.0361751692939994e-03,
          8.5549778173411375e-03, 9.7234818036418241e-04,
          1.1198459354717083e-03, 2.9030032991863713e-03,
          1.5071540486713908e-04, 2.6538401708652774e-04,
          3.2610229256914343e-04, 9.4197111805215308e-03,
          8.4815463363446559e-04, 9.7234818036418327e-04,
          9.6120944231833330e-02, -5.3972754374333214e-05,
          6.0493790207318725e-04, -1.2751551191776777e-03,
          -1.2275151479100880e-04, -2.5236183379859869e-03,
          2.3387552941514953e-03, -4.0237619706857443e-04,
          1.1198459354717089e-03, -5.3972754374332821e-05,
          2.7584952748527271e-02, 1.1366606988203491e-03,
          -2.6992636295106744e-03, -1.0618448928536991e-03,
          -1.7079999074529764e-04, 1.3359202271426463e-03,
          6.0629370578495472e-03, 2.9030032991863713e-03,
          6.0493790207318703e-04, 1.1366606988203495e-03,
          1.8307270233578716e-02, -6.7797674897018942e-04,
          1.2630027682402570e-03, 2.2245036492374447e-04,
          3.4853601733773028e-03, 8.4978876027737044e-05,
          1.5071540486713913e-04, -1.2751551191776782e-03,
          -2.6992636295106735e-03, -6.7797674897018909e-04,
          4.4109481211808944e-02, 1.7423076722590397e-03,
          -8.2571488255686349e-03, -5.4661500704000152e-03,
          3.2049085838430310e-03, 2.6538401708652774e-04,
          -1.2275151479100910e-04, -1.0618448928536987e-03,
          1.2630027682402570e-03, 1.7423076722590397e-03,
          2.2627715444265444e-02, -7.8816531658415523e-04,
          -2.6768540175780972e-03, -9.8437382512251114e-05,
          3.2610229256914349e-04, -2.5236183379859878e-03,
          -1.7079999074529824e-04, 2.2245036492374445e-04,
          -8.2571488255686349e-03, -7.8816531658415479e-04,
          1.5536026740924158e-02, 1.2799296758569732e-03,
          8.0297012127755682e-03, 9.4197111805215308e-03,
          2.3387552941514953e-03, 1.3359202271426467e-03,
          3.4853601733773032e-03, -5.4661500704000152e-03,
          -2.6768540175780972e-03, 1.2799296758569728e-03,
          6.4475744097440293e-02 ]
   - !!opencv-matrix
      rows: 9
      cols: 9
      dt: d
      data: [ 7.4702149125819267e-02, 1.1637290527434599e-01,
          1.0370519672664237e-02, -2.3501196830418556e-03,
          2.4418489403267149e-03, 3.0884231259252146e-02,
          -5.6657353824442723e-04, 1.4439506547300463e-03,
          1.8406789763837160e-02, 1.1637290527434599e-01,
          3.5758484796640133e-01, 1.1523752225922165e-02,
          3.5891850997170696e-03, 5.0540472148380422e-03,
          4.5922618214466991e-02, -4.6078706065102364e-04,
          1.0541683825310524e-04, 4.2583695830064855e-02,
          1.0370519672664237e-02, 1.1523752225922165e-02,
          4.4707437218978026e-02, 6.8426564739174659e-03,
          4.3419681433031487e-03, 9.0611333883182255e-03,
          1.2503545882387155e-03, 3.4973281573046164e-03,
          2.6782013595701349e-04, -2.3501196830418552e-03,
          3.5891850997170696e-03, 6.8426564739174642e-03,
          9.4560836722668198e-02, 2.5807355500285067e-02,
          3.2632109742057542e-03, 2.2652670431723516e-03,
          1.4244148091898523e-02, 2.2912599902808872e-03,
          2.4418489403267153e-03, 5.0540472148380413e-03,
          4.3419681433031487e-03, 2.5807355500285067e-02,
          2.6521624380541137e-02, 5.2957718891077877e-03,
          3.4476822228902545e-03, 6.6023371208496487e-03,
          6.7204493815528512e-04, 3.0884231259252149e-02,
          4.5922618214466991e-02, 9.0611333883182221e-03,
          3.2632109742057542e-03, 5.2957718891077877e-03,
          1.0090484186072168e-01, 1.6209982371667832e-03,
          -1.0804699718875821e-02, 6.9271628991030730e-03,
          -5.6657353824442734e-04, -4.6078706065102412e-04,
          1.2503545882387164e-03, 2.2652670431723503e-03,
          3.4476822228902550e-03, 1.6209982371667830e-03,
          1.0593062065578755e-02, 2.1564024979924923e-03,
          8.9538440937946505e-04, 1.4439506547300467e-03,
          1.0541683825310618e-04, 3.4973281573046169e-03,
          1.4244148091898523e-02, 6.6023371208496487e-03,
          -1.0804699718875821e-02, 2.1564024979924927e-03,
          5.5510339725154449e-02, 4.8853883255037221e-03,
          1.8406789763837153e-02, 4.2583695830064855e-02,
          2.6782013595701295e-04, 2.2912599902808876e-03,
          6.7204493815528523e-04, 6.9271628991030730e-03,
          8.9538440937946473e-04, 4.8853883255037230e-03,
          4.6545583721978569e-02 ]
   - !!opencv-matrix
      rows: 9
      cols: 9
      dt: d
      data: [ 2.2970564029665000e-01, 6.5286565960512882e-02,
          1.1964614589633830e-02, 1.2013381261415807e-02,
          7.2575210108297594e-02, 3.1581819769107553e-02,
          7.5051895880503802e-02, 5.0561763478908896e-03,
          2.9547411488301381e-02, 6.5286565960512882e-02,
          3.4242565002633327e-02, 5.4547107063151494e-03,
          5.8557935291603958e-03, 2.5007310275145554e-02,
          1.2274537266685858e-02, 1.9934683071658049e-02,
          1.9553594941541129e-03, 1.1407142291542660e-02,
          1.1964614589633837e-02, 5.4547107063151494e-03,
          2.5484962957472768e-02, 2.3538135640778883e-03,
          5.1984418868282062e-03, 5.8445544596030709e-03,
          4.4029542098167757e-03, 9.2795255883642701e-04,
          2.8458488631906967e-03, 1.2013381261415807e-02,
          5.8557935291603950e-03, 2.3538135640778883e-03,
          3.9469622606205144e-02, 4.1626879767365788e-03,
          1.0770879264081154e-03, 1.3831515372264328e-03,
          -2.7285589021263312e-04, 3.0334903120780373e-03,
          7.2575210108297608e-02, 2.5007310275145554e-02,
          5.1984418868282070e-03, 4.1626879767365788e-03,
          8.2492911815542233e-02, 1.8781457588236676e-02,
          2.5070719716620657e-02, 2.3672666518856004e-03,
