%YAML:1.0
---
groups:
   - intact
   - CD19
   - blast
intactGmmnames:
   - "intact.Bue004.0"
   - "intact.Bue004.1"
   - "intact.Bue004.2"
   - "intact.Bue004.3"
   - "intact.Bue004.4"
intactLabels:
   - FSC-A
   - SSC-A
   - CD20
   - CD10
   - CD45
   - CD34
   - SYTO41
   - CD19
   - CD38
intactMu: !!opencv-matrix
   rows: 5
   cols: 9
   dt: d
   data: [ 1.0869313889102858e+00, 2.8879489209187026e-01,
       9.6430050595365191e-01, 7.0712330888382913e-01,
       3.2745675764570636e+00, 1.2474005026591934e+00,
       2.5703131062187738e+00, 1.0159202622021539e+00,
       1.3474796828800473e+00, 1.9337958905673747e+00,
       2.5124491365538288e+00, 1.1486118615200447e+00,
       2.3238272585855735e+00, 2.8846618372591171e+00,
       1.4917343421051630e+00, 2.4688141282830576e+00,
       1.0505632956517956e+00, 1.5566378510137806e+00,
       1.2385577758054354e+00, 4.2816706583613823e-01,
       1.0111507584743522e+00, 7.0670166096571119e-01,
       3.3327499254483208e+00, 1.2170176818009180e+00,
       2.4355929982006193e+00, 1.0172876521180487e+00,
       2.5315704472224985e+00, 1.8273298791272798e+00,
       1.4770029221481722e+00, 1.2772386801289921e+00,
       1.0269615822504867e+00, 2.7182428650292141e+00,
       1.7892278219340410e+00, 2.6837549674105614e+00,
       1.1491938014991416e+00, 2.0810376493936769e+00,
       1.0760418702868917e+00, 4.2989095214210410e-01,
       1.0360241425170067e+00, 7.5732301280605785e-01,
       1.5850121912991364e+00, 1.3763822850939951e+00,
       2.7228249474172670e+00, 1.0198606616763595e+00,
       1.1868784973646556e+00 ]
intactSigma:
   - !!opencv-matrix
      rows: 9
      cols: 9
      dt: d
      data: [ 2.0056345024550389e-02, 8.0641297472173450e-03,
          -1.9949707272602817e-04, 1.4257017533465730e-03,
          5.6221066716923432e-03, -7.4007769658057405e-04,
          5.2576364979940952e-03, 6.6997414375033644e-05,
          -1.2891792113793623e-02, 8.0641297472173450e-03,
          7.7892034602801028e-03, -3.6334065732199463e-05,
          7.5431030657506244e-04, 6.7348691227377732e-03,
          -1.2702273268119979e-03, 5.2327396100049347e-04,
          2.3381704742966608e-04, -9.3616963872371547e-03,
          -1.9949707272602806e-04, -3.6334065732199389e-05,
          2.4629840335953449e-02, 2.0384665521787975e-04,
          -1.5967491038002424e-04, 2.2271685505404748e-04,
          2.5882926053942800e-04, 2.9445166370787356e-05,
          -3.8185935261627747e-03, 1.4257017533465725e-03,
          7.5431030657506189e-04, 2.0384665521787991e-04,
          3.1637971919252335e-02, -1.0342220361284277e-04,
          -1.5142517558298511e-03, 1.9011242115642553e-04,
          1.6630458236376619e-04, -1.2989909108018396e-03,
          5.6221066716923432e-03, 6.7348691227377714e-03,
          -1.5967491038002433e-04, -1.0342220361284332e-04,
          2.1989220324563827e-02, -1.4735459861478649e-03,
          -2.0292264657897495e-03, 1.7524344648746921e-04,
          -4.7657134285333906e-03, -7.4007769658057372e-04,
          -1.2702273268119979e-03, 2.2271685505404759e-04,
          -1.5142517558298504e-03, -1.4735459861478651e-03,
          7.0356284789659324e-03, 1.0045788132802427e-03,
          -7.5742517007992599e-04, 1.5042623926875001e-03,
          5.2576364979940952e-03, 5.2327396100049347e-04,
          2.5882926053942816e-04, 1.9011242115642542e-04,
          -2.0292264657897495e-03, 1.0045788132802427e-03,
          1.1420964196764666e-02, -2.3978223221169970e-04,
          -1.3568797904457920e-03, 6.6997414375033780e-05,
          2.3381704742966603e-04, 2.9445166370787335e-05,
          1.6630458236376619e-04, 1.7524344648746915e-04,
          -7.5742517007992599e-04, -2.3978223221169975e-04,
          4.8203854004924430e-03, 2.2775837550447758e-04,
          -1.2891792113793618e-02, -9.3616963872371547e-03,
          -3.8185935261627747e-03, -1.2989909108018396e-03,
          -4.7657134285333906e-03, 1.5042623926875003e-03,
          -1.3568797904457920e-03, 2.2775837550447796e-04,
          6.0362543109135566e-02 ]
   - !!opencv-matrix
      rows: 9
      cols: 9
      dt: d
      data: [ 4.9936114896645456e-02, 9.8461768175483064e-02,
          7.1300988388593592e-03, 7.8857535633027453e-03,
          8.9368954591861356e-03, 1.3295582508770221e-02,
          -6.9341058674415033e-04, 1.9067892556336582e-03,
          7.7233662834098786e-03, 9.8461768175483050e-02,
          3.3065271203062857e-01, 6.6126105272739837e-03,
          3.5329374609646746e-02, 2.9857218387216392e-02,
          1.4068068646189945e-02, -2.9595893064092898e-03,
          3.1006050642617793e-03, 2.7128027182080235e-02,
          7.1300988388593575e-03, 6.6126105272739837e-03,
          4.6224028223062895e-02, 1.4970359258061287e-03,
          1.5432478870175991e-03, 6.0455338111351136e-03,
          2.5556410143957350e-03, 9.7844781318319604e-04,
          -5.6209708941924665e-04, 7.8857535633027453e-03,
          3.5329374609646746e-02, 1.4970359258061276e-03,
          8.6257450564631882e-02, 2.4506735688375782e-02,
          1.4791352711658462e-03, -6.0144941591807151e-03,
          2.3462548941069979e-03, 3.8045221866580513e-03,
          8.9368954591861373e-03, 2.9857218387216392e-02,
          1.5432478870175995e-03, 2.4506735688375789e-02,
          2.3597577410541744e-02, 2.5966286566765288e-03,
          -4.9024768582144372e-03, 1.3341601826882656e-03,
          2.2412623736566112e-03, 1.3295582508770221e-02,
          1.4068068646189952e-02, 6.0455338111351136e-03,
          1.4791352711658455e-03, 2.5966286566765288e-03,
          4.0478580459352820e-02, 3.1190327788837239e-03,
          -2.8029840167063760e-03, 2.0694308285364306e-03,
          -6.9341058674415033e-04, -2.9595893064092902e-03,
          2.5556410143957350e-03, -6.0144941591807151e-03,
          -4.9024768582144372e-03, 3.1190327788837248e-03,
          1.8372419245071502e-02, 4.3656513349197055e-04,
          7.9314239545349649e-04, 1.9067892556336593e-03,
          3.1006050642617775e-03, 9.7844781318319604e-04,
          2.3462548941069979e-03, 1.3341601826882658e-03,
          -2.8029840167063756e-03, 4.3656513349197055e-04,
          1.0934595002448862e-02, 1.4158156104863669e-03,
          7.7233662834098795e-03, 2.7128027182080242e-02,
          -5.6209708941924567e-04, 3.8045221866580513e-03,
          2.2412623736566112e-03, 2.0694308285364310e-03,
          7.9314239545349703e-04, 1.4158156104863669e-03,
          2.7980444638830204e-02 ]
   - !!opencv-matrix
      rows: 9
      cols: 9
      dt: d
      data: [ 2.9803411945780529e-02, 1.4453532803934349e-02,
          -4.5733576957814317e-03, 1.9707246577789907e-03,
          3.8969113066044500e-03, -9.4687589846986179e-04,
          -1.2397993664833632e-03, -5.7707975487535456e-05,
          4.8137972801695302e-02, 1.4453532803934349e-02,
          1.5412654767826337e-02, -3.0973542974526047e-03,
          1.5706167297214789e-03, 4.2897024015316467e-03,
          -1.1685726817202932e-03, -3.7537136479793200e-03,
          -2.1979770047102490e-05, 4.5618682149690566e-02,
          -4.5733576957814343e-03, -3.0973542974526047e-03,
          1.2911855678698347e-01, -9.1657958729531551e-04,
          2.2831503424512924e-03, 6.2275504472628508e-04,
          7.9939019737952915e-04, -6.1100644722950146e-04,
          -4.4466601349474819e-02, 1.9707246577789911e-03,
          1.5706167297214785e-03, -9.1657958729531453e-04,
          3.2888569390299979e-02, 1.1650097120898390e-03,
          -1.6709278133220623e-03, 1.9875262408340955e-04,
          5.8606045042042460e-04, 1.8947674199658341e-05,
          3.8969113066044509e-03, 4.2897024015316467e-03,
          2.2831503424512933e-03, 1.1650097120898390e-03,
          2.6256279397878918e-02, -4.8096836659903527e-04,
