%YAML:1.0
---
groups:
   - intact
   - CD19
   - blast
intactGmmnames:
   - "intact.Bue014.0"
   - "intact.Bue014.1"
   - "intact.Bue014.2"
   - "intact.Bue014.3"
   - "intact.Bue014.4"
intactLabels:
   - FSC-A
   - SSC-A
   - CD20
   - CD10
   - CD45
   - CD34
   - SYTO41
   - CD19
   - CD38
intactMu: !!opencv-matrix
   rows: 5
   cols: 9
   dt: d
   data: [ 2.6209012788176671e+00, 1.8040123091462597e+00,
       1.3035449570950925e+00, 1.1038996687452236e+00,
       2.6183737593945575e+00, 1.9141636088944156e+00,
       2.7379966182869633e+00, 1.1988541471947647e+00,
       2.2979942901978014e+00, 1.0065411077095463e+00,
       2.6941277069291103e-01, 1.1239159543987520e+00,
       9.0458300469094111e-01, 1.6124183397723968e+00,
       1.2602005222699522e+00, 2.6974480806038010e+00,
       1.1231755941583066e+00, 1.4388403665261247e+00,
       1.2807665395461776e+00, 2.8451483905230501e-01,
       1.1420870214202652e+00, 8.9938089636065988e-01,
       3.4056879244501137e+00, 1.1564864921385520e+00,
       2.2078477749330494e+00, 1.1315770134798910e+00,
       2.0159430488311636e+00, 2.7708634189563952e+00,
       2.2051142360021903e+00, 1.2965257801147620e+00,
       2.3198183292986614e+00, 2.8683329768158234e+00,
       1.9060128837956027e+00, 2.6648380002676810e+00,
       1.2354552634572409e+00, 1.9909307709453163e+00,
       1.8479303504411162e+00, 1.0331262882578494e+00,
       1.4030622367849814e+00, 1.4340709150683855e+00,
       2.5817949963536355e+00, 1.9248815421219341e+00,
       2.7528579850153898e+00, 1.4755419898286612e+00,
       2.3365182667308493e+00 ]
intactSigma:
   - !!opencv-matrix
      rows: 9
      cols: 9
      dt: d
      data: [ 2.2409897488765598e-01, 2.2028125992688538e-01,
          2.0048920850373297e-02, 3.2076543032006577e-02,
          4.2406486182476097e-02, 6.3709151191287866e-02,
          2.5244012204400430e-02, 9.7453937146704892e-03,
          3.8383541303889789e-02, 2.2028125992688538e-01,
          3.1735227837646385e-01, 1.8584688136671801e-02,
          3.8271852852592443e-02, 5.4400968882241794e-02,
          6.7879168068763859e-02, 2.2370137974533025e-02,
          9.3265721864358095e-03, 4.9686659837764872e-02,
          2.0048920850373297e-02, 1.8584688136671801e-02,
          2.9694759239692586e-02, 3.5555010251438037e-03,
          3.9612462668820944e-03, 8.3471098581471108e-03,
          2.7895332215102345e-03, 2.5345664201373308e-04,
          2.4492765630139196e-03, 3.2076543032006577e-02,
          3.8271852852592443e-02, 3.5555010251438045e-03,
          5.6168090271139171e-02, 1.1822015839378480e-02,
          1.1126813608388530e-02, 4.5139160296113123e-03,
          4.1105796930449804e-03, 6.9924294325738445e-03,
          4.2406486182476097e-02, 5.4400968882241794e-02,
          3.9612462668820935e-03, 1.1822015839378480e-02,
          2.5876165062546159e-02, 1.3923573610193356e-02,
          1.3144388042637795e-03, 2.7658711146976572e-03,
          -3.4301533932147403e-04, 6.3709151191287880e-02,
          6.7879168068763859e-02, 8.3471098581471108e-03,
          1.1126813608388532e-02, 1.3923573610193357e-02,
          7.5664820262897003e-02, 8.5214182906294712e-03,
          -4.8207152676744917e-03, 1.4305878747272141e-02,
          2.5244012204400434e-02, 2.2370137974533025e-02,
          2.7895332215102345e-03, 4.5139160296113140e-03,
          1.3144388042637795e-03, 8.5214182906294712e-03,
          1.0926275963736598e-02, 2.1109776146390090e-03,
          1.5212049069950644e-02, 9.7453937146704840e-03,
          9.3265721864358095e-03, 2.5345664201373313e-04,
          4.1105796930449804e-03, 2.7658711146976564e-03,
          -4.8207152676744917e-03, 2.1109776146390098e-03,
          3.7120188243768469e-02, 4.7236878062299524e-03,
          3.8383541303889782e-02, 4.9686659837764872e-02,
          2.4492765630139200e-03, 6.9924294325738445e-03,
          -3.4301533932147381e-04, 1.4305878747272138e-02,
          1.5212049069950644e-02, 4.7236878062299524e-03,
          8.6808925573846174e-02 ]
   - !!opencv-matrix
      rows: 9
      cols: 9
      dt: d
      data: [ 1.2531239285832721e-01, 2.9764939800522690e-02,
          9.1682430367311888e-04, 4.4507591217687872e-03,
          4.9613955306173525e-02, 1.9438082674839759e-02,
          3.3137462059569731e-02, 2.0695848154991567e-03,
          4.1084808474618498e-02, 2.9764939800522690e-02,
          1.1213068697655164e-02, 6.2695500174919118e-04,
          2.3485509727138153e-03, 1.7220699721818555e-02,
          7.2671127200959959e-03, 1.0425339198399365e-02,
          8.9659629354613666e-04, 1.4762136632018712e-02,
          9.1682430367311888e-04, 6.2695500174919096e-04,
          1.1790700544607650e-02, 1.4406488642787752e-03,
          9.6486655286308223e-04, -8.6154937868672106e-04,
          7.0132908492446502e-04, -6.8666688215984349e-04,
          1.5057048901293886e-05, 4.4507591217687863e-03,
          2.3485509727138158e-03, 1.4406488642787752e-03,
          5.1889305143009636e-02, 5.0549237962791930e-03,
          -1.6179225391522126e-03, 3.0545279326841010e-03,
          2.0596523395944545e-03, 2.7519365315053488e-03,
          4.9613955306173525e-02, 1.7220699721818552e-02,
          9.6486655286308223e-04, 5.0549237962791956e-03,
          6.1238405203507942e-02, 1.4275676480632020e-02,
          1.7890200442980224e-02, 2.4349025466467032e-03,
          2.8516361515041985e-02, 1.9438082674839759e-02,
          7.2671127200959942e-03, -8.6154937868672106e-04,
          -1.6179225391522113e-03, 1.4275676480632020e-02,
          8.0246981078296711e-02, 1.0488982863031997e-02,
          -7.0592365554729931e-03, 1.0942922104734257e-02,
          3.3137462059569731e-02, 1.0425339198399365e-02,
          7.0132908492446502e-04, 3.0545279326841010e-03,
          1.7890200442980224e-02, 1.0488982863031997e-02,
          3.0129580636655356e-02, 1.3205320823029957e-03,
          1.1508150627362910e-02, 2.0695848154991571e-03,
          8.9659629354613634e-04, -6.8666688215984349e-04,
          2.0596523395944549e-03, 2.4349025466467019e-03,
          -7.0592365554729931e-03, 1.3205320823029953e-03,
          1.9862909777526298e-02, 2.4191301152751317e-03,
          4.1084808474618505e-02, 1.4762136632018712e-02,
          1.5057048901293910e-05, 2.7519365315053488e-03,
          2.8516361515041985e-02, 1.0942922104734258e-02,
          1.1508150627362910e-02, 2.4191301152751313e-03,
          5.0280344881004323e-02 ]
   - !!opencv-matrix
      rows: 9
      cols: 9
      dt: d
      data: [ 6.0838223029673198e-02, 1.6107892377556238e-02,
          -6.6887178981384001e-04, 9.1372641558487751e-04,
          1.9257139551492625e-02, -3.8213287331934028e-03,
          -2.9944218021372870e-02, -7.1675872772195188e-04,
          4.0149195543489405e-02, 1.6107892377556238e-02,
          6.7618592182357188e-03, 1.9438009920126816e-05,
          4.6399892732913397e-04, 6.8125969754598923e-03,
          5.0535075820702862e-05, -1.0049862458042059e-02,
          2.6381890639524518e-04, 1.8916006840663691e-02,
          -6.6887178981384055e-04, 1.9438009920126734e-05,
          2.1600521442945029e-02, 9.6850411080797729e-04,
          6.3785702986120859e-04, -5.9088712975639650e-04,
          -1.4454918268819448e-03, -5.3404307902633267e-04,
          -3.7790989177202195e-03, 9.1372641558487783e-04,
          4.6399892732913397e-04, 9.6850411080797697e-04,
          3.2026662242003755e-02, 1.1992743519741095e-03,
          -3.9869700798931791e-03, -1.1126663045056696e-03,
          3.2122292607819226e-03, -2.4376440512849222e-03,
          1.9257139551492625e-02, 6.8125969754598940e-03,
          6.3785702986120891e-04, 1.1992743519741098e-03,
          1.8022090514585080e-02, -8.2684901896185558e-04,
          -1.8760732755085115e-02, -7.7221564204752954e-04,
