%YAML:1.0
---
groups:
   - intact
   - CD19
   - blast
intactGmmnames:
   - "intact.Bue016.0"
   - "intact.Bue016.1"
   - "intact.Bue016.2"
   - "intact.Bue016.3"
   - "intact.Bue016.4"
intactLabels:
   - FSC-A
   - SSC-A
   - CD20
   - CD10
   - CD45
   - CD34
   - SYTO41
   - CD19
   - CD38
intactMu: !!opencv-matrix
   rows: 5
   cols: 9
   dt: d
   data: [ 1.4274385440329440e+00, 3.6616413598186304e-01,
       1.0931282844523362e+00, 9.8848196071977668e-01,
       3.1437498649896094e+00, 1.1035877593384917e+00,
       2.0349275294806421e+00, 1.2128295945001277e+00,
       1.0181263046146394e+00, 1.0898133197999966e+00,
       2.8487031571292010e-01, 1.0807423552177549e+00,
       9.5622448646177927e-01, 1.4642028743762181e+00,
       1.1966133926068359e+00, 2.4250774139661759e+00,
       1.2145227189789132e+00, 1.0977084167657161e+00,
       1.5940393631099028e+00, 6.5829220443927305e-01,
       1.4531313756243809e+00, 1.3137751432272819e+00,
       2.9416431620147239e+00, 1.6638160361464576e+00,
       2.3497903431551115e+00, 1.3913233070445130e+00,
       2.2227258459782502e+00, 1.3093210535910458e+00,
       3.1806292162151528e-01, 1.1090368829067982e+00,
       9.9594567784407684e-01, 3.1905535800043183e+00,
       1.0873730815054867e+00, 1.9918683053353408e+00,
       1.2327105068340491e+00, 1.9318198122492098e+00,
       2.3631313139698102e+00, 1.6401754584972068e+00,
       1.2249624488725650e+00, 1.6397942933045795e+00,
       2.4617144229621282e+00, 1.5526911776344674e+00,
       2.4283092287595545e+00, 1.2676067846970247e+00,
       1.8131246112943089e+00 ]
intactSigma:
   - !!opencv-matrix
      rows: 9
      cols: 9
      dt: d
      data: [ 7.3186237178133093e-02, 1.0611415852484445e-02,
          -7.5377835308965748e-05, 6.2969383266344705e-04,
          1.8238995311114024e-02, 2.2359056616526132e-03,
          -2.1477613695064016e-02, 5.2125018229071671e-04,
          -9.4206736286908763e-03, 1.0611415852484445e-02,
          9.3471511133310873e-03, 8.7161387420838432e-04,
          1.3485067015415826e-03, 8.6476724363895117e-03,
          2.3676476994137115e-03, -6.0277526715969759e-03,
          2.2448710818973717e-04, -4.0070776381196408e-03,
          -7.5377835308965843e-05, 8.7161387420838432e-04,
          1.4211868402169881e-02, 1.5371791510289657e-03,
          2.2148299019653596e-04, -5.2953653912727857e-04,
          -2.0955890977293411e-04, 7.6989195440902737e-05,
          -1.9509675937275444e-03, 6.2969383266344759e-04,
          1.3485067015415824e-03, 1.5371791510289663e-03,
          2.1706089744671989e-02, 1.2642435193004607e-03,
          -3.3518613096519957e-03, -8.2652204405078082e-04,
          3.7551747803810819e-04, 4.7292643595536022e-04,
          1.8238995311114024e-02, 8.6476724363895117e-03,
          2.2148299019653607e-04, 1.2642435193004607e-03,
          3.3330098967212764e-02, 3.2576386472890355e-03,
          -1.9063204883254060e-02, -4.2084234316787426e-04,
          -3.8384423559994305e-03, 2.2359056616526136e-03,
          2.3676476994137123e-03, -5.2953653912727813e-04,
          -3.3518613096519957e-03, 3.2576386472890355e-03,
          4.5506153384789035e-02, -3.1596335887272599e-03,
          -3.2786928516053615e-03, 8.7801695283110028e-04,
          -2.1477613695064016e-02, -6.0277526715969768e-03,
          -2.0955890977293398e-04, -8.2652204405078071e-04,
          -1.9063204883254060e-02, -3.1596335887272599e-03,
          4.8507873597972137e-02, 1.6393422187277901e-04,
          8.3280263093569364e-03, 5.2125018229071671e-04,
          2.2448710818973708e-04, 7.6989195440902764e-05,
          3.7551747803810841e-04, -4.2084234316787432e-04,
          -3.2786928516053619e-03, 1.6393422187277871e-04,
          2.5309840517737567e-03, -9.7439531131140805e-04,
          -9.4206736286908763e-03, -4.0070776381196408e-03,
          -1.9509675937275453e-03, 4.7292643595536039e-04,
          -3.8384423559994305e-03, 8.7801695283110050e-04,
          8.3280263093569364e-03, -9.7439531131140805e-04,
          2.7212576302138858e-02 ]
   - !!opencv-matrix
      rows: 9
      cols: 9
      dt: d
      data: [ 7.9988576159457453e-02, 1.7722041477197137e-02,
          9.1696374177346808e-04, 3.4573790518940594e-03,
          1.2321324739039964e-02, 6.1152652823418894e-03,
          2.7476198040069223e-02, -4.8290729354894397e-04,
          9.2203549187844826e-03, 1.7722041477197137e-02,
          7.7973579062021450e-03, 2.5963966902124811e-04,
          1.3604891913337202e-03, 4.4351574585097713e-03,
          2.5679291584188523e-03, 7.6711359684449544e-03,
          -2.0045480015977427e-04, 3.9953309531312086e-03,
          9.1696374177346808e-04, 2.5963966902124800e-04,
          1.3125129507723628e-02, -1.1285628836282184e-04,
          8.2659816440077511e-04, -1.7946750138021091e-03,
          8.9498846359623821e-04, -9.3781226908730997e-05,
          -1.4759757537601238e-03, 3.4573790518940607e-03,
          1.3604891913337198e-03, -1.1285628836282207e-04,
          2.4265285179100635e-02, 2.2060086072939861e-03,
          -4.5067017377636584e-03, 1.4727073859333150e-03,
          4.9263744145454931e-06, 1.3218510264035241e-03,
          1.2321324739039964e-02, 4.4351574585097713e-03,
          8.2659816440077479e-04, 2.2060086072939866e-03,
          1.6562852379362066e-02, 2.3501897368463829e-03,
          6.7423142414047644e-03, -4.5414009080579011e-05,
          3.7294265880869885e-03, 6.1152652823418903e-03,
          2.5679291584188532e-03, -1.7946750138021091e-03,
          -4.5067017377636602e-03, 2.3501897368463837e-03,
          5.9037584153263607e-02, 2.3632414041680886e-03,
          -4.7862421303552583e-03, 4.3029352296527758e-04,
          2.7476198040069223e-02, 7.6711359684449561e-03,
          8.9498846359623821e-04, 1.4727073859333141e-03,
          6.7423142414047644e-03, 2.3632414041680886e-03,
          4.1574635945161108e-02, -6.4784551024639432e-05,
          4.3096849016482381e-03, -4.8290729354894370e-04,
          -2.0045480015977424e-04, -9.3781226908730997e-05,
          4.9263744145455152e-06, -4.5414009080579071e-05,
          -4.7862421303552592e-03, -6.4784551024639432e-05,
          3.6878507448187890e-03, 1.6360390159610066e-04,
          9.2203549187844826e-03, 3.9953309531312094e-03,
          -1.4759757537601242e-03, 1.3218510264035234e-03,
          3.7294265880869876e-03, 4.3029352296527747e-04,
          4.3096849016482381e-03, 1.6360390159610066e-04,
          1.7168396550574765e-02 ]
   - !!opencv-matrix
      rows: 9
      cols: 9
      dt: d
      data: [ 4.9626695444411911e-01, 2.3135205029225381e-01,
          -3.8946374190988696e-02, 1.0138639466376993e-01,
          4.8696682531139540e-02, 1.4807625516618006e-01,
          1.9474552958591563e-02, 1.6825153439202548e-02,
          1.8584885099201520e-01, 2.3135205029225381e-01,
          2.2771228203731819e-01, 4.1876002632667128e-03,
          9.0120742364787704e-02, 2.5950244595049021e-02,
          1.4882201862229524e-01, 3.5142485768555005e-02,
          2.1062162340884819e-02, 1.3798802316538164e-01,
          -3.8946374190988696e-02, 4.1876002632667093e-03,
          2.5556754131621856e-01, 1.0615874344124632e-03,
          -2.5248136734896981e-02, 6.8332948105601601e-02,
          3.7233636707498199e-02, 4.7235314463150116e-02,
          -1.3220678307872721e-01, 1.0138639466376993e-01,
          9.0120742364787704e-02, 1.0615874344124616e-03,
          2.4191937598288044e-01, 3.3264503681343744e-03,
          6.5740269080279093e-02, 3.8123361268108625e-03,
          2.2954905916900230e-02, -8.7380451814359807e-04,
          4.8696682531139540e-02, 2.5950244595049021e-02,
          -2.5248136734896988e-02, 3.3264503681343783e-03,
          2.3494914501107486e-01, -1.4653074272900683e-02,
