%YAML:1.0
---
groups:
   - intact
   - CD19
   - blast
intactGmmnames:
   - "intact.Bue055.0"
   - "intact.Bue055.1"
   - "intact.Bue055.2"
   - "intact.Bue055.3"
   - "intact.Bue055.4"
intactLabels:
   - FSC-A
   - SSC-A
   - CD20
   - CD10
   - CD45
   - CD34
   - SYTO41
   - CD19
   - CD38
intactMu: !!opencv-matrix
   rows: 5
   cols: 9
   dt: d
   data: [ 1.6185196569476323e+00, 6.1597084441506733e-01,
       1.2376182470494959e+00, 1.5647862238677419e+00,
       2.1232802492306737e+00, 1.9542769834057818e+00,
       3.6151174867316604e+00, 1.0855638225121453e+00,
       1.6834612152814346e+00, 2.0610231415264701e+00,
       2.7084949948569310e+00, 1.3102628220211439e+00,
       1.4830467021364295e+00, 3.1088538969975801e+00,
       1.9327735773290506e+00, 3.5255256823967449e+00,
       1.0522477970614135e+00, 2.0590677439782867e+00,
       1.3097627610778431e+00, 2.5571642245559989e-01,
       9.3908278917002030e-01, 8.6356451479795704e-01,
       3.1075518647492752e+00, 1.3904567327396340e+00,
       3.5346804505887701e+00, 8.6726953390386852e-01,
       1.4138063753436585e+00, 1.3137223963526767e+00,
       3.1677616308991741e-01, 9.5014577417374979e-01,
       8.0074424414736245e-01, 3.2529804394193986e+00,
       1.1293827007967761e+00, 3.5024081158759843e+00,
       7.8251095749883104e-01, 2.0437618689309645e+00,
       1.0599621361044798e+00, 3.1391260553358830e-01,
       9.4301233312891708e-01, 8.0168893484556192e-01,
       1.3885834217931443e+00, 1.3376481543385772e+00,
       3.5011995656289652e+00, 7.9510134423441126e-01,
       1.1316286188601639e+00 ]
intactSigma:
   - !!opencv-matrix
      rows: 9
      cols: 9
      dt: d
      data: [ 3.3669754910519811e-01, 1.5291911648369219e-01,
          -4.7657682712581431e-02, -2.6823195216789048e-01,
          1.4056053160552295e-01, -2.7260357865902203e-02,
          8.7314755600842342e-02, -3.9341438157060968e-02,
          1.5342311492655153e-01, 1.5291911648369219e-01,
          2.0299043962887256e-01, 1.0490412928865571e-02,
          -1.3382588473820906e-01, 6.6575043668399017e-02,
          1.1413540979185387e-02, 4.8418330808342507e-02,
          5.1759899911034751e-03, 9.0850085034120592e-02,
          -4.7657682712581431e-02, 1.0490412928865567e-02,
          3.0112738669784839e-01, 1.6948334459949665e-01,
          -7.4608759037268872e-03, 1.5507288123609222e-01,
          1.0047711413949188e-03, 8.5823023024103412e-02,
          -4.6955506008656729e-02, -2.6823195216789048e-01,
          -1.3382588473820906e-01, 1.6948334459949665e-01,
          9.0142842671002876e-01, -1.5381064106888587e-01,
          2.4122397316222902e-01, -1.0917579222953616e-01,
          2.2770282983178999e-01, -1.7396454976129819e-01,
          1.4056053160552295e-01, 6.6575043668399031e-02,
          -7.4608759037268707e-03, -1.5381064106888587e-01,
          5.8049469474009430e-01, -8.0628896544599038e-02,
          5.4239181573437698e-03, -1.4357884177615486e-02,
          2.8530114594827660e-01, -2.7260357865902189e-02,
          1.1413540979185385e-02, 1.5507288123609222e-01,
          2.4122397316222907e-01, -8.0628896544599010e-02,
          4.4290792135516949e-01, 3.0191442476312114e-02,
          7.2689221590999484e-02, -2.6684722215858880e-02,
          8.7314755600842342e-02, 4.8418330808342500e-02,
          1.0047711413949190e-03, -1.0917579222953616e-01,
          5.4239181573437698e-03, 3.0191442476312121e-02,
          6.0715770811015986e-02, -1.6652813479468783e-02,
          3.6800190990144713e-02, -3.9341438157060947e-02,
          5.1759899911034751e-03, 8.5823023024103440e-02,
          2.2770282983179005e-01, -1.4357884177615479e-02,
          7.2689221590999484e-02, -1.6652813479468787e-02,
          2.5910812229562441e-01, -1.1394151968597211e-02,
          1.5342311492655153e-01, 9.0850085034120592e-02,
          -4.6955506008656729e-02, -1.7396454976129819e-01,
          2.8530114594827660e-01, -2.6684722215858880e-02,
          3.6800190990144713e-02, -1.1394151968597215e-02,
          5.2061364159569323e-01 ]
   - !!opencv-matrix
      rows: 9
      cols: 9
      dt: d
      data: [ 6.1585772176578679e-02, 1.1135240239370248e-01,
          1.0814357320745906e-02, 5.4931410666380267e-03,
          -1.0882228856017090e-03, 2.1317828266098734e-02,
          9.1011153435808807e-03, 5.9501715022422640e-03,
          1.8468526411047910e-02, 1.1135240239370248e-01,
          3.8622197448456724e-01, 3.8204463162370951e-02,
          4.2175438458374938e-02, 3.1812012705795159e-02,
          6.4925217425157430e-02, 2.0522807191499130e-02,
          2.8266967826876398e-02, 4.6070785543591806e-02,
          1.0814357320745907e-02, 3.8204463162370951e-02,
          1.0955413893646312e-01, 2.0292655919906349e-02,
          1.4115696652304905e-02, 3.7037966346071420e-02,
          2.5376570336919074e-03, 1.3670259146268373e-02,
          -2.4074093353687953e-06, 5.4931410666380284e-03,
          4.2175438458374938e-02, 2.0292655919906349e-02,
          1.6013555959550513e-01, 5.2972414251693814e-02,
          1.8582548122001569e-02, -4.7620715267938278e-03,
          2.2247539990496227e-02, -2.4448310373617305e-02,
          -1.0882228856017085e-03, 3.1812012705795166e-02,
          1.4115696652304905e-02, 5.2972414251693814e-02,
          5.1587246349515663e-02, 1.4136857178017307e-02,
          -4.9962984118714143e-03, 1.3486843129045018e-02,
          -2.3132907915101565e-02, 2.1317828266098734e-02,
          6.4925217425157430e-02, 3.7037966346071420e-02,
          1.8582548122001573e-02, 1.4136857178017307e-02,
          1.1737347915675267e-01, 5.5896827272928192e-03,
          -7.5256093540982776e-03, 6.2164591920391187e-03,
          9.1011153435808807e-03, 2.0522807191499130e-02,
          2.5376570336919074e-03, -4.7620715267938278e-03,
          -4.9962984118714134e-03, 5.5896827272928183e-03,
          6.1061029099170293e-03, -8.1796261096471273e-04,
          8.4898522475356716e-03, 5.9501715022422658e-03,
          2.8266967826876398e-02, 1.3670259146268370e-02,
          2.2247539990496227e-02, 1.3486843129045018e-02,
          -7.5256093540982758e-03, -8.1796261096471338e-04,
          1.6299173176269294e-01, 5.4461329565061601e-03,
          1.8468526411047910e-02, 4.6070785543591820e-02,
          -2.4074093353691714e-06, -2.4448310373617298e-02,
          -2.3132907915101565e-02, 6.2164591920391187e-03,
          8.4898522475356716e-03, 5.4461329565061584e-03,
          1.0087748544041619e-01 ]
   - !!opencv-matrix
      rows: 9
      cols: 9
      dt: d
      data: [ 2.7641110938301766e-02, 6.5356604229425529e-03,
          -3.0606017495876932e-03, -1.8110443520140433e-03,
          3.1653095526008716e-03, -7.6956339615429836e-03,
          8.0034920395358755e-03, -3.5897873630325234e-03,
          -2.6470924894831948e-02, 6.5356604229425529e-03,
          5.9666677529418384e-03, -4.7883143898664894e-04,
          3.1552722364749054e-03, 7.0652664193775767e-03,
          -1.0893740248053447e-02, 1.8451722671964570e-03,
          -2.1375368500426250e-04, -1.3399498341030117e-02,
          -3.0606017495876923e-03, -4.7883143898664883e-04,
          5.2455190479641520e-02, 4.6163251728978793e-03,
          7.6613569084754934e-04, -4.6281170213740452e-04,
          -1.1858466741610683e-03, -2.3264728140185782e-03,
          2.7563143258683964e-04, -1.8110443520140428e-03,
          3.1552722364749063e-03, 4.6163251728978810e-03,
          5.1461358910531364e-02, 5.2114333470020518e-03,
          -3.8011515097201359e-03, -2.3950286294913401e-03,
          8.1402604321955221e-04, 9.4879001376490244e-04,
          3.1653095526008716e-03, 7.0652664193775741e-03,
          7.6613569084754923e-04, 5.2114333470020509e-03,
          3.9141093384419387e-02, -1.2866792911343428e-02,
