%YAML:1.0
---
groups:
   - intact
   - CD19
   - blast
intactGmmnames:
   - "intact.Vie020.0"
   - "intact.Vie020.1"
   - "intact.Vie020.2"
   - "intact.Vie020.3"
   - "intact.Vie020.4"
intactLabels:
   - FSC-A
   - SSC-A
   - CD20
   - CD10
   - CD45
   - CD34
   - SYTO41
   - CD19
   - CD38
intactMu: !!opencv-matrix
   rows: 5
   cols: 9
   dt: d
   data: [ 2.2278277378225306e+00, 2.2500767424990826e+00,
       1.2620751616654571e+00, 1.0763234803707245e+00,
       2.8875259977259828e+00, 1.5489887768019923e+00,
       2.6985107036090876e+00, 9.9121341721514356e-01,
       2.4730723587898726e+00, 1.0463425913117470e+00,
       4.2951218872078550e-01, 1.2357115666215357e+00,
       7.6611330016800183e-01, 3.3545560298045598e+00,
       1.1286332939753663e+00, 2.5729126840280934e+00,
       8.7262132910968782e-01, 1.8881014947031283e+00,
       1.3827032778400901e+00, 7.0718355586522919e-01,
       1.2545939178322230e+00, 7.7978997953423468e-01,
       3.4600237946482255e+00, 1.2092486325780072e+00,
       2.5467050764681094e+00, 8.8138696652402937e-01,
       3.0424006494578388e+00, 2.1402288984540538e+00,
       3.6521230704712422e+00, 1.2596794068696520e+00,
       2.7069375319837414e+00, 2.9743864898125922e+00,
       1.3487548580865771e+00, 2.7415344468033132e+00,
       1.1060793265413511e+00, 1.9448284632028263e+00,
       1.0294898293523422e+00, 5.2548448222485977e-01,
       1.2399424104807939e+00, 9.0857634475041693e-01,
       1.4980559313882578e+00, 1.1806383911800247e+00,
       2.8275985246001714e+00, 9.0194661455510317e-01,
       1.6741414346570562e+00 ]
intactSigma:
   - !!opencv-matrix
      rows: 9
      cols: 9
      dt: d
      data: [ 4.9910054113408070e-01, 4.7003983121221921e-01,
          -1.5942582234010276e-03, 9.2378052361276469e-03,
          -4.3837003044808774e-02, -2.4018969694044282e-02,
          -9.1846771122831728e-03, 8.2811502229152229e-04,
          -3.7264491336343263e-02, 4.7003983121221921e-01,
          1.3463723247174963e+00, 2.5475904686263528e-03,
          2.1140275726135874e-02, -2.0807890792062594e-01,
          -1.0973003949289901e-01, -3.8122598342389770e-02,
          -2.6433235302226694e-02, -2.0420308218294658e-01,
          -1.5942582234010276e-03, 2.5475904686263523e-03,
          1.2105455595893570e-02, 5.8219679822830335e-03,
          3.1289595954900446e-03, 2.2748298500457212e-03,
          3.6379779694109782e-04, 4.2114695192691856e-03,
          6.5473348587642395e-05, 9.2378052361276504e-03,
          2.1140275726135877e-02, 5.8219679822830335e-03,
          2.4818618656658789e-01, 7.7231274227140465e-04,
          2.2137866797075377e-02, 1.3108566948101153e-03,
          4.8535711675006317e-02, -5.5814251646080740e-02,
          -4.3837003044808788e-02, -2.0807890792062594e-01,
          3.1289595954900446e-03, 7.7231274227140443e-04,
          2.5941403129532897e-01, 3.2829225395292462e-02,
          6.0843446222739392e-03, 1.8612756024134935e-02,
          1.0741371830922461e-01, -2.4018969694044275e-02,
          -1.0973003949289901e-01, 2.2748298500457208e-03,
          2.2137866797075380e-02, 3.2829225395292462e-02,
          2.9084841869709083e-01, 1.1232583566438057e-02,
          1.5120649101896737e-02, 1.0022637683310721e-01,
          -9.1846771122831711e-03, -3.8122598342389770e-02,
          3.6379779694109803e-04, 1.3108566948101146e-03,
          6.0843446222739392e-03, 1.1232583566438060e-02,
          4.7610900376577114e-02, 2.9206774080165901e-03,
          4.8693934968477529e-02, 8.2811502229152120e-04,
          -2.6433235302226694e-02, 4.2114695192691856e-03,
          4.8535711675006331e-02, 1.8612756024134935e-02,
          1.5120649101896741e-02, 2.9206774080165901e-03,
          1.0644387521626064e-01, 9.3776429018612838e-03,
          -3.7264491336343263e-02, -2.0420308218294664e-01,
          6.5473348587642124e-05, -5.5814251646080754e-02,
          1.0741371830922461e-01, 1.0022637683310721e-01,
          4.8693934968477522e-02, 9.3776429018612856e-03,
          3.3835537694380596e-01 ]
   - !!opencv-matrix
      rows: 9
      cols: 9
      dt: d
      data: [ 8.9986682016715058e-02, 2.9783626756644564e-02,
          -1.5095287772493471e-04, 2.5411884431567632e-03,
          2.4192130697576718e-02, -5.4909213326533729e-03,
          -2.4538521964675850e-02, 1.8984205656173280e-03,
          -3.6741043252572672e-02, 2.9783626756644564e-02,
          1.9492670847495244e-02, -3.4592715012422883e-05,
          1.7957339700113649e-03, 1.3783380788263350e-02,
          -1.2251792271510864e-03, -7.4484477111030059e-03,
          1.2092114379052624e-03, -1.8745787154606827e-02,
          -1.5095287772493471e-04, -3.4592715012422883e-05,
          3.4364544441765751e-03, 3.2576622808211451e-05,
          2.3711041831970273e-04, -8.9340822422151131e-04,
          3.5085920131252478e-04, -4.6410995092807211e-04,
          -3.7591953727621858e-04, 2.5411884431567632e-03,
          1.7957339700113656e-03, 3.2576622808211478e-05,
          3.2644188543465437e-02, 1.9766602599867772e-03,
          1.3959639921563289e-03, -1.0523675172330534e-04,
          2.5071752308680424e-05, -3.6373038972169545e-03,
          2.4192130697576718e-02, 1.3783380788263352e-02,
          2.3711041831970254e-04, 1.9766602599867755e-03,
          2.2644591483783161e-02, -1.3338332719948509e-03,
          -5.0876511527562611e-03, 8.7370708093564202e-04,
          -1.3422279758466391e-02, -5.4909213326533729e-03,
          -1.2251792271510860e-03, -8.9340822422151087e-04,
          1.3959639921563294e-03, -1.3338332719948507e-03,
          5.4572806301242109e-02, 3.9586091553427370e-03,
          -1.4564729437450722e-02, 4.7734736492931924e-03,
          -2.4538521964675857e-02, -7.4484477111030059e-03,
          3.5085920131252478e-04, -1.0523675172330556e-04,
          -5.0876511527562611e-03, 3.9586091553427370e-03,
          2.7182947317718101e-02, 3.7180595964992160e-04,
          8.0300486915144704e-03, 1.8984205656173280e-03,
          1.2092114379052619e-03, -4.6410995092807200e-04,
          2.5071752308680373e-05, 8.7370708093564245e-04,
          -1.4564729437450722e-02, 3.7180595964992166e-04,
          3.4343051204223839e-02, -2.4753507222214917e-03,
          -3.6741043252572672e-02, -1.8745787154606827e-02,
          -3.7591953727621847e-04, -3.6373038972169528e-03,
          -1.3422279758466389e-02, 4.7734736492931942e-03,
          8.0300486915144687e-03, -2.4753507222214917e-03,
          1.9499580928367749e-01 ]
   - !!opencv-matrix
      rows: 9
      cols: 9
      dt: d
      data: [ 6.3762561817194835e-02, 1.0919936051310711e-02,
          -6.3070945530405891e-04, 6.1408944993557004e-05,
          1.8680458715744585e-03, -1.8872824366809901e-03,
          -2.7477420797712578e-03, 2.2029025091170858e-03,
          4.2762657935509372e-03, 1.0919936051310713e-02,
          1.9397999025120183e-02, 1.2911376836739509e-03,
          1.7584813517836624e-03, 7.6570141667073868e-03,
          3.7305049042812401e-03, 5.0945097340501467e-03,
          2.3522582218092449e-03, 1.3783630900279467e-02,
          -6.3070945530405837e-04, 1.2911376836739509e-03,
          2.0833104386214340e-02, 2.9328219444245129e-03,
          3.5867115958517160e-04, 1.6252948921646548e-04,
          4.1079098897808006e-04, 7.2541744168620635e-03,
          -1.8055640218190073e-03, 6.1408944993556787e-05,
          1.7584813517836624e-03, 2.9328219444245129e-03,
          3.9833253771466216e-02, 2.8307031253732668e-03,
          6.3121802029834848e-03, 1.2533825144267808e-03,
          3.1326715623481798e-03, 2.9391375304200149e-03,
          1.8680458715744578e-03, 7.6570141667073868e-03,
          3.5867115958517138e-04, 2.8307031253732668e-03,
          2.3483424251128971e-02, 4.0723761623526660e-03,
