%YAML:1.0
---
groups:
   - intact
   - CD19
intactGmmnames:
   - "intact.Vie013.0"
   - "intact.Vie013.1"
   - "intact.Vie013.2"
   - "intact.Vie013.3"
   - "intact.Vie013.4"
intactLabels:
   - FSC-A
   - SSC-A
   - CD20
   - CD10
   - CD45
   - CD34
   - SYTO41
   - CD19
   - CD38
intactMu: !!opencv-matrix
   rows: 5
   cols: 9
   dt: d
   data: [ 1.0258974609239078e+00, 3.3116345263294650e-01,
       9.1390942780111806e-01, 8.0271560030064115e-01,
       3.0451725483599601e+00, 1.1269697213163601e+00,
       2.6755104583074085e+00, 8.4488464505988892e-01,
       1.8302408472428460e+00, 1.4275327216207288e+00,
       7.8949997067833522e-01, 1.0955314156972895e+00,
       1.3309215892770001e+00, 2.9282660678992993e+00,
       1.2748410589304338e+00, 2.7448485098291000e+00,
       9.9800740271805011e-01, 2.1488616909135470e+00,
       2.5670389042986828e+00, 3.0099547715137764e+00,
       9.9698785906669185e-01, 2.1404566038952049e+00,
       2.7542578102769650e+00, 1.3722305163190263e+00,
       2.7820876188582209e+00, 9.5753520373987167e-01,
       2.0653026290836509e+00, 1.1560038314567325e+00,
       4.0055573718693005e-01, 9.5184974202817374e-01,
       8.3128242737154656e-01, 2.8094629805360687e+00,
       1.1100180938676778e+00, 2.6910635343234808e+00,
       8.6679229810285974e-01, 1.1192038880941515e+00,
       2.1916735264698382e+00, 3.4936544547034729e+00,
       9.8870475513579859e-01, 2.3833562806419022e+00,
       2.8195543198086064e+00, 1.4123684972758253e+00,
       2.8857781369628905e+00, 9.7188629216449873e-01,
       2.0669128722830687e+00 ]
intactSigma:
   - !!opencv-matrix
      rows: 9
      cols: 9
      dt: d
      data: [ 3.2349800393507259e-02, 5.8865262858772494e-03,
          -4.8463127097120957e-04, -7.8025923538699128e-05,
          5.4332608908366246e-03, -9.3195532257977771e-04,
          -2.2899979871589152e-03, -7.4467092380117988e-04,
          5.9090207480137231e-03, 5.8865262858772494e-03,
          1.1464963758281174e-02, 3.0085782426622713e-04,
          7.7798222228734682e-04, 5.6115804721234806e-03,
          7.6742313760261229e-04, 1.3911410415556305e-03,
          1.1679121084892717e-03, 3.2250435323744192e-03,
          -4.8463127097120962e-04, 3.0085782426622713e-04,
          2.8585444829372718e-02, 5.4832845603196539e-04,
          1.5340296845856710e-04, -2.3113048336265061e-03,
          3.1560633232875058e-04, -2.5505929506167997e-03,
          -2.3666329042095246e-03, -7.8025923538699345e-05,
          7.7798222228734704e-04, 5.4832845603196496e-04,
          2.2278581561526810e-02, 1.3801932221784196e-03,
          1.6144739108733567e-03, 7.6614648397554193e-04,
          -1.6027574414087588e-04, -2.0488584142982487e-03,
          5.4332608908366263e-03, 5.6115804721234806e-03,
          1.5340296845856757e-04, 1.3801932221784198e-03,
          2.8588143303842614e-02, 1.4221797109465963e-03,
          1.8686834172267619e-03, -1.1933673271158707e-04,
          -3.3676344199154175e-03, -9.3195532257977750e-04,
          7.6742313760261186e-04, -2.3113048336265061e-03,
          1.6144739108733576e-03, 1.4221797109465958e-03,
          5.4644662887960216e-02, 2.9979377514173658e-03,
          -1.3402648864824224e-02, 2.7556733986395503e-03,
          -2.2899979871589156e-03, 1.3911410415556307e-03,
          3.1560633232875058e-04, 7.6614648397554171e-04,
          1.8686834172267628e-03, 2.9979377514173654e-03,
          1.2349320312789569e-02, 6.3577670965503841e-04,
          -3.1440175517784448e-03, -7.4467092380117923e-04,
          1.1679121084892715e-03, -2.5505929506167997e-03,
          -1.6027574414087580e-04, -1.1933673271158772e-04,
          -1.3402648864824226e-02, 6.3577670965503786e-04,
          5.0230214720159760e-02, 1.0358384760311800e-03,
          5.9090207480137231e-03, 3.2250435323744201e-03,
          -2.3666329042095250e-03, -2.0488584142982500e-03,
          -3.3676344199154167e-03, 2.7556733986395512e-03,
          -3.1440175517784444e-03, 1.0358384760311790e-03,
          2.5566258300872396e-01 ]
   - !!opencv-matrix
      rows: 9
      cols: 9
      dt: d
      data: [ 4.2984591089330781e-01, 3.3200909334087031e-01,
          9.6720897211896528e-02, -3.7668309405565974e-02,
          6.6102436786975818e-02, 3.7279775305968661e-02,
          3.2774367704937503e-02, 1.2607016919883904e-01,
          1.1214498238394754e-01, 3.3200909334087031e-01,
          5.1224428900417063e-01, 1.3674929606103087e-01,
          1.0918982210517210e-02, 3.6666200495385666e-02,
          8.5608254170158174e-02, 5.8480401104758335e-02,
          1.7951759126670772e-01, 1.2969091608547384e-01,
          9.6720897211896528e-02, 1.3674929606103087e-01,
          2.5221974167560129e-01, 1.8080211705112887e-02,
          3.0930961160870539e-02, 3.5336528758587477e-02,
          2.1275707600903242e-02, 1.6177619212862374e-01,
          -1.0751781943758176e-02, -3.7668309405565974e-02,
          1.0918982210517210e-02, 1.8080211705112880e-02,
          4.4530289878903612e-01, -9.0872496536602320e-04,
          1.5198243180861407e-03, 4.7265729357387687e-03,
          5.8174757060780659e-02, -1.5282949313541339e-01,
          6.6102436786975818e-02, 3.6666200495385666e-02,
          3.0930961160870539e-02, -9.0872496536602309e-04,
          2.3150150729531607e-01, 2.8171594290606746e-03,
          1.4581527553120035e-02, 2.4968105763338813e-02,
          8.0857388619825332e-02, 3.7279775305968668e-02,
          8.5608254170158146e-02, 3.5336528758587470e-02,
          1.5198243180861409e-03, 2.8171594290606759e-03,
          1.9706449443893592e-01, 3.6053518794641561e-02,
          4.7850631527679925e-02, 3.2266861250709905e-02,
          3.2774367704937503e-02, 5.8480401104758335e-02,
          2.1275707600903242e-02, 4.7265729357387730e-03,
          1.4581527553120031e-02, 3.6053518794641561e-02,
          7.9716083982796185e-02, 3.1116510259486641e-02,
          1.0802788015097726e-02, 1.2607016919883904e-01,
          1.7951759126670772e-01, 1.6177619212862374e-01,
          5.8174757060780673e-02, 2.4968105763338813e-02,
          4.7850631527679925e-02, 3.1116510259486641e-02,
          2.5841723160246577e-01, 2.9416211751935248e-02,
          1.1214498238394754e-01, 1.2969091608547384e-01,
          -1.0751781943758179e-02, -1.5282949313541339e-01,
          8.0857388619825332e-02, 3.2266861250709898e-02,
          1.0802788015097726e-02, 2.9416211751935244e-02,
          5.2575407356962545e-01 ]
   - !!opencv-matrix
      rows: 9
      cols: 9
      dt: d
      data: [ 3.6491798953085292e-01, 1.9289597230104716e-01,
          9.0685982301359595e-03, -7.5718921071522395e-03,
          9.4386154167466381e-03, 3.9252075495921225e-02,
          1.0703234629614882e-02, 1.0580747580958758e-04,
          5.0104672095336630e-02, 1.9289597230104716e-01,
          6.4301030450548846e-01, 1.9168677108986485e-02,
          4.7296236488186809e-02, 6.0300627180594916e-02,
          6.5454670832968950e-02, 4.7797671044275472e-02,
          2.7862484854825294e-02, 8.3241904664527952e-02,
          9.0685982301359630e-03, 1.9168677108986485e-02,
          3.8767562961255386e-02, 6.0727088522297785e-03,
          5.9901680805558681e-03, -4.1586949560812603e-03,
          2.2090414453763488e-03, 2.4022942181233086e-03,
          3.6860887144911049e-03, -7.5718921071522361e-03,
          4.7296236488186809e-02, 6.0727088522297785e-03,
          2.1851538090934422e-01, 7.5223280702968839e-02,
          1.1950432304934557e-03, 1.9797773035947867e-03,
          2.4637937081345502e-02, -7.4147631055955692e-03,
          9.4386154167466381e-03, 6.0300627180594916e-02,
          5.9901680805558672e-03, 7.5223280702968839e-02,
          5.9691394228564683e-02, 9.5020278318533619e-03,
          1.1668390019869615e-02, 1.3914893530541091e-02,
