%YAML:1.0
---
groups:
   - intact
   - CD19
   - blast
intactGmmnames:
   - "intact.Vie026.0"
   - "intact.Vie026.1"
   - "intact.Vie026.2"
   - "intact.Vie026.3"
   - "intact.Vie026.4"
intactLabels:
   - FSC-A
   - SSC-A
   - CD20
   - CD10
   - CD45
   - CD34
   - SYTO41
   - CD19
   - CD38
intactMu: !!opencv-matrix
   rows: 5
   cols: 9
   dt: d
   data: [ 1.3615509609352852e+00, 5.1210116350958335e-01,
       8.3559770842705894e-01, 9.1684031856385539e-01,
       1.5343759677240989e+00, 1.0729796946157544e+00,
       2.2302038144335015e+00, 8.3040115203822740e-01,
       1.7461703092894323e+00, 2.5908127993313315e+00,
       1.5522545145593776e+00, 1.0709705511629797e+00,
       1.2535337786584775e+00, 2.6957480503460221e+00,
       1.3434748883049010e+00, 2.3731550680089852e+00,
       1.1022223043976855e+00, 2.5564929374953715e+00,
       1.5633513948275588e+00, 4.6897070432933285e-01,
       7.2408717268820433e-01, 7.2371347479889347e-01,
       3.1079015300182373e+00, 9.2620405020122454e-01,
       2.1207673914967997e+00, 8.2458923705884524e-01,
       1.8092848919195275e+00, 1.4988345223668678e+00,
       4.2308898637829467e-01, 6.9774888978636673e-01,
       6.8916604173939544e-01, 3.0782391000431475e+00,
       9.2089649297718734e-01, 2.0742834451479450e+00,
       8.3517502828583245e-01, 2.7282804921224728e+00,
       3.0461195404240331e+00, 3.3073424627577017e+00,
       1.0788683088997022e+00, 1.9971078204608173e+00,
       2.7243930502020639e+00, 1.2596309818057407e+00,
       2.1809478471781563e+00, 1.0321806425184481e+00,
       2.3521899730465230e+00 ]
intactSigma:
   - !!opencv-matrix
      rows: 9
      cols: 9
      dt: d
      data: [ 1.8281264511928874e-01, 4.3713034184750428e-02,
          1.5517865852080870e-02, 3.4204245854749508e-02,
          4.0761730990080805e-02, 9.0568645580636643e-03,
          1.4412571682145535e-02, 9.9031564011781287e-03,
          5.0365088607210555e-02, 4.3713034184750435e-02,
          3.9956742886688594e-02, 9.5772866883254322e-03,
          4.1940112552803138e-02, 4.2683093783775029e-02,
          1.2371077614441256e-02, 1.9337790416154316e-02,
          7.6546353565382537e-03, 7.6867605819517196e-02,
          1.5517865852080870e-02, 9.5772866883254305e-03,
          6.6075097227672019e-02, 1.1907432672872000e-02,
          1.1795840201313676e-02, 4.2024005077549555e-03,
          3.4836249329821059e-03, 1.6049760466163088e-04,
          1.6199525896409540e-02, 3.4204245854749508e-02,
          4.1940112552803138e-02, 1.1907432672872000e-02,
          1.5548951794211924e-01, 5.8629995999615658e-02,
          1.5909430789175585e-02, 3.1119630952444386e-02,
          7.9922345186386294e-03, 1.3603753913825259e-01,
          4.0761730990080805e-02, 4.2683093783775029e-02,
          1.1795840201313674e-02, 5.8629995999615658e-02,
          8.1887273685058937e-02, 1.7139378632193218e-02,
          2.7454045815186717e-02, 1.1901926059444796e-02,
          1.1924164352103854e-01, 9.0568645580636643e-03,
          1.2371077614441254e-02, 4.2024005077549555e-03,
          1.5909430789175585e-02, 1.7139378632193222e-02,
          1.7539608214344058e-02, 9.6319158712301605e-03,
          -6.5436035897864933e-03, 3.0376835218099349e-02,
          1.4412571682145537e-02, 1.9337790416154316e-02,
          3.4836249329821059e-03, 3.1119630952444386e-02,
          2.7454045815186717e-02, 9.6319158712301605e-03,
          3.6784371541108557e-02, 4.6680094455877905e-03,
          5.6400428366972073e-02, 9.9031564011781287e-03,
          7.6546353565382537e-03, 1.6049760466163107e-04,
          7.9922345186386277e-03, 1.1901926059444796e-02,
          -6.5436035897864933e-03, 4.6680094455877922e-03,
          6.9198317543759491e-02, 1.2309716203493921e-02,
          5.0365088607210555e-02, 7.6867605819517210e-02,
          1.6199525896409540e-02, 1.3603753913825259e-01,
          1.1924164352103854e-01, 3.0376835218099349e-02,
          5.6400428366972073e-02, 1.2309716203493921e-02,
          3.3342245470624632e-01 ]
   - !!opencv-matrix
      rows: 9
      cols: 9
      dt: d
      data: [ 9.3937038108736282e-01, 3.6304210340314935e-01,
          2.6000427958185777e-02, 3.7461324852714785e-02,
          1.1908894105251985e-01, 2.7658429230393942e-02,
          -3.1960673885497372e-02, 4.6642300411704772e-02,
          1.5665629390274843e-01, 3.6304210340314930e-01,
          8.2265375745568270e-01, 7.2212808481242632e-02,
          2.2498446658549950e-01, 8.6535522742036949e-02,
          9.4982721493979586e-02, 5.6201823095632800e-03,
          1.0037549536945010e-01, 1.7317918066949134e-01,
          2.6000427958185787e-02, 7.2212808481242632e-02,
          2.7751408857006077e-01, 5.2234062655833496e-02,
          1.4976917018659983e-02, 6.7608875693165371e-02,
          3.7395811563007784e-03, 8.4975075484741383e-02,
          8.7222080959322261e-03, 3.7461324852714785e-02,
          2.2498446658549950e-01, 5.2234062655833489e-02,
          2.6181580152123890e-01, 3.0617618832151909e-02,
          5.3230761544401574e-02, 2.4021581509850089e-02,
          5.6685906467100214e-02, 3.4398985592784995e-02,
          1.1908894105251985e-01, 8.6535522742036949e-02,
          1.4976917018659970e-02, 3.0617618832151909e-02,
          3.1757816670450778e-01, 2.3604054393549481e-02,
          -2.9043318418454589e-02, 5.3976377489453178e-02,
          2.0092000699926879e-01, 2.7658429230393935e-02,
          9.4982721493979599e-02, 6.7608875693165371e-02,
          5.3230761544401581e-02, 2.3604054393549481e-02,
          1.3306324889291202e-01, 1.0075048681371532e-02,
          4.8691063354856505e-02, 5.7520488267147868e-02,
          -3.1960673885497379e-02, 5.6201823095632817e-03,
          3.7395811563007810e-03, 2.4021581509850089e-02,
          -2.9043318418454596e-02, 1.0075048681371532e-02,
          6.5425413804437935e-02, 7.6384684463552737e-03,
          -8.1110558338437794e-03, 4.6642300411704772e-02,
          1.0037549536945010e-01, 8.4975075484741369e-02,
          5.6685906467100221e-02, 5.3976377489453178e-02,
          4.8691063354856505e-02, 7.6384684463552737e-03,
          1.6737292594265851e-01, 5.6365845743719376e-02,
          1.5665629390274843e-01, 1.7317918066949134e-01,
          8.7222080959322261e-03, 3.4398985592784995e-02,
          2.0092000699926879e-01, 5.7520488267147854e-02,
          -8.1110558338437812e-03, 5.6365845743719376e-02,
          4.3240962968857877e-01 ]
   - !!opencv-matrix
      rows: 9
      cols: 9
      dt: d
      data: [ 8.4281934356419286e-02, 1.3111964544355972e-02,
          -3.1394541620412561e-03, 4.0609274997110839e-03,
          9.3423492781288028e-03, -1.8761038225659280e-03,
          5.7311426906029072e-03, 1.6942472462491561e-03,
          8.8540854904453452e-03, 1.3111964544355972e-02,
          1.6263450720295884e-02, -6.0483148193379009e-04,
          2.9667167489256718e-03, 5.6431041155913320e-03,
          -6.1950158902442245e-05, 4.1808127641799952e-03,
          1.1212754374406123e-03, -1.3263854251000379e-03,
          -3.1394541620412561e-03, -6.0483148193378976e-04,
          5.7567543297482718e-02, -8.8744430962192547e-04,
          -2.7909726893028085e-03, 4.6705669266282524e-04,
          -1.4073205003536122e-03, -3.5171022145081346e-03,
          -2.5182251012641252e-02, 4.0609274997110839e-03,
          2.9667167489256705e-03, -8.8744430962192622e-04,
          3.1998412664433352e-02, 1.6552860248638212e-03,
          1.5385276210286615e-03, 1.1359532213207836e-03,
          1.7329840917049888e-03, -7.7468505215785187e-03,
          9.3423492781288028e-03, 5.6431041155913320e-03,
          -2.7909726893028093e-03, 1.6552860248638212e-03,
          1.7677056531744104e-02, -7.1727817390245630e-05,
          1.3571360295715419e-03, 1.6937439842630139e-03,
