%YAML:1.0
---
groups:
   - intact
   - CD19
   - blast
intactGmmnames:
   - "intact.496.0"
   - "intact.496.1"
   - "intact.496.2"
   - "intact.496.3"
   - "intact.496.4"
intactLabels:
   - FSC-A
   - SSC-A
   - CD20
   - CD10
   - CD45
   - CD34
   - SYTO41
   - CD19
   - CD38
intactMu: !!opencv-matrix
   rows: 5
   cols: 9
   dt: d
   data: [ 2.1779295857330139e+00, 1.2749326735673501e+00,
       1.5375581354027292e+00, 1.5422774389454066e+00,
       2.7268657475872780e+00, 1.5799740130531668e+00,
       2.7483898041696069e+00, 1.2548856920587956e+00,
       1.9121911856664136e+00, 2.0234999914860721e+00,
       7.5862925372742784e-01, 1.4008521806128733e+00,
       9.8222976292983033e-01, 3.9996987104566064e+00,
       1.3191849721061746e+00, 2.6768981913583771e+00,
       8.8757680859529942e-01, 2.9035348184245442e+00,
       3.0594200129144342e+00, 3.7174120745210186e+00,
       1.5355198393599492e+00, 2.6356380054728392e+00,
       3.3159695790379486e+00, 1.2674369954875999e+00,
       3.0513609503696597e+00, 1.8018460512095800e+00,
       1.5704431118111544e+00, 1.8227814146413259e+00,
       5.5229404659335046e-01, 1.4901826055138931e+00,
       1.0242342201723051e+00, 3.9894005324581241e+00,
       1.2355441575265438e+00, 2.8018069895621220e+00,
       8.3693096824390167e-01, 1.4727695249393300e+00,
       1.4449698401446216e+00, 3.4419091670048962e-01,
       1.2859466305487099e+00, 9.4608928956544724e-01,
       3.8602486913396583e+00, 1.1966234448520421e+00,
       3.1848206803564243e+00, 7.7625124573296689e-01,
       1.7585265076583303e+00 ]
intactSigma:
   - !!opencv-matrix
      rows: 9
      cols: 9
      dt: d
      data: [ 9.1235709101901752e-01, 5.8255580241242111e-01,
          1.3081466815147103e-01, 2.5157254467309020e-01,
          4.6448209552063729e-01, 1.7392124084292410e-01,
          1.0682825808511288e-01, 1.6814780004388535e-01,
          3.1753479185184574e-01, 5.8255580241242111e-01,
          9.2204325680527621e-01, 7.6192823616261285e-02,
          2.8005488656725086e-01, 3.9949387597108132e-01,
          9.4333166009144723e-02, 1.0820041878840139e-01,
          2.3279774994928210e-01, 1.9922642497893808e-01,
          1.3081466815147103e-01, 7.6192823616261271e-02,
          2.2022529732906862e-01, 9.5448880623581034e-02,
          1.5134137158455171e-01, 9.0366455194144185e-02,
          6.2038912474012527e-03, 5.4087933057417624e-02,
          1.1942469414516922e-01, 2.5157254467309020e-01,
          2.8005488656725086e-01, 9.5448880623581034e-02,
          3.9550950220030706e-01, 2.6859104555819863e-01,
          6.0733119209103098e-02, 6.1221061502088010e-02,
          8.9937971713592121e-02, 1.6677788343052630e-01,
          4.6448209552063729e-01, 3.9949387597108138e-01,
          1.5134137158455171e-01, 2.6859104555819863e-01,
          8.5514363374808633e-01, 2.2310947010795087e-01,
          1.1220790738758725e-01, 1.1101704689254829e-01,
          3.9830767108836101e-01, 1.7392124084292410e-01,
          9.4333166009144723e-02, 9.0366455194144185e-02,
          6.0733119209103098e-02, 2.2310947010795087e-01,
          3.2589763848375913e-01, -1.1040234096882253e-02,
          2.8740618166579534e-02, 2.0188645967654573e-01,
          1.0682825808511288e-01, 1.0820041878840139e-01,
          6.2038912474012527e-03, 6.1221061502088010e-02,
          1.1220790738758725e-01, -1.1040234096882252e-02,
          3.4297376093613063e-01, 2.5364615591883848e-02,
          9.2051628109939401e-02, 1.6814780004388535e-01,
          2.3279774994928210e-01, 5.4087933057417624e-02,
          8.9937971713592121e-02, 1.1101704689254827e-01,
          2.8740618166579534e-02, 2.5364615591883848e-02,
          9.4016650297829976e-02, 5.3908369969810355e-02,
          3.1753479185184574e-01, 1.9922642497893808e-01,
          1.1942469414516922e-01, 1.6677788343052630e-01,
          3.9830767108836101e-01, 2.0188645967654573e-01,
          9.2051628109939401e-02, 5.3908369969810355e-02,
          4.7397455686384926e-01 ]
   - !!opencv-matrix
      rows: 9
      cols: 9
      dt: d
      data: [ 1.5313020407601621e-01, 2.5762357194625069e-02,
          1.7503469444868486e-02, 7.5929197007672498e-03,
          8.4417555546241647e-03, 8.1429864151694210e-03,
          1.2230185488358088e-02, 4.7187835033774004e-03,
          2.7815825006614909e-02, 2.5762357194625066e-02,
          2.3069675811191421e-02, 1.1193325441518248e-02,
          6.7683849492207347e-03, 4.9832324754006197e-03,
          4.9363274624349912e-03, 5.3756165031998502e-04,
          2.9327391280963146e-03, 2.1951799594851159e-02,
          1.7503469444868486e-02, 1.1193325441518248e-02,
          5.1081374851602787e-02, 1.3305529522385886e-03,
          4.6211693651352489e-03, 3.1018472523204016e-03,
          -7.3496935935698669e-04, 7.6229329181511899e-04,
          2.5305910625110888e-03, 7.5929197007672490e-03,
          6.7683849492207347e-03, 1.3305529522385888e-03,
          5.2184186077769271e-02, 3.0651453534898928e-03,
          -6.5329593977647574e-03, -1.5431847751502025e-03,
          4.9386830318053326e-04, 3.4179662680806698e-03,
          8.4417555546241647e-03, 4.9832324754006188e-03,
          4.6211693651352498e-03, 3.0651453534898928e-03,
          8.6649712447462047e-03, 2.6207114181313117e-03,
          -1.7315164598747710e-04, -2.8705427417047755e-03,
          2.5412495240763689e-03, 8.1429864151694210e-03,
          4.9363274624349912e-03, 3.1018472523204007e-03,
          -6.5329593977647531e-03, 2.6207114181313117e-03,
          1.9232277033565134e-01, 2.6248678028951344e-03,
          4.7283221605613291e-04, 2.1516980331531089e-02,
          1.2230185488358086e-02, 5.3756165031998415e-04,
          -7.3496935935698810e-04, -1.5431847751502018e-03,
          -1.7315164598747705e-04, 2.6248678028951344e-03,
          9.7751696516402448e-02, 1.3657167429853945e-03,
          1.9783690296335350e-03, 4.7187835033773995e-03,
          2.9327391280963146e-03, 7.6229329181511920e-04,
          4.9386830318053358e-04, -2.8705427417047755e-03,
          4.7283221605613302e-04, 1.3657167429853960e-03,
          6.2078933487273905e-02, -1.1491470777980282e-04,
          2.7815825006614909e-02, 2.1951799594851159e-02,
          2.5305910625110901e-03, 3.4179662680806707e-03,
          2.5412495240763689e-03, 2.1516980331531099e-02,
          1.9783690296335328e-03, -1.1491470777980244e-04,
          1.4129767035203100e-01 ]
   - !!opencv-matrix
      rows: 9
      cols: 9
      dt: d
      data: [ 4.0938131825850377e-01, 1.0422451582448701e-01,
          1.7504856086813615e-02, -4.2272421993793774e-02,
          -2.4545098232912156e-02, -5.5344000761778714e-03,
          -3.8257577018144535e-02, 2.0827018209142730e-02,
          1.5017030607319334e-02, 1.0422451582448702e-01,
          2.4018172358026674e-01, 2.5210621418669137e-02,
          2.1867198687012829e-02, 1.0045726576466846e-02,
          5.8296926514812665e-03, -4.3235957815947667e-03,
          4.3065303713338887e-02, 8.2988109180784225e-03,
          1.7504856086813615e-02, 2.5210621418669137e-02,
          3.7419014487496273e-02, 6.6878841968402514e-03,
          4.1853709177040810e-03, 4.5078275775108281e-03,
          -3.9848061734172055e-03, 5.8856855245687434e-03,
          1.3681235280988940e-03, -4.2272421993793774e-02,
          2.1867198687012826e-02, 6.6878841968402514e-03,
          1.4724390536922857e-01, 4.3522775750413974e-02,
          1.1175548075730254e-02, -1.0940542119673696e-02,
          4.6330935090578987e-03, 1.0566883156624337e-04,
          -2.4545098232912160e-02, 1.0045726576466843e-02,
          4.1853709177040810e-03, 4.3522775750413967e-02,
          3.6833983407067339e-02, 6.3861565798829035e-03,
          -5.2139985080948258e-03, 8.0119070244846877e-04,
