%YAML:1.0
---
groups:
   - intact
   - CD19
   - blast
intactGmmnames:
   - "intact.501.0"
   - "intact.501.1"
   - "intact.501.2"
   - "intact.501.3"
   - "intact.501.4"
intactLabels:
   - FSC-A
   - SSC-A
   - CD20
   - CD10
   - CD45
   - CD34
   - SYTO41
   - CD19
   - CD38
intactMu: !!opencv-matrix
   rows: 5
   cols: 9
   dt: d
   data: [ 1.3293623008071376e+00, 5.5178326200358974e-01,
       1.1167211529734156e+00, 9.1777211702117634e-01,
       3.6991629052915251e+00, 1.0577342263240599e+00,
       3.4705404069623356e+00, 1.0725971423784095e+00,
       1.5275099192272474e+00, 2.2933052502209517e+00,
       2.1479031615922080e+00, 1.7675751016812713e+00,
       1.4974625531412251e+00, 3.2312433269342837e+00,
       1.5454242412784005e+00, 3.6285624250947319e+00,
       1.5906081743680744e+00, 2.0622061555767686e+00,
       1.4086537457446382e+00, 9.6555478064825362e-01,
       1.3617034542987250e+00, 1.4326224824002987e+00,
       1.5788343815178478e+00, 1.0987015585033868e+00,
       3.7148432773026570e+00, 1.2051225588327310e+00,
       1.5390998662974154e+00, 2.2385610257780106e+00,
       3.7143958382480240e+00, 1.4191025504728427e+00,
       2.1952229910519123e+00, 3.3901853471002807e+00,
       1.1349346287278510e+00, 3.2681325862900117e+00,
       1.6190669867622562e+00, 1.5917915302730345e+00,
       1.3779435580251875e+00, 7.7858305835796981e-01,
       1.1200145221347910e+00, 9.3031053636688832e-01,
       3.6810380425383369e+00, 1.0597440051355891e+00,
       3.2625655930273898e+00, 1.1052754200846333e+00,
       2.3472283246457222e+00 ]
intactSigma:
   - !!opencv-matrix
      rows: 9
      cols: 9
      dt: d
      data: [ 1.2476932098192568e-01, 2.6355617108023650e-02,
          2.3327436949634562e-02, 4.7763914071550255e-03,
          2.0296399028593502e-02, 2.0647789513830637e-03,
          -2.3930940064542276e-02, -2.4618119506448553e-03,
          -2.7093269300070338e-03, 2.6355617108023650e-02,
          3.2242170619890854e-02, 1.6523290004225775e-02,
          5.0386960290041442e-03, 1.6259223441632231e-02,
          2.7893925693146240e-03, 2.0041270638892360e-03,
          2.8897135060057828e-03, 2.2261250826809180e-04,
          2.3327436949634562e-02, 1.6523290004225779e-02,
          6.4202820491414028e-02, -1.0684874210618515e-03,
          8.6243733979634932e-03, 6.9366103628078647e-04,
          -5.0414483855819713e-03, 2.7181588412327662e-03,
          -1.7613435797020223e-03, 4.7763914071550255e-03,
          5.0386960290041442e-03, -1.0684874210618504e-03,
          3.8865629569045823e-02, 9.4097518725819336e-04,
          -2.9692302399486363e-03, 3.1602241732108555e-03,
          5.7823454920225155e-04, -1.0208690531697978e-03,
          2.0296399028593506e-02, 1.6259223441632231e-02,
          8.6243733979634932e-03, 9.4097518725819293e-04,
          2.1612249613078085e-02, -2.1116127315614981e-03,
          -3.6737237053415077e-03, -6.0979708525631549e-04,
          -1.8214510424309727e-04, 2.0647789513830628e-03,
          2.7893925693146218e-03, 6.9366103628078657e-04,
          -2.9692302399486371e-03, -2.1116127315614999e-03,
          1.5402277354802177e-01, 8.6059084909766957e-03,
          1.7447028794297485e-03, 1.6996720835327796e-03,
          -2.3930940064542272e-02, 2.0041270638892360e-03,
          -5.0414483855819722e-03, 3.1602241732108564e-03,
          -3.6737237053415081e-03, 8.6059084909766957e-03,
          8.6050851911067996e-02, -2.5335028593443016e-04,
          2.6541133528046250e-03, -2.4618119506448544e-03,
          2.8897135060057836e-03, 2.7181588412327645e-03,
          5.7823454920225155e-04, -6.0979708525631582e-04,
          1.7447028794297505e-03, -2.5335028593442995e-04,
          2.0928252831250393e-02, -2.4298661549915670e-03,
          -2.7093269300070334e-03, 2.2261250826809175e-04,
          -1.7613435797020230e-03, -1.0208690531697973e-03,
          -1.8214510424309732e-04, 1.6996720835327800e-03,
          2.6541133528046263e-03, -2.4298661549915662e-03,
          1.9263242023680599e-02 ]
   - !!opencv-matrix
      rows: 9
      cols: 9
      dt: d
      data: [ 5.5921818593526340e-01, 5.0362090791760861e-01,
          6.7288214560506099e-02, 4.3754761829115633e-02,
          -2.9278338497642335e-02, 3.9708534678674648e-02,
          4.1273837742755545e-02, 6.4306512493797222e-02,
          5.1100093597078169e-03, 5.0362090791760861e-01,
          1.2506732647492924e+00, 1.7686266402360226e-01,
          1.5690605253757725e-01, -5.5078536027080266e-02,
          -3.6936200107570293e-03, -3.3830690082744537e-02,
          1.5451295917880656e-01, -1.0532706813070865e-02,
          6.7288214560506085e-02, 1.7686266402360226e-01,
          3.4646664486974960e-01, 9.6585555428361267e-02,
          2.2208237881541252e-02, -1.3388551138971069e-02,
          -2.3190573779214064e-02, 2.1498248160733657e-01,
          -5.1700864693373393e-02, 4.3754761829115640e-02,
          1.5690605253757728e-01, 9.6585555428361267e-02,
          2.9512967558427999e-01, -3.2850444489887512e-02,
          -2.8691246658886147e-02, -3.5704496374255705e-02,
          6.5371960870453050e-02, -3.1222627644102011e-02,
          -2.9278338497642335e-02, -5.5078536027080259e-02,
          2.2208237881541262e-02, -3.2850444489887505e-02,
          3.6598838195234590e-01, -4.5601641048187719e-03,
          2.3393639406832058e-02, 4.4068944333523243e-02,
          1.2427839235608354e-02, 3.9708534678674648e-02,
          -3.6936200107570488e-03, -1.3388551138971066e-02,
          -2.8691246658886144e-02, -4.5601641048187728e-03,
          3.4983389873581333e-01, 4.7216729137493252e-02,
          2.3445585366489639e-02, 3.0309331268877054e-02,
          4.1273837742755538e-02, -3.3830690082744537e-02,
          -2.3190573779214064e-02, -3.5704496374255719e-02,
          2.3393639406832069e-02, 4.7216729137493252e-02,
          1.8012759519465638e-01, -8.3351269758615478e-03,
          2.4521928750320162e-03, 6.4306512493797222e-02,
          1.5451295917880656e-01, 2.1498248160733657e-01,
          6.5371960870453050e-02, 4.4068944333523243e-02,
          2.3445585366489639e-02, -8.3351269758615443e-03,
          2.6187826761303956e-01, -5.0230160344102368e-02,
          5.1100093597078152e-03, -1.0532706813070862e-02,
          -5.1700864693373393e-02, -3.1222627644102011e-02,
          1.2427839235608360e-02, 3.0309331268877051e-02,
          2.4521928750320149e-03, -5.0230160344102368e-02,
          3.9130620016632395e-01 ]
   - !!opencv-matrix
      rows: 9
      cols: 9
      dt: d
      data: [ 1.7034674455840718e-01, 1.1963067981544871e-01,
          5.9151008629669440e-02, 4.0252122711952172e-02,
          5.6502196742815328e-02, 6.3037873570323507e-03,
          1.0208950983572326e-02, 2.3001191025790610e-02,
          1.0957263266661145e-02, 1.1963067981544871e-01,
          1.4244933477121666e-01, 6.7912177199935128e-02,
          5.8193735613001396e-02, 7.2461669919609561e-02,
          6.5203944053861904e-03, 2.5422911431764117e-02,
          2.5867252064386659e-02, 1.3129881002764991e-02,
          5.9151008629669447e-02, 6.7912177199935114e-02,
          1.0276415943880741e-01, 3.8064454518157563e-02,
          3.9869961922980035e-02, 3.1788391474112747e-03,
          -1.5458617861642080e-02, 1.2456466604716594e-02,
          5.3361090615137189e-03, 4.0252122711952165e-02,
          5.8193735613001396e-02, 3.8064454518157563e-02,
          1.8052814278637519e-01, 5.9717734792332743e-02,
          3.3528491623339269e-03, 2.6230119857606437e-02,
          1.0407222187728278e-02, 1.2512502444554487e-02,
          5.6502196742815328e-02, 7.2461669919609548e-02,
          3.9869961922980042e-02, 5.9717734792332743e-02,
          1.4474466123361379e-01, -4.7268951774448269e-04,
