%YAML:1.0
---
groups:
   - intact
   - CD19
   - blast
intactGmmnames:
   - "intact.508.0"
   - "intact.508.1"
   - "intact.508.2"
   - "intact.508.3"
   - "intact.508.4"
intactLabels:
   - FSC-A
   - SSC-A
   - CD20
   - CD10
   - CD45
   - CD34
   - SYTO41
   - CD19
   - CD38
intactMu: !!opencv-matrix
   rows: 5
   cols: 9
   dt: d
   data: [ 8.8867261005787357e-01, 3.1062394357650375e-01,
       9.8653238676856514e-01, 8.2707929737810060e-01,
       3.4435896999763762e+00, 9.9310368712057306e-01,
       3.2892877472642632e+00, 9.1949959704535889e-01,
       1.5649223841545845e+00, 1.7837520731471195e+00,
       2.3823831298213967e+00, 1.2785274962603010e+00,
       1.7186507798380093e+00, 2.4927148328738387e+00,
       1.0637467948767785e+00, 3.2177689920872790e+00,
       1.5258984763483296e+00, 2.0581338292624496e+00,
       9.4966627282337246e-01, 5.8378427281978140e-01,
       1.0796058757761737e+00, 1.1180106007610326e+00,
       1.5647276384235502e+00, 9.7307378564962432e-01,
       3.2083261706135739e+00, 9.9747247030075137e-01,
       1.6714133176426371e+00, 1.3681638264654539e+00,
       6.0836342681213063e-01, 1.1277346218619551e+00,
       8.6978997658245782e-01, 3.6678910844801913e+00,
       1.0061303739018048e+00, 2.8235420572782086e+00,
       1.0108931304841000e+00, 1.5677341322055554e+00,
       1.3503336018815584e+00, 7.0217068528426752e-01,
       1.0829015884843418e+00, 8.5942464741927316e-01,
       3.5631768118340204e+00, 1.0337694286502450e+00,
       2.7807848308286096e+00, 1.0460791036132115e+00,
       2.4104116320126225e+00 ]
intactSigma:
   - !!opencv-matrix
      rows: 9
      cols: 9
      dt: d
      data: [ 7.2142253043757945e-02, 8.9225959870027505e-03,
          2.1077049754768068e-02, 1.2015235507373406e-03,
          1.5413617806813978e-02, -3.3289304367152212e-03,
          -4.3384072686920176e-02, -7.6405584646997021e-04,
          -4.6126758573873791e-03, 8.9225959870027488e-03,
          8.9757680258411403e-03, 9.8524779894985995e-03,
          4.7863929822822109e-03, 4.0218558041309966e-03,
          2.0012030873445670e-04, -4.7328210325388911e-04,
          3.3099361051811189e-03, -1.2498578800794486e-03,
          2.1077049754768068e-02, 9.8524779894985995e-03,
          7.6969150919757520e-02, 2.2553056197120048e-03,
          7.7622872127228459e-03, -1.9162301135898544e-03,
          -1.2265051801427319e-02, 6.9926366651744398e-03,
          -2.9711786339052192e-03, 1.2015235507373406e-03,
          4.7863929822822100e-03, 2.2553056197120074e-03,
          5.7732644004476703e-02, 1.2897347052792860e-03,
          -3.3626803233967380e-03, 1.4586451349109196e-03,
          2.6224779319482592e-03, 1.6067143378929318e-05,
          1.5413617806813974e-02, 4.0218558041309966e-03,
          7.7622872127228459e-03, 1.2897347052792860e-03,
          1.1651993812741717e-02, -2.4789021511123577e-03,
          -9.9544956290212126e-03, 2.7204470685478297e-04,
          -1.4731987541803991e-03, -3.3289304367152212e-03,
          2.0012030873445714e-04, -1.9162301135898553e-03,
          -3.3626803233967376e-03, -2.4789021511123586e-03,
          1.1589367816042739e-01, 2.6084241267937043e-03,
          1.8866016170529006e-03, 6.3083501701643790e-04,
          -4.3384072686920176e-02, -4.7328210325388932e-04,
          -1.2265051801427319e-02, 1.4586451349109194e-03,
          -9.9544956290212143e-03, 2.6084241267937056e-03,
          5.8221421828131038e-02, 3.4721539223380865e-03,
          3.0878130346846193e-03, -7.6405584646997097e-04,
          3.3099361051811185e-03, 6.9926366651744398e-03,
          2.6224779319482592e-03, 2.7204470685478313e-04,
          1.8866016170529026e-03, 3.4721539223380865e-03,
          7.1237358476274118e-02, -4.5476381263001471e-03,
          -4.6126758573873791e-03, -1.2498578800794486e-03,
          -2.9711786339052201e-03, 1.6067143378929176e-05,
          -1.4731987541803991e-03, 6.3083501701643779e-04,
          3.0878130346846185e-03, -4.5476381263001462e-03,
          1.5467258099420414e-02 ]
   - !!opencv-matrix
      rows: 9
      cols: 9
      dt: d
      data: [ 4.5093111114278961e-01, 3.9151594307540599e-01,
          3.7276818445121609e-02, -1.8122224157274165e-02,
          8.7802398719430810e-02, -6.2565723606023789e-03,
          3.5709385718441677e-02, 6.7514870614036659e-02,
          5.2492168668558572e-03, 3.9151594307540599e-01,
          1.7643118332338328e+00, -1.3476623547564487e-01,
          -5.4984903973377935e-02, 2.4300351203760970e-01,
          -4.6389691351962956e-02, 1.4582773875350469e-01,
          2.3184576623756706e-01, -2.4278270384777845e-01,
          3.7276818445121609e-02, -1.3476623547564487e-01,
          2.1688640818492969e-01, 8.6603418088491535e-02,
          2.8117564413042428e-02, 5.3821015096112243e-02,
          -2.0391185386220281e-02, 2.9940506356128604e-02,
          7.8403177144543784e-02, -1.8122224157274165e-02,
          -5.4984903973377942e-02, 8.6603418088491535e-02,
          4.3371301781234778e-01, 1.9984391323353487e-03,
          2.5789182482109652e-02, -7.3066184821147804e-03,
          5.7889181954207933e-02, -4.0445467505540657e-02,
          8.7802398719430810e-02, 2.4300351203760970e-01,
          2.8117564413042435e-02, 1.9984391323353448e-03,
          3.1566123788382749e-01, 8.7369150936806982e-03,
          2.0845592637066618e-02, 2.0848775973899274e-02,
          2.4170105868816728e-02, -6.2565723606023789e-03,
          -4.6389691351962956e-02, 5.3821015096112243e-02,
          2.5789182482109652e-02, 8.7369150936806982e-03,
          8.6337650442177435e-02, -5.5335399871797013e-03,
          1.1016312987603069e-02, 2.9088769328234575e-02,
          3.5709385718441677e-02, 1.4582773875350469e-01,
          -2.0391185386220277e-02, -7.3066184821147804e-03,
          2.0845592637066618e-02, -5.5335399871797013e-03,
          1.6924474338001358e-01, 2.1706341057651853e-02,
          3.4762985801401981e-03, 6.7514870614036673e-02,
          2.3184576623756706e-01, 2.9940506356128601e-02,
          5.7889181954207933e-02, 2.0848775973899274e-02,
          1.1016312987603069e-02, 2.1706341057651856e-02,
          1.1654778422942250e-01, -6.4259186685326434e-03,
          5.2492168668558494e-03, -2.4278270384777845e-01,
          7.8403177144543770e-02, -4.0445467505540657e-02,
          2.4170105868816728e-02, 2.9088769328234575e-02,
          3.4762985801401990e-03, -6.4259186685326417e-03,
          3.8474141339070539e-01 ]
   - !!opencv-matrix
      rows: 9
      cols: 9
      dt: d
      data: [ 1.7274629286222334e-01, 8.5111235505373056e-02,
          5.6855715576833381e-02, 5.0862502074152431e-02,
          6.0271000739546159e-02, -2.2617564166846904e-03,
          -3.6582133649089559e-03, 3.0655366635926613e-02,
          4.1293490616209974e-02, 8.5111235505373042e-02,
          8.9800925196506107e-02, 4.9033684144872539e-02,
          4.8343432291142623e-02, 5.9250604693932923e-02,
          3.8659862479952813e-04, 3.2957072464192320e-02,
          3.5810143963859578e-02, 4.0136386982238766e-02,
          5.6855715576833367e-02, 4.9033684144872539e-02,
          8.4928082578651767e-02, 3.1930145173535936e-02,
          3.8355835450538674e-02, 2.6031809546976631e-04,
          1.0868643465518782e-03, 2.0815791614051945e-02,
          2.4049281161745907e-02, 5.0862502074152431e-02,
          4.8343432291142623e-02, 3.1930145173535929e-02,
          1.2635334072228188e-01, 5.1715044674204985e-02,
          -3.3451018459472390e-03, 2.0426732143468969e-02,
          2.2851718722392292e-02, 3.8242434367334537e-02,
          6.0271000739546159e-02, 5.9250604693932923e-02,
          3.8355835450538688e-02, 5.1715044674204992e-02,
          1.0255971027313064e-01, -2.4352832416996619e-03,
          3.1450910582645875e-02, 2.5859939193607337e-02,
