%YAML:1.0
---
groups:
   - intact
   - CD19
   - blast
intactGmmnames:
   - "intact.510.0"
   - "intact.510.1"
   - "intact.510.2"
   - "intact.510.3"
   - "intact.510.4"
intactLabels:
   - FSC-A
   - SSC-A
   - CD20
   - CD10
   - CD45
   - CD34
   - SYTO41
   - CD19
   - CD38
intactMu: !!opencv-matrix
   rows: 5
   cols: 9
   dt: d
   data: [ 1.2922871857068361e+00, 2.6483504004687158e-01,
       9.5572969540445207e-01, 8.9026715957806013e-01,
       3.5632518788023058e+00, 1.0458615748794884e+00,
       3.4151900293226305e+00, 1.0629797691418181e+00,
       1.6926368510537237e+00, 2.7880952034453865e+00,
       2.7653382829453177e+00, 1.2964864074857645e+00,
       1.8769040719239127e+00, 2.8213589979709672e+00,
       1.0877450452246242e+00, 3.3333056505213157e+00,
       1.4213845285674502e+00, 1.5586694035925641e+00,
       1.9229004431412213e+00, 1.3223318829568780e+00,
       1.4207758300719981e+00, 1.4577372437788418e+00,
       2.8239100455021240e+00, 1.4217159190766471e+00,
       3.2397290386316895e+00, 1.2906691333043807e+00,
       2.1122453109493722e+00, 7.9440040882558327e-01,
       3.1048311017598618e-01, 8.4321757228949701e-01,
       1.1154941415113553e+00, 1.5686655256166457e+00,
       1.0564439548175044e+00, 3.7205715039356506e+00,
       1.0794669751679002e+00, 1.6102811878580274e+00,
       1.4399916560749433e+00, 4.4174997324970089e-01,
       1.0480979192365536e+00, 1.0117996503329456e+00,
       3.6891592258925257e+00, 1.0752881336013229e+00,
       3.2469732595789993e+00, 1.0920212787529082e+00,
       1.9230276467954768e+00 ]
intactSigma:
   - !!opencv-matrix
      rows: 9
      cols: 9
      dt: d
      data: [ 1.3403748902705959e-01, 1.7758250062175622e-02,
          3.2582997494164684e-02, 6.0946342641104703e-03,
          2.1544510018816788e-02, 2.1813689984985060e-03,
          -1.9790024431967937e-02, 2.9217979935609954e-04,
          -5.5253456321953300e-03, 1.7758250062175622e-02,
          9.3692675333943778e-03, 1.0275928059312415e-02,
          2.4234490347354786e-03, 7.5320596462174075e-03,
          1.3127624628982675e-03, -1.6543145102698961e-04,
          1.5314870160836787e-03, -1.6344540235151475e-03,
          3.2582997494164684e-02, 1.0275928059312415e-02,
          6.3852941882153777e-02, -2.3590064582265440e-04,
          1.0219187366307395e-02, 1.0061582262322732e-03,
          -7.5791381089698314e-03, 1.8605185048474774e-03,
          -6.3473946723805220e-03, 6.0946342641104703e-03,
          2.4234490347354786e-03, -2.3590064582265440e-04,
          2.3347187412709379e-02, 1.4992272616698081e-03,
          -3.3217986995089594e-03, -9.7755547609218929e-04,
          1.6508282740237918e-04, -1.0137336995374427e-03,
          2.1544510018816788e-02, 7.5320596462174075e-03,
          1.0219187366307395e-02, 1.4992272616698077e-03,
          1.3202757725296088e-02, -3.2120332313150820e-04,
          -2.6926456335685097e-03, 3.8924564061702869e-04,
          -8.8398886334113485e-04, 2.1813689984985069e-03,
          1.3127624628982675e-03, 1.0061582262322717e-03,
          -3.3217986995089581e-03, -3.2120332313150836e-04,
          1.1978126138955630e-01, 8.2748084883146054e-04,
          1.5204821410041043e-03, 4.0926062249383390e-05,
          -1.9790024431967937e-02, -1.6543145102698964e-04,
          -7.5791381089698323e-03, -9.7755547609218950e-04,
          -2.6926456335685102e-03, 8.2748084883146064e-04,
          2.8777718592582015e-02, 7.4605748687854871e-04,
          3.3235149894625263e-03, 2.9217979935609910e-04,
          1.5314870160836791e-03, 1.8605185048474774e-03,
          1.6508282740237940e-04, 3.8924564061702853e-04,
          1.5204821410041047e-03, 7.4605748687854904e-04,
          1.6098686143202333e-02, -1.9524384280867669e-03,
          -5.5253456321953300e-03, -1.6344540235151475e-03,
          -6.3473946723805194e-03, -1.0137336995374427e-03,
          -8.8398886334113485e-04, 4.0926062249383200e-05,
          3.3235149894625267e-03, -1.9524384280867665e-03,
          3.5039564260885142e-02 ]
   - !!opencv-matrix
      rows: 9
      cols: 9
      dt: d
      data: [ 4.3926906589797415e-01, 2.3769064011344290e-01,
          6.3850888478829887e-02, -6.2175704013829380e-02,
          -7.0360938683770684e-03, 2.4746049547212635e-03,
          -3.7569364956453787e-03, 2.4316880114881218e-02,
          1.1886862406989884e-02, 2.3769064011344287e-01,
          7.4978451612658381e-01, 8.7878242497337000e-02,
          2.0865078802569670e-01, 1.0334312813398200e-01,
          1.4773507759947546e-02, -7.1717982481262601e-03,
          9.7743905031050515e-02, -4.6348616861933419e-04,
          6.3850888478829887e-02, 8.7878242497337000e-02,
          5.5376073467741600e-02, 7.1810962000256305e-04,
          9.9672154555496082e-03, -1.9226880078373831e-04,
          -8.6949746790113414e-03, 1.2793887361370018e-02,
          3.3035398893226445e-03, -6.2175704013829373e-02,
          2.0865078802569675e-01, 7.1810962000256327e-04,
          2.9996307572025294e-01, 8.1220194397321074e-02,
          3.4431678303510566e-03, -2.0309680839755942e-02,
          2.6102805972266014e-02, -1.0380992297375290e-02,
          -7.0360938683770684e-03, 1.0334312813398200e-01,
          9.9672154555496082e-03, 8.1220194397321074e-02,
          6.4688398671216771e-02, 1.7061937763601171e-04,
          -9.1409308025184304e-03, 1.4524290066148767e-02,
          -2.0458150893523765e-03, 2.4746049547212635e-03,
          1.4773507759947553e-02, -1.9226880078373844e-04,
          3.4431678303510557e-03, 1.7061937763601176e-04,
          5.1660233333123334e-02, 2.0896234490358385e-03,
          2.4465943442653973e-03, 8.3767223218998732e-04,
          -3.7569364956453783e-03, -7.1717982481262635e-03,
          -8.6949746790113396e-03, -2.0309680839755935e-02,
          -9.1409308025184322e-03, 2.0896234490358372e-03,
          5.7092432925081621e-02, -2.0162573907543473e-03,
          1.7023769307402180e-03, 2.4316880114881218e-02,
          9.7743905031050529e-02, 1.2793887361370018e-02,
          2.6102805972266014e-02, 1.4524290066148767e-02,
          2.4465943442653973e-03, -2.0162573907543473e-03,
          2.8806358599262373e-02, -2.7236054993185926e-03,
          1.1886862406989884e-02, -4.6348616861933522e-04,
          3.3035398893226453e-03, -1.0380992297375288e-02,
          -2.0458150893523769e-03, 8.3767223218998721e-04,
          1.7023769307402178e-03, -2.7236054993185935e-03,
          1.0349509283789292e-02 ]
   - !!opencv-matrix
      rows: 9
      cols: 9
      dt: d
      data: [ 6.0363940232876845e-01, 4.0485477189305391e-01,
          6.2581077554882583e-02, 4.7773819260977131e-03,
          4.0357495276192618e-02, 2.5309402622469872e-02,
          5.7360418035360121e-02, 4.8841495071818321e-02,
          1.5104295079774174e-02, 4.0485477189305391e-01,
          8.4418781544311927e-01, 8.6738256629295615e-02,
          4.0593775759672046e-02, -9.2570932004546622e-02,
          -4.3804740359696989e-02, 8.6810918634464378e-03,
          1.1025333290067310e-01, -7.3051834421812420e-03,
          6.2581077554882569e-02, 8.6738256629295643e-02,
          2.7995510758383685e-01, 4.0991994043195853e-02,
          7.5675990487125240e-03, 6.0042813552245470e-03,
          1.3550139778481709e-02, 7.5526146165624627e-02,
          -3.8605799270524273e-02, 4.7773819260977131e-03,
          4.0593775759672053e-02, 4.0991994043195853e-02,
          4.4032809932886291e-01, -4.1601917293699657e-02,
          5.6927159899917472e-02, 3.5504211591549567e-02,
          1.0596382792505402e-01, -1.1615891797560396e-01,
          4.0357495276192625e-02, -9.2570932004546622e-02,
          7.5675990487125257e-03, -4.1601917293699657e-02,
          6.3626774709798295e-01, 9.1877856305590307e-03,
