%YAML:1.0
---
groups:
   - intact
   - CD19
   - blast
intactGmmnames:
   - "intact.520.0"
   - "intact.520.1"
   - "intact.520.2"
   - "intact.520.3"
   - "intact.520.4"
intactLabels:
   - FSC-A
   - SSC-A
   - CD20
   - CD10
   - CD45
   - CD34
   - SYTO41
   - CD19
   - CD38
intactMu: !!opencv-matrix
   rows: 5
   cols: 9
   dt: d
   data: [ 1.2840377755957442e+00, 4.1135060002600138e-01,
       8.4984480086934744e-01, 8.0230660212085048e-01,
       3.7093857023924905e+00, 1.1228153952228053e+00,
       4.1570864674083285e+00, 1.2670138089530154e+00,
       1.9973243501515032e+00, 2.4783014547017288e+00,
       2.8504919634518151e+00, 9.2219556026646732e-01,
       2.3397979972280387e+00, 3.2584435067379189e+00,
       1.2337405289061840e+00, 4.2243855774078414e+00,
       1.8401048381058684e+00, 1.7246039830931923e+00,
       1.1932335029558725e+00, 5.2714305637734871e-01,
       8.1162170348424256e-01, 1.0490787885942598e+00,
       1.6726478347175275e+00, 1.3362845818132425e+00,
       4.2853638066547450e+00, 1.2079546310061855e+00,
       1.7047331716091327e+00, 2.3882711455379293e+00,
       1.7104529942816238e+00, 1.3311021903156939e+00,
       1.6269339950991411e+00, 3.0420556030512658e+00,
       1.6502474477089473e+00, 4.1706929291716470e+00,
       1.6536661264362615e+00, 2.1049216418949186e+00,
       1.1069904575822571e+00, 2.7241986535217971e-01,
       7.3917574157479360e-01, 6.1276464001073272e-01,
       3.6398974445803525e+00, 1.0792464121718255e+00,
       4.3180776022365572e+00, 1.2007015859692161e+00,
       1.8213170289913614e+00 ]
intactSigma:
   - !!opencv-matrix
      rows: 9
      cols: 9
      dt: d
      data: [ 9.3796927150460424e-02, 2.7340405917260197e-02,
          1.1896292231091638e-02, 5.3204846372470280e-03,
          2.2085672840223471e-02, 4.8122881058379223e-03,
          -8.0560297343850087e-03, 1.1442908964550077e-02,
          -6.5528212025120762e-04, 2.7340405917260200e-02,
          2.7106098199692959e-02, 1.2332835004145134e-02,
          3.9817960577466770e-04, 1.2557654950411678e-02,
          3.2324438768895946e-03, -6.1811839799767445e-03,
          9.5105169760603420e-03, 1.3229918961826084e-05,
          1.1896292231091638e-02, 1.2332835004145134e-02,
          2.2621400981597931e-02, -2.9895974410263997e-04,
          5.3926157835220492e-03, 1.6618272539205303e-03,
          -7.9438336936292538e-03, 3.1818266706370628e-03,
          -9.5092945639613305e-03, 5.3204846372470220e-03,
          3.9817960577466857e-04, -2.9895974410264030e-04,
          1.5319883093234962e-01, -3.6951125482322621e-04,
          -6.9070131624982239e-04, 2.8182043823708554e-03,
          9.0620216239240274e-04, -2.1745790952033800e-02,
          2.2085672840223471e-02, 1.2557654950411678e-02,
          5.3926157835220510e-03, -3.6951125482322604e-04,
          1.7087095056405075e-02, 2.0326366957989631e-03,
          -3.5107870855013855e-03, 7.6076423031675808e-03,
          -2.4681703039837193e-03, 4.8122881058379197e-03,
          3.2324438768895954e-03, 1.6618272539205305e-03,
          -6.9070131624982066e-04, 2.0326366957989627e-03,
          1.7485136270752849e-01, 1.0810611433497519e-03,
          3.1857334057501501e-03, 6.3139779334293817e-03,
          -8.0560297343850087e-03, -6.1811839799767445e-03,
          -7.9438336936292538e-03, 2.8182043823708558e-03,
          -3.5107870855013855e-03, 1.0810611433497510e-03,
          1.1079900838606783e-02, -1.2178362821288583e-04,
          3.6371024304703184e-03, 1.1442908964550077e-02,
          9.5105169760603420e-03, 3.1818266706370637e-03,
          9.0620216239240274e-04, 7.6076423031675808e-03,
          3.1857334057501505e-03, -1.2178362821288614e-04,
          2.9998278817686987e-02, -1.7912089808527233e-03,
          -6.5528212025120708e-04, 1.3229918961825862e-05,
          -9.5092945639613288e-03, -2.1745790952033800e-02,
          -2.4681703039837193e-03, 6.3139779334293860e-03,
          3.6371024304703184e-03, -1.7912089808527225e-03,
          1.0304120243560874e-01 ]
   - !!opencv-matrix
      rows: 9
      cols: 9
      dt: d
      data: [ 3.1970492809863915e-01, 8.8568828876805575e-02,
          2.4592714164978907e-02, -1.5132254660996725e-01,
          -5.2150914602097330e-02, -1.5393590812776060e-02,
          -5.6603813936115677e-03, 1.4168319629182574e-02,
          8.7446088924081015e-03, 8.8568828876805547e-02,
          4.0344026429203389e-01, 4.5288772323657613e-02,
          1.2733933747319115e-01, 4.6409608887113325e-02,
          2.7720722695926153e-02, -1.2205590282223570e-02,
          6.6708749365219325e-02, -5.2924574522342860e-03,
          2.4592714164978907e-02, 4.5288772323657613e-02,
          3.9174228262955704e-02, 1.7147629834140039e-02,
          9.1620884130694507e-03, 2.9062735820847381e-03,
          -1.7674185988360045e-02, 6.6181594707640738e-03,
          8.7845451940896937e-04, -1.5132254660996727e-01,
          1.2733933747319115e-01, 1.7147629834140032e-02,
          5.4137469584969200e-01, 1.5119902620331213e-01,
          4.4890493577409735e-02, -4.1303125543608703e-02,
          3.5592313166227484e-02, -2.0083826631332600e-02,
          -5.2150914602097330e-02, 4.6409608887113325e-02,
          9.1620884130694542e-03, 1.5119902620331213e-01,
          6.7723034908456034e-02, 1.4858176756516982e-02,
          -1.6378108902977553e-02, 1.6167887942537824e-02,
          -6.1320003058000340e-03, -1.5393590812776060e-02,
          2.7720722695926153e-02, 2.9062735820847394e-03,
          4.4890493577409721e-02, 1.4858176756516987e-02,
          1.3116639387714341e-01, 4.2525711749912134e-04,
          7.4389473391530897e-03, -9.8677962776433275e-05,
          -5.6603813936115677e-03, -1.2205590282223568e-02,
          -1.7674185988360045e-02, -4.1303125543608696e-02,
          -1.6378108902977553e-02, 4.2525711749912134e-04,
          2.5204785847915041e-02, -2.5395126443465746e-03,
          9.1110246366676764e-04, 1.4168319629182574e-02,
          6.6708749365219311e-02, 6.6181594707640755e-03,
          3.5592313166227491e-02, 1.6167887942537824e-02,
          7.4389473391530880e-03, -2.5395126443465751e-03,
          3.2499782240798976e-02, -3.4777837329665485e-03,
          8.7446088924081015e-03, -5.2924574522342860e-03,
          8.7845451940896904e-04, -2.0083826631332600e-02,
          -6.1320003058000340e-03, -9.8677962776433397e-05,
          9.1110246366676764e-04, -3.4777837329665485e-03,
          9.4913429586799738e-03 ]
   - !!opencv-matrix
      rows: 9
      cols: 9
      dt: d
      data: [ 3.0716646268622322e-01, 1.0829170619235652e-01,
          7.0005815906383731e-02, 8.9149040587065270e-02,
          1.5190637492027043e-01, 2.4198840959919257e-01,
          -3.8815514248826982e-02, 3.5138573125664041e-02,
          1.2926301779656407e-02, 1.0829170619235653e-01,
          7.4725105608831680e-02, 4.6358937326787752e-02,
          6.1467839024227630e-02, 7.8723189375441760e-02,
          9.0941112188130530e-02, -1.6527606586428725e-02,
          2.2890879830007049e-02, 9.3179600943593364e-03,
          7.0005815906383731e-02, 4.6358937326787759e-02,
          6.2672485140448361e-02, 4.2525273050971077e-02,
          5.2864820223935044e-02, 6.8241891149230044e-02,
          -2.8728922077485949e-02, 1.4145215531221320e-02,
          4.9152132191349548e-03, 8.9149040587065270e-02,
          6.1467839024227630e-02, 4.2525273050971077e-02,
          2.0924098036548711e-01, 9.5441872807913775e-02,
          4.9456522881099557e-02, -1.6173714717253714e-02,
          2.2299311991240415e-02, 1.6643672827452331e-02,
          1.5190637492027043e-01, 7.8723189375441760e-02,
          5.2864820223935044e-02, 9.5441872807913775e-02,
          2.2894835850145018e-01, 1.4295426949492510e-01,
