%YAML:1.0
---
groups:
   - intact
   - CD19
   - blast
intactGmmnames:
   - "intact.533.0"
   - "intact.533.1"
   - "intact.533.2"
   - "intact.533.3"
   - "intact.533.4"
intactLabels:
   - FSC-A
   - SSC-A
   - CD20
   - CD10
   - CD45
   - CD34
   - SYTO41
   - CD19
   - CD38
intactMu: !!opencv-matrix
   rows: 5
   cols: 9
   dt: d
   data: [ 2.7246989768149339e+00, 2.8015938138331116e+00,
       1.4698881493598195e+00, 2.0618239824187641e+00,
       2.7421636994215071e+00, 1.2567975846564310e+00,
       3.2102291782503243e+00, 1.5947835218362856e+00,
       1.7513042343195251e+00, 1.8940208274776171e+00,
       1.3354834658803549e+00, 1.5903575794638702e+00,
       1.6047389030494204e+00, 3.4639091316832000e+00,
       1.4857721970178086e+00, 3.2802249903571452e+00,
       1.4640444095459215e+00, 2.5565357071779471e+00,
       1.2948226558179803e+00, 3.0379362425696177e-01,
       1.0675222590642246e+00, 8.1652460433752438e-01,
       3.6724286158732529e+00, 1.0736539878226239e+00,
       3.2225551846904583e+00, 1.1369323027427540e+00,
       2.1456613099731436e+00, 1.3035368413097534e+00,
       5.1620508394915721e-01, 1.2272675541346947e+00,
       1.2922285088734142e+00, 1.4472284736001868e+00,
       1.0521680858263402e+00, 3.4139999666625132e+00,
       1.1134047407193430e+00, 1.3686622707509217e+00,
       1.6641841426436961e+00, 5.6683342890617583e-01,
       1.2001621108317080e+00, 8.6069740950473683e-01,
       3.8160606580363856e+00, 1.1004260240818793e+00,
       2.9452539415144070e+00, 1.2300945204495883e+00,
       2.2044984755745602e+00 ]
intactSigma:
   - !!opencv-matrix
      rows: 9
      cols: 9
      dt: d
      data: [ 6.9879362721045690e-01, 4.7544706396897790e-01,
          6.1698245282489267e-02, 7.0522038763451630e-02,
          1.4122139366624278e-01, 2.1211220477852510e-02,
          -1.1003611581970548e-02, 1.0416261841673136e-01,
          3.2089683929966348e-02, 4.7544706396897790e-01,
          1.1851210947141186e+00, 4.7058829753834408e-02,
          3.4891413798744758e-01, 2.8539055155019583e-01,
          -6.8557768306316880e-02, 1.4413028689020812e-02,
          2.1290336060078346e-01, -7.5567830911689310e-02,
          6.1698245282489281e-02, 4.7058829753834401e-02,
          6.0099187915314371e-02, 6.3282587844744808e-03,
          1.7214741096309917e-02, 7.7014642916971793e-03,
          2.0559337202455296e-02, 8.9074993365806290e-03,
          3.1175651757013437e-02, 7.0522038763451644e-02,
          3.4891413798744758e-01, 6.3282587844744791e-03,
          3.1486571393236823e-01, 1.5000959447629081e-01,
          -6.5114998204306759e-02, 8.0083915231558472e-02,
          6.2811971431103883e-02, -7.3962315465044889e-03,
          1.4122139366624278e-01, 2.8539055155019583e-01,
          1.7214741096309917e-02, 1.5000959447629081e-01,
          1.6707581316351469e-01, -2.2762080687666168e-02,
          2.9178857934007329e-02, 5.3307313409114924e-02,
          1.5323969807265209e-02, 2.1211220477852510e-02,
          -6.8557768306316880e-02, 7.7014642916971793e-03,
          -6.5114998204306759e-02, -2.2762080687666168e-02,
          1.3474421328550504e-01, -8.7946066171543560e-02,
          -9.8381932570418152e-03, -2.0285976811957304e-02,
          -1.1003611581970534e-02, 1.4413028689020812e-02,
          2.0559337202455289e-02, 8.0083915231558472e-02,
          2.9178857934007329e-02, -8.7946066171543574e-02,
          2.0382320180298635e-01, 1.4700578515205664e-03,
          8.6224868463710816e-02, 1.0416261841673138e-01,
          2.1290336060078346e-01, 8.9074993365806290e-03,
          6.2811971431103869e-02, 5.3307313409114924e-02,
          -9.8381932570418169e-03, 1.4700578515205660e-03,
          5.7559501750907960e-02, -1.6594500666572025e-02,
          3.2089683929966348e-02, -7.5567830911689296e-02,
          3.1175651757013433e-02, -7.3962315465044906e-03,
          1.5323969807265206e-02, -2.0285976811957308e-02,
          8.6224868463710816e-02, -1.6594500666572025e-02,
          1.7972851520724165e-01 ]
   - !!opencv-matrix
      rows: 9
      cols: 9
      dt: d
      data: [ 5.4175735211170017e-01, 2.6993874656612510e-01,
          6.6638778884726524e-02, -5.6099602239758496e-02,
          -1.1837138677772284e-03, 1.8770838857240685e-01,
          2.7051547987149885e-02, 5.2410927182950436e-02,
          2.7236829677418867e-01, 2.6993874656612510e-01,
          8.0746840912079820e-01, 2.6057976242256087e-01,
          9.8414020371663286e-04, -7.7109050263530446e-02,
          3.0635911091420182e-02, -1.6589563498061018e-02,
          2.0843053436552431e-01, 1.6192152138471522e-01,
          6.6638778884726524e-02, 2.6057976242256087e-01,
          3.9956065227457144e-01, 8.3346697938098194e-02,
          -6.7859906158499836e-02, 1.8970101630517301e-02,
          -2.8366808609629836e-02, 2.0094666938783495e-01,
          -2.4133303373526354e-03, -5.6099602239758510e-02,
          9.8414020371663828e-04, 8.3346697938098194e-02,
          3.6262579705762471e-01, -2.3061987155935854e-02,
          -6.6515169717513645e-02, -6.8945463393952633e-02,
          2.2162755459861041e-02, -9.2052774207179916e-02,
          -1.1837138677772291e-03, -7.7109050263530432e-02,
          -6.7859906158499836e-02, -2.3061987155935857e-02,
          1.3106807529170555e-01, -7.3066077860972745e-02,
          -1.5349464813649835e-02, -5.7971003311568965e-03,
          -7.4417123112299879e-02, 1.8770838857240688e-01,
          3.0635911091420175e-02, 1.8970101630517301e-02,
          -6.6515169717513617e-02, -7.3066077860972745e-02,
          4.4812089694562096e-01, 4.0464178344754999e-02,
          -8.3029717008929783e-03, 2.3199694227795331e-01,
          2.7051547987149878e-02, -1.6589563498061018e-02,
          -2.8366808609629840e-02, -6.8945463393952633e-02,
          -1.5349464813649835e-02, 4.0464178344755006e-02,
          1.6811032577164023e-01, -7.8326366579121367e-03,
          3.6218439473406847e-02, 5.2410927182950436e-02,
          2.0843053436552431e-01, 2.0094666938783495e-01,
          2.2162755459861034e-02, -5.7971003311568957e-03,
          -8.3029717008929714e-03, -7.8326366579121350e-03,
          1.9629019075209833e-01, -1.6197238328159620e-03,
          2.7236829677418867e-01, 1.6192152138471522e-01,
          -2.4133303373526267e-03, -9.2052774207179916e-02,
          -7.4417123112299879e-02, 2.3199694227795331e-01,
          3.6218439473406853e-02, -1.6197238328159622e-03,
          5.3869761369586289e-01 ]
   - !!opencv-matrix
      rows: 9
      cols: 9
      dt: d
      data: [ 7.2510791183440046e-02, 5.7709411996852795e-03,
          1.2205485033860276e-02, 1.6498836024363517e-03,
          1.1560235122010182e-02, 2.3141410333569821e-03,
          -1.9951490972862220e-02, 2.3834899847153652e-03,
          9.6316105228269663e-03, 5.7709411996852778e-03,
          7.1850553457145899e-03, 1.0262589499261126e-02,
          3.7179768506522331e-03, 3.3033908388175829e-03,
          -1.4969540205352533e-04, -6.3554661373243339e-03,
          1.7981090899490410e-03, -5.0992380506217393e-03,
          1.2205485033860276e-02, 1.0262589499261126e-02,
          7.7251934805550856e-02, 2.6203748530666039e-03,
          5.8936799747008033e-03, 2.7962921425638697e-03,
          -1.0196952167811734e-02, 4.5359371747868329e-03,
          -1.7897867179274923e-02, 1.6498836024363517e-03,
          3.7179768506522349e-03, 2.6203748530666039e-03,
          4.5387881842552824e-02, 1.5164702842988555e-03,
          -3.2665854129550385e-03, -2.0661264685779149e-03,
          1.7669160083149662e-03, -7.3185079048107508e-03,
          1.1560235122010184e-02, 3.3033908388175829e-03,
          5.8936799747008033e-03, 1.5164702842988555e-03,
          7.5463114581050678e-03, -6.1339193679556996e-04,
