%YAML:1.0
---
groups:
   - intact
   - CD19
   - blast
intactGmmnames:
   - "intact.533.0"
   - "intact.533.1"
   - "intact.533.2"
   - "intact.533.3"
   - "intact.533.4"
intactLabels:
   - FSC-A
   - SSC-A
   - CD20
   - CD10
   - CD45
   - CD34
   - SYTO41
   - CD19
   - CD38
intactMu: !!opencv-matrix
   rows: 5
   cols: 9
   dt: d
   data: [ 2.7246989768149339e+00, 2.8015938138331116e+00,
       1.4698881493598195e+00, 2.0618239824187641e+00,
       2.7421636994215071e+00, 1.2567975846564310e+00,
       3.2102291782503243e+00, 1.5947835218362856e+00,
       1.7513042343195251e+00, 1.8940208274776171e+00,
       1.3354834658803549e+00, 1.5903575794638702e+00,
       1.6047389030494204e+00, 3.4639091316832000e+00,
       1.4857721970178086e+00, 3.2802249903571452e+00,
       1.4640444095459215e+00, 2.5565357071779471e+00,
       1.2948226558179803e+00, 3.0379362425696177e-01,
       1.0675222590642246e+00, 8.1652460433752438e-01,
       3.6724286158732529e+00, 1.0736539878226239e+00,
       3.2225551846904583e+00, 1.1369323027427540e+00,
       2.1456613099731436e+00, 1.3035368413097534e+00,
       5.1620508394915721e-01, 1.2272675541346947e+00,
       1.2922285088734142e+00, 1.4472284736001868e+00,
       1.0521680858263402e+00, 3.4139999666625132e+00,
       1.1134047407193430e+00, 1.3686622707509217e+00,
       1.6641841426436961e+00, 5.6683342890617583e-01,
       1.2001621108317080e+00, 8.6069740950473683e-01,
       3.8160606580363856e+00, 1.1004260240818793e+00,
       2.9452539415144070e+00, 1.2300945204495883e+00,
       2.2044984755745602e+00 ]
intactSigma:
   - !!opencv-matrix
      rows: 9
      cols: 9
      dt: d
      data: [ 6.9879362721045690e-01, 4.7544706396897790e-01,
          6.1698245282489267e-02, 7.0522038763451630e-02,
          1.4122139366624278e-01, 2.1211220477852510e-02,
          -1.1003611581970548e-02, 1.0416261841673136e-01,
          3.2089683929966348e-02, 4.7544706396897790e-01,
          1.1851210947141186e+00, 4.7058829753834408e-02,
          3.4891413798744758e-01, 2.8539055155019583e-01,
          -6.8557768306316880e-02, 1.4413028689020812e-02,
          2.1290336060078346e-01, -7.5567830911689310e-02,
          6.1698245282489281e-02, 4.7058829753834401e-02,
          6.0099187915314371e-02, 6.3282587844744808e-03,
          1.7214741096309917e-02, 7.7014642916971793e-03,
          2.0559337202455296e-02, 8.9074993365806290e-03,
          3.1175651757013437e-02, 7.0522038763451644e-02,
          3.4891413798744758e-01, 6.3282587844744791e-03,
          3.1486571393236823e-01, 1.5000959447629081e-01,
          -6.5114998204306759e-02, 8.0083915231558472e-02,
          6.2811971431103883e-02, -7.3962315465044889e-03,
          1.4122139366624278e-01, 2.8539055155019583e-01,
          1.7214741096309917e-02, 1.5000959447629081e-01,
          1.6707581316351469e-01, -2.2762080687666168e-02,
          2.9178857934007329e-02, 5.3307313409114924e-02,
          1.5323969807265209e-02, 2.1211220477852510e-02,
          -6.8557768306316880e-02, 7.7014642916971793e-03,
          -6.5114998204306759e-02, -2.2762080687666168e-02,
          1.3474421328550504e-01, -8.7946066171543560e-02,
          -9.8381932570418152e-03, -2.0285976811957304e-02,
          -1.1003611581970534e-02, 1.4413028689020812e-02,
          2.0559337202455289e-02, 8.0083915231558472e-02,
          2.9178857934007329e-02, -8.7946066171543574e-02,
          2.0382320180298635e-01, 1.4700578515205664e-03,
          8.6224868463710816e-02, 1.0416261841673138e-01,
          2.1290336060078346e-01, 8.9074993365806290e-03,
          6.2811971431103869e-02, 5.3307313409114924e-02,
          -9.8381932570418169e-03, 1.4700578515205660e-03,
          5.7559501750907960e-02, -1.6594500666572025e-02,
          3.2089683929966348e-02, -7.5567830911689296e-02,
          3.1175651757013433e-02, -7.3962315465044906e-03,
          1.5323969807265206e-02, -2.0285976811957308e-02,
          8.6224868463710816e-02, -1.6594500666572025e-02,
          1.7972851520724165e-01 ]
   - !!opencv-matrix
      rows: 9
      cols: 9
      dt: d
      data: [ 5.4175735211170017e-01, 2.6993874656612510e-01,
          6.6638778884726524e-02, -5.6099602239758496e-02,
          -1.1837138677772284e-03, 1.8770838857240685e-01,
          2.7051547987149885e-02, 5.2410927182950436e-02,
          2.7236829677418867e-01, 2.6993874656612510e-01,
          8.0746840912079820e-01, 2.6057976242256087e-01,
          9.8414020371663286e-04, -7.7109050263530446e-02,
          3.0635911091420182e-02, -1.6589563498061018e-02,
          2.0843053436552431e-01, 1.6192152138471522e-01,
          6.6638778884726524e-02, 2.6057976242256087e-01,
          3.9956065227457144e-01, 8.3346697938098194e-02,
          -6.7859906158499836e-02, 1.8970101630517301e-02,
          -2.8366808609629836e-02, 2.0094666938783495e-01,
          -2.4133303373526354e-03, -5.6099602239758510e-02,
          9.8414020371663828e-04, 8.3346697938098194e-02,
          3.6262579705762471e-01, -2.3061987155935854e-02,
          -6.6515169717513645e-02, -6.8945463393952633e-02,
          2.2162755459861041e-02, -9.2052774207179916e-02,
          -1.1837138677772291e-03, -7.7109050263530432e-02,
          -6.7859906158499836e-02, -2.3061987155935857e-02,
          1.3106807529170555e-01, -7.3066077860972745e-02,
          -1.5349464813649835e-02, -5.7971003311568965e-03,
          -7.4417123112299879e-02, 1.8770838857240688e-01,
          3.0635911091420175e-02, 1.8970101630517301e-02,
          -6.6515169717513617e-02, -7.3066077860972745e-02,
          4.4812089694562096e-01, 4.0464178344754999e-02,
          -8.3029717008929783e-03, 2.3199694227795331e-01,
          2.7051547987149878e-02, -1.6589563498061018e-02,
          -2.8366808609629840e-02, -6.8945463393952633e-02,
          -1.5349464813649835e-02, 4.0464178344755006e-02,
          1.6811032577164023e-01, -7.8326366579121367e-03,
          3.6218439473406847e-02, 5.2410927182950436e-02,
          2.0843053436552431e-01, 2.0094666938783495e-01,
          2.2162755459861034e-02, -5.7971003311568957e-03,
          -8.3029717008929714e-03, -7.8326366579121350e-03,
          1.9629019075209833e-01, -1.6197238328159620e-03,
          2.7236829677418867e-01, 1.6192152138471522e-01,
          -2.4133303373526267e-03, -9.2052774207179916e-02,
          -7.4417123112299879e-02, 2.3199694227795331e-01,
          3.6218439473406853e-02, -1.6197238328159622e-03,
          5.3869761369586289e-01 ]
   - !!opencv-matrix
      rows: 9
      cols: 9
      dt: d
      data: [ 7.2510791183440046e-02, 5.7709411996852795e-03,
          1.2205485033860276e-02, 1.6498836024363517e-03,
          1.1560235122010182e-02, 2.3141410333569821e-03,
          -1.9951490972862220e-02, 2.3834899847153652e-03,
          9.6316105228269663e-03, 5.7709411996852778e-03,
          7.1850553457145899e-03, 1.0262589499261126e-02,
          3.7179768506522331e-03, 3.3033908388175829e-03,
          -1.4969540205352533e-04, -6.3554661373243339e-03,
          1.7981090899490410e-03, -5.0992380506217393e-03,
          1.2205485033860276e-02, 1.0262589499261126e-02,
          7.7251934805550856e-02, 2.6203748530666039e-03,
          5.8936799747008033e-03, 2.7962921425638697e-03,
          -1.0196952167811734e-02, 4.5359371747868329e-03,
          -1.7897867179274923e-02, 1.6498836024363517e-03,
          3.7179768506522349e-03, 2.6203748530666039e-03,
          4.5387881842552824e-02, 1.5164702842988555e-03,
          -3.2665854129550385e-03, -2.0661264685779149e-03,
          1.7669160083149662e-03, -7.3185079048107508e-03,
          1.1560235122010184e-02, 3.3033908388175829e-03,
          5.8936799747008033e-03, 1.5164702842988555e-03,
          7.5463114581050678e-03, -6.1339193679556996e-04,
          -6.6128932091620305e-03, 1.4972478807461539e-03,
          7.7077743570120821e-05, 2.3141410333569813e-03,
          -1.4969540205352506e-04, 2.7962921425638706e-03,
          -3.2665854129550398e-03, -6.1339193679557018e-04,
          1.1558901893156673e-01, 8.2714453142271717e-04,
          1.5806040679801237e-03, 2.5336464125854290e-03,
          -1.9951490972862220e-02, -6.3554661373243339e-03,
          -1.0196952167811735e-02, -2.0661264685779149e-03,
          -6.6128932091620305e-03, 8.2714453142271761e-04,
          2.5427665855108115e-02, -8.4020734967875659e-04,
          9.8792481265917145e-05, 2.3834899847153639e-03,
          1.7981090899490410e-03, 4.5359371747868329e-03,
          1.7669160083149669e-03, 1.4972478807461537e-03,
          1.5806040679801243e-03, -8.4020734967875724e-04,
          2.6947832559346383e-02, -4.8629808831720245e-03,
          9.6316105228269697e-03, -5.0992380506217402e-03,
          -1.7897867179274923e-02, -7.3185079048107508e-03,
          7.7077743570120821e-05, 2.5336464125854290e-03,
          9.8792481265917186e-05, -4.8629808831720245e-03,
          1.5312943103298554e-01 ]
   - !!opencv-matrix
      rows: 9
      cols: 9
      dt: d
      data: [ 1.6294302701045330e-01, 4.6711392723252719e-02,
          4.6662167426993154e-02, 5.1119995472083297e-02,
          3.5713724134848836e-02, -1.5652854452430055e-03,
          7.3641631545970348e-03, 1.4220396267503802e-02,
          2.0083277899199635e-02, 4.6711392723252719e-02,
          4.3154879214452019e-02, 3.3291074086981509e-02,
          3.9860356932944901e-02, 2.8208114199483852e-02,
          1.3223836365564214e-03, 2.2397024286175689e-02,
          1.0303502519218537e-02, 1.4595983646946951e-02,
          4.6662167426993161e-02, 3.3291074086981516e-02,
          7.9844856206346126e-02, 3.4936205560902510e-02,
          2.7309159375149050e-02, 2.1243880948358801e-03,
          4.4619931305020493e-03, 8.8740337721713372e-03,
          1.2122170115364251e-02, 5.1119995472083311e-02,
          3.9860356932944901e-02, 3.4936205560902510e-02,
          1.8415880076131536e-01, 3.1640226445879584e-02,
          3.6180725263252321e-03, 2.6759066063844955e-02,
          9.9670121727032483e-03, 2.0774493348808733e-02,
          3.5713724134848836e-02, 2.8208114199483852e-02,
          2.7309159375149050e-02, 3.1640226445879570e-02,
          1.3102726859926320e-01, 1.0651271044611796e-03,
          2.5777218840683479e-02, 5.6495567103084319e-03,
          2.6824002129297097e-02, -1.5652854452430050e-03,
          1.3223836365564214e-03, 2.1243880948358792e-03,
          3.6180725263252321e-03, 1.0651271044611812e-03,
          2.0613126257948724e-02, 2.0361788148314220e-03,
          1.0217754679514247e-03, 1.3235079947495430e-03,
          7.3641631545970357e-03, 2.2397024286175689e-02,
          4.4619931305020493e-03, 2.6759066063844955e-02,
          2.5777218840683482e-02, 2.0361788148314220e-03,
          1.5058810182493829e-01, 8.7889955197862010e-03,
          1.5563125346917771e-02, 1.4220396267503804e-02,
          1.0303502519218537e-02, 8.8740337721713372e-03,
          9.9670121727032483e-03, 5.6495567103084302e-03,
          1.0217754679514249e-03, 8.7889955197861976e-03,
          1.3184359887466300e-02, 4.6524976067367275e-04,
          2.0083277899199635e-02, 1.4595983646946951e-02,
          1.2122170115364251e-02, 2.0774493348808726e-02,
          2.6824002129297097e-02, 1.3235079947495434e-03,
          1.5563125346917771e-02, 4.6524976067367297e-04,
          3.6039975592235977e-02 ]
   - !!opencv-matrix
      rows: 9
      cols: 9
      dt: d
      data: [ 1.6331511912449551e-01, 1.9096819171401960e-02,
          1.1180590458580799e-02, 7.5661543033370407e-03,
          1.2075979724814440e-02, 7.4761366550617206e-03,
          -2.4567289378388552e-02, 3.9372791019699023e-03,
          4.1498813795051756e-02, 1.9096819171401960e-02,
          2.3478074307596391e-02, 1.0858578542845276e-02,
          6.8591144684193974e-03, 4.4044526040249417e-03,
          2.0372103244739215e-03, -9.6033610287438020e-03,
          2.9606875797068052e-03, 4.1156012240848160e-02,
          1.1180590458580802e-02, 1.0858578542845276e-02,
          5.3039747680514927e-02, 3.7640400907474748e-03,
          4.7561212740292232e-03, 1.9983619257560353e-03,
          -3.2645952324614038e-03, 2.9703079934898131e-04,
          -1.3419470246597428e-02, 7.5661543033370407e-03,
          6.8591144684194000e-03, 3.7640400907474748e-03,
          4.9428883752311380e-02, 1.5346682798154678e-03,
          -4.9963584768090829e-03, -9.7694768529173973e-04,
          2.3994849580000828e-03, 2.7079791796931272e-03,
          1.2075979724814440e-02, 4.4044526040249417e-03,
          4.7561212740292215e-03, 1.5346682798154678e-03,
          1.4081496450773699e-02, -1.0988639545455971e-03,
          -7.5740755589847374e-03, 3.7217821568436976e-03,
          -7.1862612170250119e-03, 7.4761366550617180e-03,
          2.0372103244739228e-03, 1.9983619257560340e-03,
          -4.9963584768090803e-03, -1.0988639545455976e-03,
          1.6153741783977207e-01, -2.0863342480493467e-03,
          3.1027480562906685e-03, 2.4498270273152593e-02,
          -2.4567289378388552e-02, -9.6033610287438020e-03,
          -3.2645952324614046e-03, -9.7694768529173952e-04,
          -7.5740755589847357e-03, -2.0863342480493480e-03,
          7.6471084943404669e-02, 1.2836957720633468e-04,
          -2.7357671307888770e-02, 3.9372791019699023e-03,
          2.9606875797068052e-03, 2.9703079934898164e-04,
          2.3994849580000828e-03, 3.7217821568436989e-03,
          3.1027480562906698e-03, 1.2836957720633473e-04,
          3.7251361253615223e-02, 5.5678983895437210e-03,
          4.1498813795051742e-02, 4.1156012240848146e-02,
          -1.3419470246597422e-02, 2.7079791796931277e-03,
          -7.1862612170250136e-03, 2.4498270273152597e-02,
          -2.7357671307888770e-02, 5.5678983895437210e-03,
          4.4299305936103328e-01 ]
intactC: !!opencv-matrix
   rows: 1
   cols: 5
   dt: d
   data: [ 7.5204812353321895e-02, 1.6746090075733716e-02,
       3.8345727181252010e-01, 9.6434463423156036e-02,
       9.7796432891727458e-02 ]
intactNumEvents: 180003.
intactMaxVals: !!opencv-matrix
   rows: 1
   cols: 9
   dt: d
   data: [ 4.5000000000000000e+00, 4.5000000000000000e+00,
       4.5000000000000000e+00, 4.5000000000000000e+00,
       4.5000000000000000e+00, 4.5000000000000000e+00,
       4.5000000000000000e+00, 4.5000000000000000e+00,
       4.5000000000000000e+00 ]
intactScales: !!opencv-matrix
   rows: 1
   cols: 9
   dt: d
   data: [ 1., 1., 1., 1., 1., 1., 1., 1., 1. ]
CD19Gmmnames:
   - "CD19.533.0"
   - "CD19.533.1"
CD19Labels:
   - FSC-A
   - SSC-A
   - CD20
   - CD10
   - CD45
   - CD34
   - SYTO41
   - CD19
   - CD38
CD19Mu: !!opencv-matrix
   rows: 2
   cols: 9
   dt: d
   data: [ 1.7400723498152870e+00, 4.7116585155669716e-01,
       3.2673457963933874e+00, 1.4306509052282006e+00,
       3.7138660102904373e+00, 1.1316903307755151e+00,
       2.8574315655565528e+00, 2.9459502505382531e+00,
       1.9030133694961544e+00, 1.3384951133784577e+00,
       2.9349391336839653e-01, 3.1719507317014917e+00,
       1.2422846678998982e+00, 3.6526020042582266e+00,
       1.0918128833514420e+00, 3.1024161880703849e+00,
       2.8853371390797631e+00, 1.8904775254048884e+00 ]
CD19Sigma:
   - !!opencv-matrix
      rows: 9
      cols: 9
      dt: d
      data: [ 1.6674692684678136e-01, 1.3273604217023347e-02,
          7.2076303816189340e-03, 2.1812204410904527e-02,
          1.6082872998147521e-02, 2.6529668505338239e-04,
          8.6577094470585043e-03, 1.0406407771648604e-02,
          2.1595792263888875e-02, 1.3273604217023349e-02,
          2.6796281864556321e-02, 1.6124647223009138e-03,
          9.6440543263209763e-03, 5.5279696022344279e-03,
          2.5667901581217676e-03, 1.4972052521674281e-02,
          6.4812026222936794e-03, 1.6050005907634508e-02,
          7.2076303816189314e-03, 1.6124647223009138e-03,
          9.6647533772365318e-02, 5.1241892630149638e-02,
          1.4249288110682091e-02, -4.2888562193323810e-03,
          -1.7492103254444925e-02, 3.2707484888051412e-02,
          -3.3092980768095623e-02, 2.1812204410904520e-02,
          9.6440543263209780e-03, 5.1241892630149638e-02,
          1.8306941948425778e-01, -9.6110772140523383e-04,
          1.7611715146657572e-03, -7.5826875322456567e-03,
          2.2943356171401592e-02, 1.0153074727986648e-02,
          1.6082872998147521e-02, 5.5279696022344279e-03,
          1.4249288110682091e-02, -9.6110772140523199e-04,
          2.6485858470069183e-02, -1.2915168083194714e-03,
          -6.0398323704892089e-03, 7.0433983325127328e-03,
          3.3556177733336224e-03, 2.6529668505338358e-04,
          2.5667901581217676e-03, -4.2888562193323810e-03,
          1.7611715146657559e-03, -1.2915168083194714e-03,
          1.6250241537332200e-01, 1.1124418001834857e-02,
          1.1916897505141939e-03, 6.1673781765102954e-03,
          8.6577094470585043e-03, 1.4972052521674285e-02,
          -1.7492103254444929e-02, -7.5826875322456532e-03,
          -6.0398323704892089e-03, 1.1124418001834857e-02,
          1.1431331002517316e-01, -1.0471600164300052e-02,
          6.9346790405045051e-04, 1.0406407771648604e-02,
          6.4812026222936794e-03, 3.2707484888051412e-02,
          2.2943356171401592e-02, 7.0433983325127320e-03,
          1.1916897505141932e-03, -1.0471600164300052e-02,
          5.0593370652897304e-02, 1.5533641312662665e-03,
          2.1595792263888875e-02, 1.6050005907634508e-02,
          -3.3092980768095623e-02, 1.0153074727986648e-02,
          3.3556177733336215e-03, 6.1673781765102954e-03,
          6.9346790405044780e-04, 1.5533641312662670e-03,
          2.6839308262700623e-01 ]
   - !!opencv-matrix
      rows: 9
      cols: 9
      dt: d
      data: [ 7.7550146122915858e-02, 7.3376614135038367e-03,
          9.2727155825163016e-03, 1.6111755747334821e-02,
          1.5405148489446616e-02, 8.8898066413469867e-04,
          -2.7954936900869677e-02, 1.5084732165554490e-02,
          1.5609949201702342e-02, 7.3376614135038367e-03,
          6.5149121335473315e-03, 3.6505801424272948e-03,
          5.4338263438584271e-03, 2.8589929975003643e-03,
          -2.3950562491304044e-04, -7.0491338540078063e-03,
          2.8961195793628619e-03, 2.0028428090768818e-03,
          9.2727155825163016e-03, 3.6505801424272948e-03,
          2.0146320241381625e-02, 1.4974279345494643e-02,
          4.2131028828607427e-03, 9.6853475160091134e-04,
          -8.3472789240527281e-03, 8.6497878434334454e-03,
          7.8609447815511189e-03, 1.6111755747334817e-02,
          5.4338263438584271e-03, 1.4974279345494643e-02,
          1.4024508222887022e-01, 5.1699752322511448e-03,
          -9.4538820984490536e-04, -9.7132366614305979e-03,
          7.4414584641421394e-03, 1.0234834120396202e-02,
          1.5405148489446612e-02, 2.8589929975003647e-03,
          4.2131028828607427e-03, 5.1699752322511431e-03,
          9.0592359523594453e-03, -4.3091901138326937e-04,
          -9.7276224600396453e-03, 6.6760880252631346e-03,
          9.0732460427624863e-03, 8.8898066413469823e-04,
          -2.3950562491304063e-04, 9.6853475160091026e-04,
          -9.4538820984490612e-04, -4.3091901138326942e-04,
          1.2265867289079313e-01, 1.5010911985851028e-03,
          1.0343416190513304e-03, 4.7943688949736770e-03,
          -2.7954936900869677e-02, -7.0491338540078063e-03,
          -8.3472789240527315e-03, -9.7132366614305979e-03,
          -9.7276224600396453e-03, 1.5010911985851030e-03,
          4.1487308815214965e-02, -1.0837490494327296e-02,
          -8.8627041015955955e-03, 1.5084732165554489e-02,
          2.8961195793628628e-03, 8.6497878434334454e-03,
          7.4414584641421385e-03, 6.6760880252631346e-03,
          1.0343416190513304e-03, -1.0837490494327296e-02,
          2.6432888446316537e-02, 8.8821779820416318e-03,
          1.5609949201702342e-02, 2.0028428090768827e-03,
          7.8609447815511206e-03, 1.0234834120396202e-02,
          9.0732460427624863e-03, 4.7943688949736787e-03,
          -8.8627041015955990e-03, 8.8821779820416318e-03,
          1.6722763414019143e-01 ]
CD19C: !!opencv-matrix
   rows: 1
   cols: 2
   dt: d
   data: [ 6.5605454250648190e-02, 2.6445786278840755e-01 ]
CD19NumEvents: 88723.
CD19MaxVals: !!opencv-matrix
   rows: 1
   cols: 9
   dt: d
   data: [ 4.5000000000000000e+00, 4.5000000000000000e+00,
       4.5000000000000000e+00, 4.5000000000000000e+00,
       4.5000000000000000e+00, 4.5000000000000000e+00,
       4.5000000000000000e+00, 4.5000000000000000e+00,
       4.5000000000000000e+00 ]
CD19Scales: !!opencv-matrix
   rows: 1
   cols: 9
   dt: d
   data: [ 1., 1., 1., 1., 1., 1., 1., 1., 1. ]
blastGmmnames:
   - "blast.533.0"
blastLabels:
   - FSC-A
   - SSC-A
   - CD20
   - CD10
   - CD45
   - CD34
   - SYTO41
   - CD19
   - CD38
blastMu: !!opencv-matrix
   rows: 1
   cols: 9
   dt: d
   data: [ 1.8722428075969220e+00, 4.2545226626098159e-01,
       2.6892501108348372e+00, 3.8062357366085053e+00,
       1.5778538275160827e+00, 1.6422696486115456e+00,
       3.3215515434741976e+00, 3.0108512789011002e+00,
       2.8217037692666054e+00 ]
blastSigma:
   - !!opencv-matrix
      rows: 9
      cols: 9
      dt: d
      data: [ 2.3544948120949002e-01, 2.9228012264808541e-02,
          3.7756080291592380e-02, 2.1230543944563390e-02,
          1.1465183310288604e-02, 2.1862446491494474e-02,
          -2.5332425343934529e-02, 2.5956020793641621e-02,
          1.6315229440402743e-02, 2.9228012264808541e-02,
          2.5977306052866640e-02, 4.4851922158185122e-03,
          7.7727606538919849e-03, 8.3867334179341928e-03,
          1.1140991417104430e-02, -3.9439400120303949e-03,
          2.2212638610650533e-03, 1.2001945772139005e-03,
          3.7756080291592380e-02, 4.4851922158185122e-03,
          2.0537136254132138e-01, -5.5349076362457734e-03,
          4.9037807961388680e-02, -3.3123749937024251e-02,
          -1.3995111884953474e-02, 2.0606671264023921e-02,
          3.3668059991682736e-02, 2.1230543944563390e-02,
          7.7727606538919849e-03, -5.5349076362457734e-03,
          4.7774188660304119e-02, -3.5068802767996843e-02,
          1.0475611917992688e-02, -1.6980496843298091e-03,
          1.1660123575262650e-02, -1.8420802642551450e-04,
          1.1465183310288604e-02, 8.3867334179341928e-03,
          4.9037807961388680e-02, -3.5068802767996843e-02,
          7.7760786814223748e-01, -4.5587870760726540e-02,
          -2.9271579950118538e-02, 2.1178166404999341e-02,
          8.0604156057582046e-02, 2.1862446491494474e-02,
          1.1140991417104430e-02, -3.3123749937024251e-02,
          1.0475611917992688e-02, -4.5587870760726540e-02,
          1.4046160760490409e-01, 4.1865960745741670e-03,
          -2.1559302766976040e-03, -1.7892363979346109e-02,
          -2.5332425343934529e-02, -3.9439400120303949e-03,
          -1.3995111884953474e-02, -1.6980496843298091e-03,
          -2.9271579950118538e-02, 4.1865960745741670e-03,
          2.0051494657476757e-02, -8.6103392231170698e-03,
          -9.4604366400944176e-03, 2.5956020793641621e-02,
          2.2212638610650533e-03, 2.0606671264023921e-02,
          1.1660123575262650e-02, 2.1178166404999341e-02,
          -2.1559302766976040e-03, -8.6103392231170698e-03,
          3.4538766170875305e-02, 9.5557274743215855e-03,
          1.6315229440402743e-02, 1.2001945772139005e-03,
          3.3668059991682736e-02, -1.8420802642551450e-04,
          8.0604156057582046e-02, -1.7892363979346109e-02,
          -9.4604366400944176e-03, 9.5557274743215855e-03,
          1.2042515760608546e-01 ]
blastC: !!opencv-matrix
   rows: 1
   cols: 1
   dt: d
   data: [ 2.9761240448501942e-04 ]
blastNumEvents: 80.
blastMaxVals: !!opencv-matrix
   rows: 1
   cols: 9
   dt: d
   data: [ 4.5000000000000000e+00, 4.5000000000000000e+00,
       4.5000000000000000e+00, 4.5000000000000000e+00,
       4.5000000000000000e+00, 4.5000000000000000e+00,
       4.5000000000000000e+00, 4.5000000000000000e+00,
       4.5000000000000000e+00 ]
blastScales: !!opencv-matrix
   rows: 1
   cols: 9
   dt: d
   data: [ 1., 1., 1., 1., 1., 1., 1., 1., 1. ]
