%YAML:1.0
---
groups:
   - intact
   - CD19
   - blast
intactGmmnames:
   - "intact.543.0"
   - "intact.543.1"
   - "intact.543.2"
   - "intact.543.3"
   - "intact.543.4"
intactLabels:
   - FSC-A
   - SSC-A
   - CD20
   - CD10
   - CD45
   - CD34
   - SYTO41
   - CD19
   - CD38
intactMu: !!opencv-matrix
   rows: 5
   cols: 9
   dt: d
   data: [ 1.4638450748848175e+00, 9.7553761833983466e-01,
       1.6438006369548808e+00, 1.5527233607049000e+00,
       1.5946807000506329e+00, 1.0710393664240658e+00,
       3.6478762094920798e+00, 1.3207697282024362e+00,
       1.4044489188306342e+00, 2.1626463082370528e+00,
       3.3171498058250672e+00, 1.7038087010355125e+00,
       2.5643652392910736e+00, 3.2107398111282186e+00,
       1.2572979911464783e+00, 3.2618778332860541e+00,
       1.9974412502454140e+00, 1.5644515587920664e+00,
       9.7467237594656053e-01, 4.5973371552135051e-01,
       1.1926074489303331e+00, 1.2522609004954188e+00,
       1.3638544972130389e+00, 1.0057372374317612e+00,
       3.5803612079406992e+00, 9.6901822861729592e-01,
       1.3981568003230329e+00, 1.0101969668566180e+00,
       4.2772911151225385e-01, 1.3126560144912123e+00,
       1.2566613351920952e+00, 3.4683070598124544e+00,
       1.0781785597237072e+00, 3.4104517143711095e+00,
       1.1881671726370691e+00, 1.6231685805632858e+00,
       1.3653434309216457e+00, 8.0773885897022613e-01,
       1.4048853984269478e+00, 1.3328599309512492e+00,
       3.4744291966095653e+00, 1.4451680149301205e+00,
       3.3483715770811098e+00, 1.3737102135813863e+00,
       2.1673213526580222e+00 ]
intactSigma:
   - !!opencv-matrix
      rows: 9
      cols: 9
      dt: d
      data: [ 2.1986360418090126e-01, 4.2811632811095575e-02,
          2.6395790406028855e-02, 1.5641034782914492e-02,
          2.7599584262810849e-02, -3.4049518667082484e-03,
          4.3809022796482810e-03, 2.5142603821074562e-02,
          -1.8569025561251150e-03, 4.2811632811095575e-02,
          1.4811772132442477e-01, 6.9821438934193750e-02,
          4.2529969885512650e-02, 3.9644991844508363e-02,
          5.1764541127338913e-03, -1.4281066101693803e-02,
          5.6708464475086581e-02, -4.1478928810222320e-03,
          2.6395790406028855e-02, 6.9821438934193750e-02,
          6.0082906839739658e-02, 2.6753131927373178e-02,
          2.8985426755168357e-02, 3.3616264539817076e-03,
          -8.1116108363025984e-03, 2.9392971992446060e-02,
          -1.5545438903553951e-03, 1.5641034782914488e-02,
          4.2529969885512636e-02, 2.6753131927373178e-02,
          4.4522814632922215e-02, 1.7684533182602911e-02,
          5.7096296111978431e-03, -1.0659213965393001e-03,
          2.0076228233043072e-02, -4.4840482088954027e-04,
          2.7599584262810849e-02, 3.9644991844508363e-02,
          2.8985426755168357e-02, 1.7684533182602914e-02,
          9.9982766047413865e-02, 5.8007799615832660e-03,
          3.7035096433488440e-03, 1.5662610554463694e-02,
          2.2844619647001785e-03, -3.4049518667082484e-03,
          5.1764541127338913e-03, 3.3616264539817063e-03,
          5.7096296111978449e-03, 5.8007799615832625e-03,
          5.6425821566688884e-02, 4.5834784479011912e-03,
          4.0456240495833282e-03, 1.0167633738055431e-03,
          4.3809022796482810e-03, -1.4281066101693803e-02,
          -8.1116108363025984e-03, -1.0659213965393010e-03,
          3.7035096433488449e-03, 4.5834784479011912e-03,
          3.7326204376337081e-02, -8.6051177226327622e-04,
          1.1825793001566975e-03, 2.5142603821074562e-02,
          5.6708464475086581e-02, 2.9392971992446060e-02,
          2.0076228233043072e-02, 1.5662610554463694e-02,
          4.0456240495833282e-03, -8.6051177226327568e-04,
          6.6767578660584720e-02, -5.7070147254136942e-03,
          -1.8569025561251150e-03, -4.1478928810222328e-03,
          -1.5545438903553953e-03, -4.4840482088954044e-04,
          2.2844619647001776e-03, 1.0167633738055431e-03,
          1.1825793001566966e-03, -5.7070147254136925e-03,
          5.6186189642755905e-03 ]
   - !!opencv-matrix
      rows: 9
      cols: 9
      dt: d
      data: [ 4.5573852501140039e-01, 2.6626821145839619e-01,
          -1.0634881485280150e-02, 6.2906869261402806e-02,
          1.3564810739385852e-01, -6.3869226345849399e-03,
          -3.8560066888910006e-03, 4.6631523016589266e-02,
          3.5653225887712940e-03, 2.6626821145839619e-01,
          6.6138721878372730e-01, -8.1143434488784340e-03,
          1.5688634714751770e-01, 2.4081419652485908e-01,
          -6.2599348445765493e-02, -9.7778762732346289e-03,
          8.1959899426335359e-02, -3.6395233176635573e-02,
          -1.0634881485280150e-02, -8.1143434488784340e-03,
          1.2216024820746500e-01, 2.8121605112949373e-02,
          -3.6121866564071910e-02, 3.8535715668735308e-02,
          2.1426815244008680e-02, 2.5687081717445208e-02,
          2.6406581704893333e-02, 6.2906869261402806e-02,
          1.5688634714751770e-01, 2.8121605112949373e-02,
          3.4028817787082466e-01, 1.4113192824265117e-01,
          -1.8574192010779898e-02, -1.0049142323552083e-02,
          4.6598340161172050e-02, 1.1118659489856159e-03,
          1.3564810739385852e-01, 2.4081419652485908e-01,
          -3.6121866564071910e-02, 1.4113192824265117e-01,
          2.9560908353654186e-01, -5.5455883627652365e-02,
          -2.2199137483250246e-02, 2.9463628933382356e-02,
          -9.4508988701965113e-03, -6.3869226345849416e-03,
          -6.2599348445765493e-02, 3.8535715668735308e-02,
          -1.8574192010779894e-02, -5.5455883627652365e-02,
          2.1130063194250318e-01, 1.6727261879443865e-02,
          5.0576245759275211e-03, 2.1553251683150729e-03,
          -3.8560066888909997e-03, -9.7778762732346255e-03,
          2.1426815244008680e-02, -1.0049142323552083e-02,
          -2.2199137483250246e-02, 1.6727261879443865e-02,
          3.3101270971321838e-02, 3.5308592484749783e-03,
          6.5351165161774537e-03, 4.6631523016589266e-02,
          8.1959899426335359e-02, 2.5687081717445208e-02,
          4.6598340161172050e-02, 2.9463628933382356e-02,
          5.0576245759275220e-03, 3.5308592484749783e-03,
          4.0517699012366924e-02, 8.1843262097865410e-03,
          3.5653225887712961e-03, -3.6395233176635580e-02,
          2.6406581704893333e-02, 1.1118659489856167e-03,
          -9.4508988701965113e-03, 2.1553251683150737e-03,
          6.5351165161774529e-03, 8.1843262097865410e-03,
          8.1146254523502395e-02 ]
   - !!opencv-matrix
      rows: 9
      cols: 9
      dt: d
      data: [ 1.0468266275667326e-01, 2.0084415296561312e-02,
          1.2163107939009599e-02, 4.1333501856182890e-03,
          1.7070054830802841e-02, -2.2650162034732533e-03,
          6.8568018395925249e-03, 1.1937104566596276e-02,
          -1.3591043658012881e-05, 2.0084415296561308e-02,
          3.1989955891211536e-02, 3.2998927113907443e-02,
          1.9799744712087057e-02, 1.7765711043047191e-02,
          1.3899419555227414e-03, 1.4478559088810114e-02,
          2.1700493397231714e-02, -9.1094876513944534e-05,
          1.2163107939009595e-02, 3.2998927113907443e-02,
          1.2535843822069767e-01, 2.7237175168426022e-02,
          2.5999343320231766e-02, 9.0982000415819895e-04,
          1.7414736841046107e-03, 2.1981704574769986e-02,
          7.3830042181581364e-05, 4.1333501856182873e-03,
          1.9799744712087057e-02, 2.7237175168426008e-02,
          1.0357413741356693e-01, 2.5440039595993929e-02,
          4.4533477553944647e-03, 2.2994368416198650e-02,
          1.6028820001404154e-02, -2.5350770112701043e-05,
          1.7070054830802841e-02, 1.7765711043047191e-02,
          2.5999343320231766e-02, 2.5440039595993922e-02,
          9.9670672559108969e-02, 2.5868841347455496e-03,
          2.2894214973145616e-02, 1.5692198496140435e-02,
