%YAML:1.0
---
groups:
   - intact
   - CD19
   - blast
intactGmmnames:
   - "intact.547.0"
   - "intact.547.1"
   - "intact.547.2"
   - "intact.547.3"
   - "intact.547.4"
intactLabels:
   - FSC-A
   - SSC-A
   - CD20
   - CD10
   - CD45
   - CD34
   - SYTO41
   - CD19
   - CD38
intactMu: !!opencv-matrix
   rows: 5
   cols: 9
   dt: d
   data: [ 3.2634741349324368e+00, 3.0753193773697003e+00,
       1.3513231404868467e+00, 2.8544089655085680e+00,
       2.9922941796729230e+00, 1.2510956555001111e+00,
       2.6858998009583419e+00, 2.1513868113843531e+00,
       1.5383053532349749e+00, 1.2714374932238994e+00,
       4.0809273041053257e-01, 1.0086165842662977e+00,
       8.9269444338371517e-01, 3.6701203352257052e+00,
       1.3182649831224169e+00, 2.6762530923652141e+00,
       1.3705577846239183e+00, 2.0014683477431729e+00,
       1.2296216672659661e+00, 5.3488796980521591e-01,
       1.2158765465298265e+00, 1.3988424170865563e+00,
       1.8923724346531621e+00, 1.0279743603700431e+00,
       2.9211299383757479e+00, 1.3414841567844049e+00,
       1.7120859122609957e+00, 3.3355990348250382e+00,
       2.7148682225471523e+00, 1.3561088261294922e+00,
       2.0520831611653625e+00, 2.8884906952614866e+00,
       1.1541456683130171e+00, 2.7495735823645537e+00,
       2.0439661522029207e+00, 1.6198184167462033e+00,
       2.4867367898446235e+00, 1.6841062348203886e+00,
       1.4687483749464785e+00, 1.6076054051587105e+00,
       3.0261563845966353e+00, 1.6697177894838242e+00,
       2.5783818374984988e+00, 1.8894672975154936e+00,
       2.4746332683432843e+00 ]
intactSigma:
   - !!opencv-matrix
      rows: 9
      cols: 9
      dt: d
      data: [ 4.7412880955025039e-01, 1.6493548603761232e-01,
          3.3319876453953144e-02, -6.4139165333657756e-03,
          -5.0026260052735286e-03, 2.3919354033595998e-02,
          -1.7934250870242530e-02, 2.5385133219774359e-02,
          5.4809435017746768e-03, 1.6493548603761229e-01,
          3.5010775771093317e-01, 4.7198794274363375e-02,
          3.7897719317157068e-02, 2.1423495256539467e-02,
          2.4620449035154764e-02, -4.6374156186923289e-02,
          5.6693015608925541e-02, 1.0432479892310013e-03,
          3.3319876453953130e-02, 4.7198794274363375e-02,
          3.9010124510590216e-02, 4.8761237647599633e-03,
          1.2297866619186502e-03, 6.1073969914168672e-03,
          -5.9220859200761191e-03, 8.2631401203630116e-03,
          1.3640557972792323e-03, -6.4139165333657756e-03,
          3.7897719317157068e-02, 4.8761237647599641e-03,
          7.3063877953466944e-02, 2.5356366527897956e-02,
          1.2441614098213625e-02, -1.6921012970095805e-02,
          6.7108721508477992e-03, 1.7812079903801673e-03,
          -5.0026260052735286e-03, 2.1423495256539471e-02,
          1.2297866619186500e-03, 2.5356366527897956e-02,
          2.2731744393407641e-02, 6.9599339814988810e-03,
          -1.0320407978119471e-02, 4.0615357254841509e-03,
          6.7485384643248703e-04, 2.3919354033596008e-02,
          2.4620449035154753e-02, 6.1073969914168646e-03,
          1.2441614098213625e-02, 6.9599339814988802e-03,
          1.2576054910239332e-01, -1.9732132183986409e-03,
          4.4301107501841528e-03, 2.5419875251494798e-03,
          -1.7934250870242530e-02, -4.6374156186923289e-02,
          -5.9220859200761209e-03, -1.6921012970095805e-02,
          -1.0320407978119471e-02, -1.9732132183986413e-03,
          6.6709418060564671e-02, -7.6563434156686387e-03,
          -3.8347343530309428e-03, 2.5385133219774356e-02,
          5.6693015608925541e-02, 8.2631401203630116e-03,
          6.7108721508477992e-03, 4.0615357254841509e-03,
          4.4301107501841528e-03, -7.6563434156686387e-03,
          1.5077795779085175e-02, -3.6755604620715798e-03,
          5.4809435017746750e-03, 1.0432479892310003e-03,
          1.3640557972792312e-03, 1.7812079903801671e-03,
          6.7485384643248725e-04, 2.5419875251494802e-03,
          -3.8347343530309428e-03, -3.6755604620715798e-03,
          5.0100467581205496e-02 ]
   - !!opencv-matrix
      rows: 9
      cols: 9
      dt: d
      data: [ 1.3103899833324342e-01, 3.2493714583765647e-02,
          2.2675079810385249e-02, 8.3516135869555110e-03,
          2.0027490733417985e-02, 2.1990013707420569e-02,
          -6.8297478183011753e-02, 2.7629973781596921e-02,
          2.7152274553414367e-02, 3.2493714583765647e-02,
          2.2720980515542447e-02, 1.5236857940114574e-02,
          7.0996580246854455e-03, 1.2729310274517429e-02,
          1.4278340377021534e-02, -3.4545627940851420e-02,
          1.9155400864863413e-02, 1.7904612996739115e-02,
          2.2675079810385249e-02, 1.5236857940114574e-02,
          6.9320009583438841e-02, 4.1369071119667809e-03,
          9.7453433402956979e-03, 7.4147170621768569e-03,
          -2.5270517989870376e-02, 1.6397111558782436e-02,
          -2.5423770266383761e-03, 8.3516135869555093e-03,
          7.0996580246854455e-03, 4.1369071119667826e-03,
          6.9920617903938123e-02, 7.2412504841622531e-03,
          -1.1534499729082971e-03, -1.2308269450809426e-02,
          1.0816396301225710e-02, -3.7666200744956428e-03,
          2.0027490733417985e-02, 1.2729310274517429e-02,
          9.7453433402956979e-03, 7.2412504841622514e-03,
          1.7026413272494656e-02, 1.1157455551300979e-02,
          -3.0081459395223730e-02, 1.5583607534560576e-02,
          8.5500288805154742e-03, 2.1990013707420559e-02,
          1.4278340377021534e-02, 7.4147170621768552e-03,
          -1.1534499729082995e-03, 1.1157455551300979e-02,
          2.1486606527840468e-01, -1.9502905159041149e-02,
          1.1521928991178225e-02, 2.1304141769232940e-02,
          -6.8297478183011753e-02, -3.4545627940851427e-02,
          -2.5270517989870376e-02, -1.2308269450809428e-02,
          -3.0081459395223730e-02, -1.9502905159041149e-02,
          1.2674979135628181e-01, -3.4128239943135928e-02,
          -3.3008183517356605e-02, 2.7629973781596921e-02,
          1.9155400864863410e-02, 1.6397111558782436e-02,
          1.0816396301225710e-02, 1.5583607534560576e-02,
          1.1521928991178229e-02, -3.4128239943135928e-02,
          1.0218411049746202e-01, 5.6358147897240850e-03,
          2.7152274553414367e-02, 1.7904612996739119e-02,
          -2.5423770266383779e-03, -3.7666200744956428e-03,
          8.5500288805154760e-03, 2.1304141769232933e-02,
          -3.3008183517356605e-02, 5.6358147897240859e-03,
          1.7372708310968143e-01 ]
   - !!opencv-matrix
      rows: 9
      cols: 9
      dt: d
      data: [ 1.8108183314025281e-01, 5.3689684616629291e-02,
          4.5553212446481063e-02, 5.6389149109330461e-02,
          5.9889300020048129e-02, 1.1886974585240583e-02,
          -4.6302308123281873e-03, 4.6184658401623585e-02,
          4.7965665751807995e-02, 5.3689684616629291e-02,
          4.7396346864245133e-02, 3.3170107322411060e-02,
          5.0480982129281857e-02, 5.4834978296165335e-02,
          1.4787777373542147e-02, 1.3418345894828976e-02,
          3.9257590387007803e-02, 4.4590491814028528e-02,
          4.5553212446481056e-02, 3.3170107322411060e-02,
          7.7118500801258677e-02, 4.3448839989565190e-02,
          4.7197266942770981e-02, 1.1449465493560676e-02,
          -1.6209632825316438e-02, 3.1801326682770296e-02,
          2.7134675883528855e-02, 5.6389149109330461e-02,
          5.0480982129281857e-02, 4.3448839989565190e-02,
          2.4706706149168842e-01, 1.0497827520358460e-01,
          6.4679748095195335e-03, 2.5864114796472656e-02,
          4.1935325105663432e-02, 9.3598779417476352e-02,
          5.9889300020048129e-02, 5.4834978296165335e-02,
          4.7197266942770967e-02, 1.0497827520358460e-01,
          1.8314802196668048e-01, 1.9093411490364757e-02,
          2.0780727531187874e-02, 4.4178273611664494e-02,
