%YAML:1.0
---
groups:
   - intact
   - CD19
   - blast
intactGmmnames:
   - "intact.558.0"
   - "intact.558.1"
   - "intact.558.2"
   - "intact.558.3"
   - "intact.558.4"
intactLabels:
   - FSC-A
   - SSC-A
   - CD20
   - CD10
   - CD45
   - CD34
   - SYTO41
   - CD19
   - CD38
intactMu: !!opencv-matrix
   rows: 5
   cols: 9
   dt: d
   data: [ 1.1990149627876943e+00, 5.6097641709510271e-01,
       9.6545247472528384e-01, 1.1784611479452411e+00,
       1.5853674765903247e+00, 1.0321322791003114e+00,
       2.0312630491296537e+00, 1.1685078264376192e+00,
       1.4794574690718305e+00, 1.8852373127071551e+00,
       8.9431930923747005e-01, 9.8491382579385067e-01,
       9.5357119023541759e-01, 3.8553758717110456e+00,
       1.3851879175182524e+00, 1.5882945485602913e+00,
       1.4116853610221329e+00, 2.4149331235052949e+00,
       2.5162020293676148e+00, 3.1269793543187312e+00,
       1.3123002587935817e+00, 2.0970316488868224e+00,
       3.1709568216997677e+00, 1.4177240542761393e+00,
       1.9291087199586465e+00, 1.8270088284285200e+00,
       1.8279970189213584e+00, 1.4736302230450040e+00,
       4.1955078496491727e-01, 9.1440704782411619e-01,
       9.3197090347638434e-01, 3.6830739635257883e+00,
       1.2590576556425155e+00, 2.2092434770830160e+00,
       1.2563630147433023e+00, 1.9659000545369871e+00,
       2.0481845118709083e+00, 1.7932035963596831e+00,
       7.4628223399187421e-01, 9.3455424489842043e-01,
       1.0590863367337939e+00, 9.7731405739963462e-01,
       1.1894442623678303e+00, 1.4873154113406639e+00,
       1.3122229554671088e+00 ]
intactSigma:
   - !!opencv-matrix
      rows: 9
      cols: 9
      dt: d
      data: [ 1.1781956933136728e-01, 4.4818393040786712e-02,
          2.0391865668262642e-02, 1.5095571689653220e-02,
          5.3747885878535122e-02, 1.1840731314111515e-02,
          -4.1510709166802578e-02, 1.2080040294745348e-02,
          5.0410058874373618e-03, 4.4818393040786712e-02,
          4.5646007326588738e-02, 1.5814670967863809e-02,
          1.0415259421057376e-02, 4.4804555509493513e-02,
          1.3261184953968049e-02, -2.4127222580036977e-02,
          1.1801937968992222e-02, 4.1015218203905883e-03,
          2.0391865668262642e-02, 1.5814670967863806e-02,
          5.0084292491920562e-02, 5.6864208407265927e-03,
          1.9058848206645333e-02, 1.2830271974164701e-03,
          8.9887396761193991e-03, 4.3792714794045028e-03,
          3.2248141532199696e-03, 1.5095571689653227e-02,
          1.0415259421057376e-02, 5.6864208407265927e-03,
          7.0679633128985314e-02, 2.0635516487036053e-02,
          1.1982150567167167e-03, 1.4304804658255602e-02,
          2.7704779562300469e-03, 7.2308917902123085e-03,
          5.3747885878535108e-02, 4.4804555509493513e-02,
          1.9058848206645329e-02, 2.0635516487036050e-02,
          1.6823622853649089e-01, 2.3262953511383005e-02,
          -3.3759216670789224e-02, 1.2422101381082391e-02,
          1.3614577588627608e-02, 1.1840731314111513e-02,
          1.3261184953968049e-02, 1.2830271974164705e-03,
          1.1982150567167158e-03, 2.3262953511383008e-02,
          3.6797167404555478e-02, -1.9564810698800811e-02,
          3.8400477820629206e-03, 9.6534519542604866e-04,
          -4.1510709166802578e-02, -2.4127222580036977e-02,
          8.9887396761193991e-03, 1.4304804658255605e-02,
          -3.3759216670789211e-02, -1.9564810698800807e-02,
          2.2854886744588673e-01, -3.1428034832954909e-03,
          7.4508336811156426e-03, 1.2080040294745350e-02,
          1.1801937968992222e-02, 4.3792714794045028e-03,
          2.7704779562300469e-03, 1.2422101381082391e-02,
          3.8400477820629206e-03, -3.1428034832954909e-03,
          1.1331035889493824e-02, -3.9052188085411362e-04,
          5.0410058874373618e-03, 4.1015218203905883e-03,
          3.2248141532199696e-03, 7.2308917902123085e-03,
          1.3614577588627606e-02, 9.6534519542604887e-04,
          7.4508336811156426e-03, -3.9052188085411356e-04,
          1.0137713464278145e-02 ]
   - !!opencv-matrix
      rows: 9
      cols: 9
      dt: d
      data: [ 4.6891453718580396e-02, 7.5056163631727780e-03,
          1.9303357531837034e-03, 3.7657313667367466e-04,
          1.4775985836896586e-03, 1.8699691246882243e-03,
          -5.4766894937273297e-03, 7.5184210909307037e-04,
          1.3064970320342719e-03, 7.5056163631727780e-03,
          4.2114810104327813e-02, 7.5022397105428771e-03,
          3.6888172649040861e-03, 5.6313842763796888e-03,
          1.3266511759660793e-02, -1.2997073585141935e-02,
          1.1300760720835329e-02, 5.3539307588309173e-02,
          1.9303357531837040e-03, 7.5022397105428788e-03,
          4.4572744812372986e-02, -1.7810006583917218e-03,
          2.8979820933306053e-03, 1.1896863209713911e-03,
          3.5652537396681293e-03, 3.0678807585011745e-03,
          -1.2844487710362848e-02, 3.7657313667367460e-04,
          3.6888172649040861e-03, -1.7810006583917218e-03,
          2.0821844025969902e-02, 9.0674868067878620e-04,
          -2.4072983321890601e-03, 1.2500403491854592e-03,
          1.1892245184793159e-03, -1.6297210940992184e-03,
          1.4775985836896588e-03, 5.6313842763796905e-03,
          2.8979820933306057e-03, 9.0674868067878588e-04,
          1.0038438848677967e-02, 4.6637582206193028e-03,
          -2.0918504545986549e-03, 5.0243981165628976e-03,
          -8.9778540898183025e-03, 1.8699691246882233e-03,
          1.3266511759660793e-02, 1.1896863209713911e-03,
          -2.4072983321890610e-03, 4.6637582206193028e-03,
          2.1826153672578152e-01, -8.6762028793146862e-03,
          8.1162901960988680e-03, 2.3622911305227472e-02,
          -5.4766894937273297e-03, -1.2997073585141935e-02,
          3.5652537396681293e-03, 1.2500403491854590e-03,
          -2.0918504545986549e-03, -8.6762028793146827e-03,
          6.9354195395456536e-02, -4.3381420047742692e-03,
          -4.0399227315786566e-02, 7.5184210909306983e-04,
          1.1300760720835327e-02, 3.0678807585011736e-03,
          1.1892245184793157e-03, 5.0243981165628967e-03,
          8.1162901960988663e-03, -4.3381420047742692e-03,
          3.0387934081027922e-02, 4.9405585436721857e-03,
          1.3064970320342711e-03, 5.3539307588309173e-02,
          -1.2844487710362854e-02, -1.6297210940992180e-03,
          -8.9778540898183008e-03, 2.3622911305227472e-02,
          -4.0399227315786566e-02, 4.9405585436721874e-03,
          3.4420672636144234e-01 ]
   - !!opencv-matrix
      rows: 9
      cols: 9
      dt: d
      data: [ 3.9424465052775443e-01, 2.5978616569907909e-01,
          -7.7851388157173873e-03, 3.0243068766335576e-02,
          3.8409768121006410e-02, 3.5380808142992069e-02,
          -1.0089814651508320e-02, 2.0126067913299638e-02,
          -4.9936369822836399e-03, 2.5978616569907909e-01,
          1.5528315000602626e+00, -3.3823129995305401e-02,
          5.6694940407231886e-01, 3.2433762961113133e-01,
          -2.5185223148174680e-02, -3.3133692867263621e-02,
          2.4808985470933814e-01, -1.0790633551315723e-01,
          -7.7851388157173873e-03, -3.3823129995305401e-02,
          2.2119436219134311e-01, -9.2950765902816826e-02,
          4.2159456260859797e-02, 8.7264586789844913e-03,
          1.5402236762525454e-02, 1.1442660456216555e-01,
          4.8788432795683394e-02, 3.0243068766335583e-02,
          5.6694940407231886e-01, -9.2950765902816826e-02,
          5.3184017557996122e-01, 1.1483285528944392e-01,
          1.0940222176359746e-02, 1.6873123814575334e-03,
          7.5298126810054392e-02, -7.4509344108507750e-02,
          3.8409768121006417e-02, 3.2433762961113133e-01,
          4.2159456260859797e-02, 1.1483285528944390e-01,
          3.1842321365744741e-01, 2.3484761941632588e-02,
          -1.5845267549234703e-02, 8.8973958248809451e-02,
