%YAML:1.0
---
groups:
   - intact
   - CD19
   - blast
intactGmmnames:
   - "intact.573.0"
   - "intact.573.1"
   - "intact.573.2"
   - "intact.573.3"
   - "intact.573.4"
intactLabels:
   - FSC-A
   - SSC-A
   - CD20
   - CD10
   - CD45
   - CD34
   - SYTO41
   - CD19
   - CD38
intactMu: !!opencv-matrix
   rows: 5
   cols: 9
   dt: d
   data: [ 1.5532748646256802e+00, 6.0195060948195156e-01,
       9.4229465336457119e-01, 7.9231342092639812e-01,
       3.7986726407500822e+00, 1.3404261098718684e+00,
       3.6582476138769060e+00, 1.2652473380805169e+00,
       2.0817171797008678e+00, 1.4230762032217652e+00,
       3.5724374406590265e-01, 7.7651448445860172e-01,
       7.3088661540942679e-01, 3.6874714352044324e+00,
       1.2618644421873155e+00, 3.9575419527040356e+00,
       1.1764826594605542e+00, 1.9171538772677092e+00,
       1.2251648875339116e+00, 5.0778571063255884e-01,
       1.0025883146328056e+00, 1.0994749974213431e+00,
       1.3833742541958682e+00, 1.0474381845325880e+00,
       3.2177241292936483e+00, 1.1287254305600189e+00,
       1.6670535603897825e+00, 2.3941435449367243e+00,
       2.4944114385916114e+00, 1.1925927507114258e+00,
       1.8138427781104032e+00, 3.0304098872386263e+00,
       1.3430155500064358e+00, 3.6067675453692511e+00,
       1.6188274146999080e+00, 1.8940389035089165e+00,
       1.2694165865628437e+00, 4.7499936522881875e-01,
       7.0838103312336520e-01, 1.2181144936769015e+00,
       1.4347771072822184e+00, 1.0278855539087612e+00,
       4.1588483904910030e+00, 1.1189211531752941e+00,
       1.7029946060220709e+00 ]
intactSigma:
   - !!opencv-matrix
      rows: 9
      cols: 9
      dt: d
      data: [ 6.0451966688176623e-02, 1.5067003962729524e-02,
          5.3572408691807440e-03, 1.8115679689650278e-03,
          2.9977754949007751e-03, 3.8289361650472387e-03,
          -1.4854377695219507e-02, 4.8631378524090982e-03,
          3.7109419749796844e-03, 1.5067003962729527e-02,
          2.9877053878269944e-02, 4.6586830203086621e-03,
          3.8950857407846523e-03, 7.8790401862280229e-03,
          7.3200243874303834e-03, -9.8154344540120290e-03,
          8.1746376546192150e-03, 1.3116853837854403e-02,
          5.3572408691807422e-03, 4.6586830203086630e-03,
          3.5625347206757599e-02, 1.7257840931628470e-03,
          3.7643609166880853e-03, 4.3379303742045374e-03,
          -2.6055639792373783e-02, 2.3426469156492351e-03,
          -9.0859019088051808e-03, 1.8115679689650278e-03,
          3.8950857407846523e-03, 1.7257840931628470e-03,
          4.1869398865172505e-02, 2.7528833817723206e-03,
          -6.1706221880588304e-03, -1.4279227033558396e-02,
          1.8482153679325289e-03, 1.1761545873126094e-03,
          2.9977754949007743e-03, 7.8790401862280229e-03,
          3.7643609166880840e-03, 2.7528833817723206e-03,
          1.4259019612866908e-02, 5.3199775634288999e-03,
          -1.2835680394526669e-02, 5.2070140751630965e-03,
          -6.0495549795913373e-03, 3.8289361650472378e-03,
          7.3200243874303843e-03, 4.3379303742045374e-03,
          -6.1706221880588295e-03, 5.3199775634288991e-03,
          1.8631304841822663e-01, -1.0388615125741503e-02,
          4.6350802907553432e-03, 1.3724594521162526e-02,
          -1.4854377695219507e-02, -9.8154344540120290e-03,
          -2.6055639792373783e-02, -1.4279227033558396e-02,
          -1.2835680394526669e-02, -1.0388615125741503e-02,
          1.2423277984640164e-01, -7.0957432131235490e-03,
          7.7525154219053099e-03, 4.8631378524090964e-03,
          8.1746376546192150e-03, 2.3426469156492351e-03,
          1.8482153679325293e-03, 5.2070140751630965e-03,
          4.6350802907553440e-03, -7.0957432131235508e-03,
          3.3548587986108588e-02, -1.5992389523305790e-03,
          3.7109419749796835e-03, 1.3116853837854407e-02,
          -9.0859019088051808e-03, 1.1761545873126094e-03,
          -6.0495549795913373e-03, 1.3724594521162526e-02,
          7.7525154219053091e-03, -1.5992389523305805e-03,
          1.8609241417178310e-01 ]
   - !!opencv-matrix
      rows: 9
      cols: 9
      dt: d
      data: [ 5.3781024334127438e-02, 1.0156850778857871e-02,
          1.1496845450992261e-02, 6.0246558351457584e-03,
          5.8570564226788540e-03, 1.0178641184602967e-03,
          -1.6094473528958427e-02, 3.8152614305779777e-03,
          -5.9968961822290598e-03, 1.0156850778857871e-02,
          1.0013944692541970e-02, 6.5103464808482017e-03,
          3.4854352327434533e-03, 4.3865714570850483e-03,
          2.4087522056281552e-03, -6.9536713307140723e-03,
          3.3793523022556298e-03, -4.1762059829357906e-03,
          1.1496845450992261e-02, 6.5103464808482017e-03,
          2.6021265497500674e-02, 3.5611349902924280e-03,
          4.5310477001808628e-03, -5.8560323916910149e-04,
          -2.2750337476025853e-02, 2.8290877500899698e-03,
          -4.6844943583919879e-03, 6.0246558351457584e-03,
          3.4854352327434533e-03, 3.5611349902924267e-03,
          4.0163100623150511e-02, 1.9690670364284589e-03,
          -5.0855781744535145e-03, -9.6878128698477204e-03,
          1.3599684826290899e-03, -1.2242564187978683e-03,
          5.8570564226788522e-03, 4.3865714570850492e-03,
          4.5310477001808619e-03, 1.9690670364284589e-03,
          6.7942174096896762e-03, 1.7079822227985136e-03,
          -6.3669264426501485e-03, 1.9049566863498413e-03,
          -2.5695619644205961e-03, 1.0178641184602970e-03,
          2.4087522056281561e-03, -5.8560323916910116e-04,
          -5.0855781744535171e-03, 1.7079822227985123e-03,
          1.6225343807664222e-01, -8.2183496589792286e-04,
          1.6740503225985582e-03, -5.9943266346420903e-04,
          -1.6094473528958427e-02, -6.9536713307140723e-03,
          -2.2750337476025853e-02, -9.6878128698477221e-03,
          -6.3669264426501476e-03, -8.2183496589792275e-04,
          4.1056099177249478e-02, -3.4049809784938668e-03,
          4.3773954188999443e-03, 3.8152614305779777e-03,
          3.3793523022556298e-03, 2.8290877500899694e-03,
          1.3599684826290899e-03, 1.9049566863498413e-03,
          1.6740503225985588e-03, -3.4049809784938655e-03,
          2.3817974679225210e-02, -3.7511068038207692e-03,
          -5.9968961822290598e-03, -4.1762059829357923e-03,
          -4.6844943583919871e-03, -1.2242564187978679e-03,
          -2.5695619644205961e-03, -5.9943266346420903e-04,
          4.3773954188999452e-03, -3.7511068038207679e-03,
          2.7305301051698788e-02 ]
   - !!opencv-matrix
      rows: 9
      cols: 9
      dt: d
      data: [ 8.6551628787591470e-02, 3.6075140476845867e-02,
          6.8485351050413664e-03, 6.5474124639360197e-03,
          4.8179042024676690e-02, 9.9179028880516315e-03,
          -2.9615291807535957e-02, 9.2514946763742022e-03,
          1.9673487465375543e-03, 3.6075140476845867e-02,
          3.6417294960178495e-02, 5.7285268665831337e-03,
          2.9211231310091912e-03, 4.7980956096221911e-02,
          9.8311227939387597e-03, -2.3659567812059197e-02,
          9.5589818989471973e-03, 1.2588023749060149e-03,
          6.8485351050413647e-03, 5.7285268665831363e-03,
          1.4803325255119772e-02, -3.3054136955003388e-05,
          8.1100753723514687e-03, 5.3189497098863388e-04,
          -7.1001152480359075e-03, 1.8000878856494042e-03,
          2.9939556948279977e-04, 6.5474124639360197e-03,
          2.9211231310091921e-03, -3.3054136955003198e-05,
          1.5465578116744111e-01, 1.5587534966153418e-02,
          -2.0024633877187940e-03, 2.9353211349873093e-02,
          2.5802941954688498e-03, 4.3797866913487292e-03,
          4.8179042024676690e-02, 4.7980956096221911e-02,
          8.1100753723514669e-03, 1.5587534966153425e-02,
          2.3075287146149470e-01, 2.1428964676334473e-02,
