%YAML:1.0
---
groups:
   - intact
   - CD19
   - blast
intactGmmnames:
   - "intact.577.0"
   - "intact.577.1"
   - "intact.577.2"
   - "intact.577.3"
   - "intact.577.4"
intactLabels:
   - FSC-A
   - SSC-A
   - CD20
   - CD10
   - CD45
   - CD34
   - SYTO41
   - CD19
   - CD38
intactMu: !!opencv-matrix
   rows: 5
   cols: 9
   dt: d
   data: [ 1.3228154805043157e+00, 4.5831853167950654e-01,
       1.1003364880276765e+00, 1.1573466592692148e+00,
       3.9057461075616953e+00, 1.6592740690996952e+00,
       2.5934512702371681e+00, 7.2542846768307412e-01,
       2.3418276706701593e+00, 2.5124279466877066e+00,
       2.9796539856783366e+00, 1.2595731188514843e+00,
       2.4498282921799284e+00, 3.0869792715886692e+00,
       1.4151738288029310e+00, 2.9142974238136681e+00,
       1.6771329239066317e+00, 1.8605642266204896e+00,
       1.1034530821577311e+00, 5.1499564703471568e-01,
       1.1189048761175107e+00, 1.4871332270463531e+00,
       2.2521190225500995e+00, 1.5780972693547135e+00,
       2.6479718590686421e+00, 1.0813621368257029e+00,
       1.8689679254992206e+00, 1.1927740234933428e+00,
       2.8196460949333607e-01, 1.0109270592186590e+00,
       1.1396043495540127e+00, 3.8230224902990857e+00,
       1.5468390210940757e+00, 2.9083896695980198e+00,
       7.3887802037617822e-01, 2.0649068628411107e+00,
       2.3218205713888533e+00, 1.5130861674133502e+00,
       1.5434877665910687e+00, 1.5921086793125341e+00,
       3.1426563333441626e+00, 2.1512730661613810e+00,
       2.5687199336409297e+00, 1.3189742662517239e+00,
       2.1969011327349679e+00 ]
intactSigma:
   - !!opencv-matrix
      rows: 9
      cols: 9
      dt: d
      data: [ 5.5737559922522301e-02, 1.1825039930369201e-02,
          5.7053247992596085e-03, 2.0433911995824792e-04,
          -1.2489258936166324e-03, 2.5425388373587618e-03,
          -1.0559166798187410e-02, 4.4407246014941211e-03,
          3.8773910736310119e-03, 1.1825039930369197e-02,
          2.1775435556604560e-02, 1.2040115481444675e-02,
          2.6205260584757106e-03, 4.5590108831072736e-03,
          6.7649109937571363e-03, -1.1389166495373365e-02,
          1.7138888444123679e-03, 5.1011615733132501e-03,
          5.7053247992596094e-03, 1.2040115481444675e-02,
          5.9960189878107098e-02, -2.4341819828080171e-04,
          6.1585114668730265e-03, 7.3398883479155880e-03,
          -6.7374183556413794e-03, -2.8522318157843754e-04,
          -2.0383159681089988e-02, 2.0433911995824781e-04,
          2.6205260584757106e-03, -2.4341819828080171e-04,
          1.2963286470649317e-02, 8.6677208925585675e-04,
          -7.3463775375977895e-03, -7.9705578804993506e-04,
          -3.8894222814715539e-04, -2.4539178097838280e-03,
          -1.2489258936166324e-03, 4.5590108831072736e-03,
          6.1585114668730265e-03, 8.6677208925585675e-04,
          1.5113656503070418e-02, 1.0303216211043386e-02,
          -9.8753440675867325e-03, -1.0898767484067351e-02,
          -1.4412142476935544e-02, 2.5425388373587626e-03,
          6.7649109937571381e-03, 7.3398883479155862e-03,
          -7.3463775375977912e-03, 1.0303216211043385e-02,
          2.3990660459665317e-01, -6.6721528755242796e-03,
          -1.7383707743445342e-03, -5.9365236176654916e-03,
          -1.0559166798187410e-02, -1.1389166495373361e-02,
          -6.7374183556413786e-03, -7.9705578804993571e-04,
          -9.8753440675867325e-03, -6.6721528755242822e-03,
          8.8074151436198497e-02, 5.9561856127985759e-03,
          1.0588218566248087e-02, 4.4407246014941193e-03,
          1.7138888444123684e-03, -2.8522318157843732e-04,
          -3.8894222814715528e-04, -1.0898767484067351e-02,
          -1.7383707743445346e-03, 5.9561856127985776e-03,
          3.5497215940723831e-02, 8.7212723200602808e-03,
          3.8773910736310119e-03, 5.1011615733132518e-03,
          -2.0383159681089995e-02, -2.4539178097838284e-03,
          -1.4412142476935544e-02, -5.9365236176654916e-03,
          1.0588218566248083e-02, 8.7212723200602808e-03,
          1.7368637228789727e-01 ]
   - !!opencv-matrix
      rows: 9
      cols: 9
      dt: d
      data: [ 2.5635818042562547e-01, 1.5247201727228130e-01,
          3.9968208398801310e-02, -5.5140291716421826e-02,
          -2.5664432656669563e-02, 1.0519298490969877e-02,
          -2.6251001728764201e-02, 3.9075571777168264e-02,
          -1.8105483038885631e-03, 1.5247201727228130e-01,
          3.6681455694124870e-01, 6.5310377368051703e-02,
          2.9878878075812333e-02, 6.8187694731174347e-03,
          1.0343350531906470e-02, -4.2018431389860882e-02,
          7.3942494524016439e-02, -2.4051923554813913e-03,
          3.9968208398801316e-02, 6.5310377368051703e-02,
          5.8523236023932904e-02, -4.6789613739617580e-03,
          -7.0029159853026172e-04, 1.4684127068210108e-02,
          -1.1804211699043861e-02, 1.7052044241569315e-02,
          -9.9676384653048472e-04, -5.5140291716421826e-02,
          2.9878878075812333e-02, -4.6789613739617597e-03,
          1.8145544766774147e-01, 3.9727935329329903e-02,
          1.7801725489427112e-04, -1.8581490629723498e-02,
          9.5159776030253771e-04, -3.2384123142300586e-03,
          -2.5664432656669560e-02, 6.8187694731174329e-03,
          -7.0029159853026205e-04, 3.9727935329329903e-02,
          3.3334699184403863e-02, 3.5246129319486683e-03,
          -7.3408747775349772e-03, -2.3918774182534884e-03,
          3.1048183736460288e-04, 1.0519298490969877e-02,
          1.0343350531906464e-02, 1.4684127068210109e-02,
          1.7801725489427112e-04, 3.5246129319486674e-03,
          1.7083963209880859e-01, 1.7613780247569205e-04,
          2.6680129094254815e-03, 3.9228686854450448e-03,
          -2.6251001728764194e-02, -4.2018431389860882e-02,
          -1.1804211699043865e-02, -1.8581490629723498e-02,
          -7.3408747775349755e-03, 1.7613780247569140e-04,
          9.8829358289560701e-02, -6.1058707785152664e-03,
          -1.3224396403061541e-04, 3.9075571777168264e-02,
          7.3942494524016453e-02, 1.7052044241569315e-02,
          9.5159776030253761e-04, -2.3918774182534893e-03,
          2.6680129094254815e-03, -6.1058707785152664e-03,
          2.9065798744309864e-02, -2.6363133281903403e-03,
          -1.8105483038885636e-03, -2.4051923554813930e-03,
          -9.9676384653048494e-04, -3.2384123142300586e-03,
          3.1048183736460299e-04, 3.9228686854450448e-03,
          -1.3224396403061533e-04, -2.6363133281903407e-03,
          8.0482566368451237e-03 ]
   - !!opencv-matrix
      rows: 9
      cols: 9
      dt: d
      data: [ 1.6346471235781637e-01, 6.1935750045212339e-02,
          1.1479215056798116e-02, -4.1390787004900297e-03,
          7.2049540093957073e-02, 1.0540920799632229e-01,
          -1.2549660865086462e-01, 8.8814704911870761e-03,
          9.7209428638209323e-04, 6.1935750045212352e-02,
          6.2061823675123307e-02, 1.3221198290139886e-02,
          -2.5248504605440109e-02, -4.3311132168016012e-04,
          8.2119275303716738e-02, -7.3593334730319315e-02,
          2.1655666026923391e-02, -1.5303342530965810e-03,
          1.1479215056798116e-02, 1.3221198290139890e-02,
          8.2626770698465385e-02, 1.8316330451963313e-02,
          2.9841853569277329e-03, -2.2720413180526849e-02,
          5.4246524027376529e-02, 1.0844619043899818e-02,
          3.9625673113192934e-03, -4.1390787004900289e-03,
          -2.5248504605440109e-02, 1.8316330451963309e-02,
          1.5339686805644445e-01, 1.1487765679789570e-01,
          -7.4426076900314914e-02, 1.1021847096472837e-01,
          -2.1784036929656764e-02, 1.3949257913402404e-02,
          7.2049540093957046e-02, -4.3311132168015828e-04,
          2.9841853569277320e-03, 1.1487765679789570e-01,
          5.1859801136699601e-01, 2.3003787989302363e-02,
