%YAML:1.0
---
groups:
   - intact
   - CD19
   - blast
intactGmmnames:
   - "intact.592.0"
   - "intact.592.1"
   - "intact.592.2"
   - "intact.592.3"
   - "intact.592.4"
intactLabels:
   - FSC-A
   - SSC-A
   - CD20
   - CD10
   - CD45
   - CD34
   - SYTO41
   - CD19
   - CD38
intactMu: !!opencv-matrix
   rows: 5
   cols: 9
   dt: d
   data: [ 1.9816410110157969e+00, 1.6650261006758786e+00,
       1.4085233178951888e+00, 1.6868489392803907e+00,
       2.5306861785976751e+00, 1.3321133560285314e+00,
       3.1330459765280776e+00, 1.4817067153256922e+00,
       1.7974989940963855e+00, 1.5936176986007289e+00,
       4.8347327534247575e-01, 8.5253694644398825e-01,
       8.6008719182264570e-01, 3.2991319600824491e+00,
       1.0276201378077554e+00, 3.0146829389667444e+00,
       1.1054966679925586e+00, 1.8843725664330682e+00,
       1.0828029084839363e+00, 5.5873447934696918e-01,
       9.3988550829745532e-01, 1.3806864100803877e+00,
       1.2998630697098392e+00, 1.0911482569706985e+00,
       3.5657953338793775e+00, 1.1433929734830723e+00,
       1.6522168730625451e+00, 1.0249210549527994e+00,
       2.9374012225332174e-01, 7.6261300798828457e-01,
       8.4064994969095208e-01, 3.2101692631097047e+00,
       1.0450014708550381e+00, 3.2905346070410451e+00,
       1.0702076123457567e+00, 1.6378616655114089e+00,
       2.5047830891924114e+00, 2.8669334083974656e+00,
       1.1122958748281038e+00, 2.6881069054093230e+00,
       2.8225468129901810e+00, 1.0952809171621618e+00,
       3.1222498635866738e+00, 1.5768407030698786e+00,
       1.5733306940078602e+00 ]
intactSigma:
   - !!opencv-matrix
      rows: 9
      cols: 9
      dt: d
      data: [ 7.6495901059169924e-01, 4.6226604450501318e-01,
          8.2724022068654868e-02, 2.5212069948859432e-02,
          2.5608640225026857e-02, 9.6715301240546895e-03,
          8.3783586454356004e-02, 9.4399797290169632e-02,
          3.9100406543560305e-02, 4.6226604450501318e-01,
          1.2074912281266141e+00, 2.1678943789514063e-01,
          1.2046622540452705e-01, -5.7475993729286079e-02,
          1.1067147963970278e-01, 2.3189399754982982e-02,
          2.7099626994602616e-01, -2.5490934636962096e-03,
          8.2724022068654854e-02, 2.1678943789514063e-01,
          4.2939824346459599e-01, 1.3728402187295119e-01,
          7.1820960277835286e-02, 1.0398115760205714e-01,
          5.1025336223300419e-03, 2.2266193310459398e-01,
          2.3612678918423523e-02, 2.5212069948859422e-02,
          1.2046622540452703e-01, 1.3728402187295119e-01,
          5.9074309518309354e-01, -7.9490410827768296e-02,
          8.3205568459721532e-02, 7.8678181661046981e-03,
          7.1309513747948958e-02, 3.8594295647668642e-02,
          2.5608640225026860e-02, -5.7475993729286107e-02,
          7.1820960277835286e-02, -7.9490410827768282e-02,
          4.7723206800393175e-01, -5.3356695786937530e-03,
          6.3593346217030056e-02, 2.8163211626883962e-02,
          1.5003975820963029e-02, 9.6715301240546930e-03,
          1.1067147963970278e-01, 1.0398115760205714e-01,
          8.3205568459721532e-02, -5.3356695786937521e-03,
          2.1766401377475184e-01, -6.9150671727399721e-03,
          3.4297842393002473e-02, 3.1385982972044285e-02,
          8.3783586454356004e-02, 2.3189399754982975e-02,
          5.1025336223300410e-03, 7.8678181661046981e-03,
          6.3593346217030056e-02, -6.9150671727399747e-03,
          1.9021872192261652e-01, 7.1924657465828306e-03,
          3.6276591443847393e-02, 9.4399797290169632e-02,
          2.7099626994602616e-01, 2.2266193310459398e-01,
          7.1309513747948958e-02, 2.8163211626883969e-02,
          3.4297842393002466e-02, 7.1924657465828332e-03,
          2.1600988568971580e-01, 1.2646899773559284e-02,
          3.9100406543560305e-02, -2.5490934636962109e-03,
          2.3612678918423523e-02, 3.8594295647668642e-02,
          1.5003975820963031e-02, 3.1385982972044285e-02,
          3.6276591443847393e-02, 1.2646899773559284e-02,
          1.3548305183990295e-01 ]
   - !!opencv-matrix
      rows: 9
      cols: 9
      dt: d
      data: [ 9.5284449605905513e-02, 9.1542066340265203e-03,
          7.2728983342567766e-03, -1.6427039544602612e-03,
          3.1584104883032420e-03, 2.3515370850360853e-03,
          -5.8655757711090451e-03, 4.4234560276143640e-03,
          -1.6220286504570067e-02, 9.1542066340265203e-03,
          1.7470026651259518e-02, 7.4979985537470062e-03,
          1.7628422423439421e-03, 2.4335392465604723e-03,
          1.3227050612708475e-03, -1.9857100239447879e-03,
          4.1251285042856701e-03, 5.2807161885798778e-03,
          7.2728983342567801e-03, 7.4979985537470062e-03,
          3.8297884936084214e-02, -3.8559901358019878e-03,
          4.2118894828639344e-04, 1.2104559956025126e-03,
          -1.1454138538841572e-03, 1.8742873057359193e-03,
          1.5544092622802009e-03, -1.6427039544602616e-03,
          1.7628422423439421e-03, -3.8559901358019883e-03,
          3.7165920778407642e-02, 5.4411345215979630e-04,
          -2.3318905433779226e-03, 1.7110224589967429e-03,
          1.5230109198118881e-03, 3.2041719407155090e-03,
          3.1584104883032428e-03, 2.4335392465604723e-03,
          4.2118894828639328e-04, 5.4411345215979630e-04,
          2.1779708462833537e-02, -3.7991733834656302e-03,
          5.1549929580048154e-04, 5.7048774766766547e-04,
          -1.8734382134847186e-02, 2.3515370850360870e-03,
          1.3227050612708477e-03, 1.2104559956025141e-03,
          -2.3318905433779226e-03, -3.7991733834656311e-03,
          9.6237602536029934e-02, -1.3154787322299975e-03,
          -4.4690849746600555e-04, 7.6924475895907589e-03,
          -5.8655757711090443e-03, -1.9857100239447879e-03,
          -1.1454138538841572e-03, 1.7110224589967429e-03,
          5.1549929580048154e-04, -1.3154787322299970e-03,
          1.0851137623717177e-02, -1.2067396285693627e-03,
          -5.3422424989667122e-03, 4.4234560276143640e-03,
          4.1251285042856693e-03, 1.8742873057359193e-03,
          1.5230109198118881e-03, 5.7048774766766547e-04,
          -4.4690849746600604e-04, -1.2067396285693622e-03,
          1.4374407556105879e-02, 4.4639635837998433e-04,
          -1.6220286504570067e-02, 5.2807161885798778e-03,
          1.5544092622802002e-03, 3.2041719407155090e-03,
          -1.8734382134847183e-02, 7.6924475895907589e-03,
          -5.3422424989667131e-03, 4.4639635837998427e-04,
          9.5714201631368956e-02 ]
   - !!opencv-matrix
      rows: 9
      cols: 9
      dt: d
      data: [ 2.1030358205108857e-01, 8.9785460470391196e-02,
          6.9522315312799940e-02, 8.8028162440661292e-02,
          7.8478034870252872e-02, 3.3022844463827957e-03,
          -2.1351637759042656e-03, 1.8511226944847432e-02,
          1.7338869662937163e-02, 8.9785460470391196e-02,
          7.1063220375589611e-02, 4.0585269961656539e-02,
          5.7618599269708554e-02, 5.8176258633731270e-02,
          4.5640682927818458e-03, 1.7100197542781879e-02,
          1.5983624384316854e-02, 1.2088998653787994e-02,
          6.9522315312799926e-02, 4.0585269961656539e-02,
          8.8006427568732420e-02, 4.3372785456496282e-02,
          3.8356360818686250e-02, 3.6590203146651865e-03,
          -1.0145395851377402e-02, 1.0082453975361469e-02,
          7.2315809715396287e-03, 8.8028162440661292e-02,
          5.7618599269708567e-02, 4.3372785456496289e-02,
          2.0137805500996783e-01, 6.7561550438270043e-02,
          4.1885215720290966e-03, 2.2863309101474560e-02,
          1.4321660344361706e-02, 1.5839261642013856e-02,
          7.8478034870252872e-02, 5.8176258633731270e-02,
          3.8356360818686250e-02, 6.7561550438270043e-02,
          1.4080631034854363e-01, 3.6110454758583846e-03,
          1.6201146014306309e-02, 1.2599226240610524e-02,
