%YAML:1.0
---
groups:
   - intact
   - CD19
   - blast
intactGmmnames:
   - "intact.607.0"
   - "intact.607.1"
   - "intact.607.2"
   - "intact.607.3"
   - "intact.607.4"
intactLabels:
   - FSC-A
   - SSC-A
   - CD20
   - CD10
   - CD45
   - CD34
   - SYTO41
   - CD19
   - CD38
intactMu: !!opencv-matrix
   rows: 5
   cols: 9
   dt: d
   data: [ 1.1861983304860242e+00, 2.5156765287216382e-01,
       8.2662024764829989e-01, 8.2697359124504033e-01,
       3.3674939919600346e+00, 1.0299027769866649e+00,
       3.0032279027111715e+00, 9.8170714926513991e-01,
       1.5619467609749913e+00, 1.4233976376727751e+00,
       3.5861833233554979e-01, 8.6009679161468044e-01,
       8.5655206311877996e-01, 3.4435334864881435e+00,
       1.0787891008509416e+00, 2.8454325641116109e+00,
       9.9793905920020076e-01, 1.7133591598114897e+00,
       7.6865205202454789e-01, 3.0202264115056460e-01,
       7.6311899271268679e-01, 1.1371076797491186e+00,
       1.2536916208614177e+00, 1.0906041844345169e+00,
       3.3457958813228617e+00, 1.0394653412638055e+00,
       1.4418403416521277e+00, 1.6502900833768550e+00,
       6.2540584706431013e-01, 9.4572497271344202e-01,
       8.9793142862292674e-01, 3.5523911423743835e+00,
       1.1334582679452350e+00, 2.8138139495029515e+00,
       1.0129944914199331e+00, 3.0618273868070207e+00,
       1.9528236081123784e+00, 1.2395410306986283e+00,
       1.2619545851524780e+00, 1.3690739720907517e+00,
       2.7543217634830808e+00, 1.3915736491788926e+00,
       2.8234738604433280e+00, 1.2332004634922478e+00,
       2.1020327920790720e+00 ]
intactSigma:
   - !!opencv-matrix
      rows: 9
      cols: 9
      dt: d
      data: [ 7.7414258606070069e-02, 6.8297969660281298e-03,
          1.3797314563554638e-02, -7.1293636017214672e-04,
          1.3563784761536846e-02, -3.3322801606919775e-03,
          -4.5284066138913011e-02, 1.5960903418978139e-04,
          -5.3024221012173143e-03, 6.8297969660281298e-03,
          5.2424882726639218e-03, 5.2749921568741153e-03,
          1.8926524215946725e-03, 2.5698201034291598e-03,
          -5.3897412820224917e-04, -4.3064357995258084e-03,
          6.8148859981953709e-04, -2.5224975447311624e-03,
          1.3797314563554638e-02, 5.2749921568741162e-03,
          4.2965821381114655e-02, -2.0857512271874839e-03,
          4.2592273046309663e-03, -2.6116029241855072e-04,
          -8.6847476692820270e-03, 7.8242598840983445e-04,
          -6.1518103457294535e-03, -7.1293636017214672e-04,
          1.8926524215946716e-03, -2.0857512271874835e-03,
          4.4422795200994444e-02, 7.7576200977582798e-04,
          -3.7492647873732911e-03, 3.7372198228721048e-04,
          7.1315889158135571e-04, -2.6368427568987766e-03,
          1.3563784761536846e-02, 2.5698201034291593e-03,
          4.2592273046309663e-03, 7.7576200977582830e-04,
          8.7179551452667738e-03, -2.8288646744699638e-03,
          -8.9988948073487229e-03, -8.5031297535756976e-04,
          -3.3206624022492476e-03, -3.3322801606919771e-03,
          -5.3897412820224906e-04, -2.6116029241855099e-04,
          -3.7492647873732915e-03, -2.8288646744699638e-03,
          9.4290881983623703e-02, 1.3995748754314931e-03,
          -2.2562858155072991e-03, 3.1450519457363671e-03,
          -4.5284066138913011e-02, -4.3064357995258084e-03,
          -8.6847476692820252e-03, 3.7372198228721108e-04,
          -8.9988948073487229e-03, 1.3995748754314925e-03,
          4.5342634383240918e-02, 6.6337738345859684e-04,
          3.7017770805861001e-03, 1.5960903418978139e-04,
          6.8148859981953709e-04, 7.8242598840983445e-04,
          7.1315889158135549e-04, -8.5031297535756976e-04,
          -2.2562858155072999e-03, 6.6337738345859695e-04,
          1.2277063821616601e-02, -1.6375909763191067e-03,
          -5.3024221012173169e-03, -2.5224975447311619e-03,
          -6.1518103457294544e-03, -2.6368427568987762e-03,
          -3.3206624022492472e-03, 3.1450519457363675e-03,
          3.7017770805861014e-03, -1.6375909763191063e-03,
          4.5231992682102221e-02 ]
   - !!opencv-matrix
      rows: 9
      cols: 9
      dt: d
      data: [ 8.0581055065304788e-02, 9.3086006642149766e-03,
          1.0980935749109187e-02, 1.9195313395479027e-03,
          7.7224947536424712e-03, -3.9640797044508784e-03,
          -3.4181172807718853e-02, -4.6538538777893021e-05,
          -1.7084302263099708e-02, 9.3086006642149766e-03,
          1.5514905802237147e-02, 9.1898030069512363e-03,
          3.9009965753544137e-03, 6.6941951738093272e-03,
          -2.9434754153238110e-03, -1.3114974191511633e-02,
          1.5569722508556282e-03, -8.1967477254695550e-03,
          1.0980935749109187e-02, 9.1898030069512363e-03,
          4.7343616630376520e-02, -2.6854571752622644e-03,
          3.9679955057964796e-03, 1.2614130075679785e-04,
          -1.6874378200624044e-02, 1.4719288684392190e-04,
          -9.8884206948475443e-03, 1.9195313395479019e-03,
          3.9009965753544142e-03, -2.6854571752622644e-03,
          4.9800031879854614e-02, 3.6121084528817311e-04,
          -2.4204486974942598e-03, -1.8522623959917818e-03,
          1.5834618768133951e-03, -6.8454414208758106e-03,
          7.7224947536424712e-03, 6.6941951738093272e-03,
          3.9679955057964796e-03, 3.6121084528817343e-04,
          1.1103865139481301e-02, -5.0312097401620445e-03,
          -1.4045718030229080e-02, -1.3320428595126452e-03,
          -1.8034840551762606e-03, -3.9640797044508775e-03,
          -2.9434754153238110e-03, 1.2614130075679712e-04,
          -2.4204486974942598e-03, -5.0312097401620463e-03,
          1.3411191149027019e-01, 8.9745256123262805e-03,
          -7.1023561321449733e-04, 2.6267175964193490e-03,
          -3.4181172807718853e-02, -1.3114974191511634e-02,
          -1.6874378200624048e-02, -1.8522623959917810e-03,
          -1.4045718030229080e-02, 8.9745256123262805e-03,
          1.1500088150655061e-01, -1.3715401947207872e-04,
          9.5388176780730870e-03, -4.6538538777893021e-05,
          1.5569722508556286e-03, 1.4719288684392223e-04,
          1.5834618768133947e-03, -1.3320428595126452e-03,
          -7.1023561321449712e-04, -1.3715401947207899e-04,
          1.7722974760134933e-02, -2.4678073224097797e-03,
          -1.7084302263099708e-02, -8.1967477254695498e-03,
          -9.8884206948475408e-03, -6.8454414208758106e-03,
          -1.8034840551762598e-03, 2.6267175964193481e-03,
          9.5388176780730888e-03, -2.4678073224097801e-03,
          1.2796978903717723e-01 ]
   - !!opencv-matrix
      rows: 9
      cols: 9
      dt: d
      data: [ 9.9939844458790172e-02, 2.0572271790612051e-02,
          2.2044030493835347e-02, 2.6590339444341318e-02,
          4.1236340981396495e-02, -1.4557380035691786e-03,
          -2.2398609720890347e-02, 3.2968013011737832e-03,
          1.0680829048795694e-02, 2.0572271790612051e-02,
          1.4578244423580461e-02, 9.6417618466201616e-03,
          1.2675282054223880e-02, 1.7919540641114302e-02,
          9.2917612407260319e-04, 5.3267094251355498e-03,
          3.1575983843089035e-03, 4.8583392399638107e-03,
          2.2044030493835347e-02, 9.6417618466201616e-03,
          5.2475723036795353e-02, 5.2718529260796874e-03,
          1.3296710586536385e-02, 2.1485742988077627e-03,
          -2.1257513686207256e-02, 2.1721383354982673e-03,
          2.2677202791853276e-03, 2.6590339444341315e-02,
          1.2675282054223880e-02, 5.2718529260796882e-03,
          1.3317905946484446e-01, 2.4048532745759351e-02,
          -4.1404870494695821e-03, 1.2474643731026740e-02,
          3.1657124531733164e-03, 8.8041939268796773e-03,
          4.1236340981396495e-02, 1.7919540641114302e-02,
          1.3296710586536385e-02, 2.4048532745759355e-02,
          1.4036083176379097e-01, -1.9400545256188899e-03,
