%YAML:1.0
---
groups:
   - intact
   - CD19
intactGmmnames:
   - "intact.610.0"
   - "intact.610.1"
   - "intact.610.2"
   - "intact.610.3"
   - "intact.610.4"
intactLabels:
   - FSC-A
   - SSC-A
   - CD20
   - CD10
   - CD45
   - CD34
   - SYTO41
   - CD19
   - CD38
intactMu: !!opencv-matrix
   rows: 5
   cols: 9
   dt: d
   data: [ 2.2941246240491369e+00, 1.8960497235946219e+00,
       1.3665878757820611e+00, 1.5495432633278490e+00,
       2.8834004092194765e+00, 1.6069144170846086e+00,
       2.4209427336248837e+00, 1.3604633641287485e+00,
       2.1469941899371596e+00, 1.1837899431211931e+00,
       5.4120423364521419e-01, 9.9312598789888140e-01,
       1.2709965083069197e+00, 1.7931803137935023e+00,
       1.3625035726862100e+00, 2.3008572614710796e+00,
       1.0999097681918339e+00, 1.6180958711468314e+00,
       2.2743562508911506e+00, 2.7024292748042824e+00,
       1.1906148404318653e+00, 2.6982350805913087e+00,
       2.8090203200111508e+00, 1.3545415860775583e+00,
       2.3237846726871934e+00, 1.4845039594946094e+00,
       1.6500463592604178e+00, 1.1364383628220578e+00,
       3.5561774520560974e-01, 9.2001773684088051e-01,
       9.0150824604661595e-01, 3.5688350648203473e+00,
       1.1135267674552820e+00, 2.6296314373406879e+00,
       1.0353235453289555e+00, 1.8036039865984446e+00,
       2.1779642714607577e+00, 2.7596060490756882e+00,
       1.1684033810629901e+00, 2.9802560070865844e+00,
       3.0852744289335488e+00, 1.4190376948236836e+00,
       2.5589279341706064e+00, 1.4781524264523001e+00,
       1.6156132723467793e+00 ]
intactSigma:
   - !!opencv-matrix
      rows: 9
      cols: 9
      dt: d
      data: [ 6.7357044799209354e-01, 3.7899860655791923e-01,
          5.8126669092698237e-02, 1.4677811872608505e-02,
          8.9549631799038659e-02, 3.6078929471528035e-02,
          4.7803988017609572e-02, 5.6388171074829053e-02,
          -6.7387166375259933e-02, 3.7899860655791923e-01,
          6.9596384728859362e-01, 9.4106845567974828e-02,
          5.1687900604096192e-02, 8.3055371098827852e-02,
          -1.8356717935178898e-02, 5.3383806233763827e-02,
          1.2944306791987500e-01, 1.3941535214586197e-03,
          5.8126669092698230e-02, 9.4106845567974801e-02,
          1.9346739713448555e-01, 9.3431335745290361e-02,
          1.3606738806962154e-01, 5.2448460085745351e-02,
          6.1502418244578652e-02, 6.4672497320478362e-02,
          4.9810607832747836e-02, 1.4677811872608502e-02,
          5.1687900604096178e-02, 9.3431335745290361e-02,
          2.2414740601756639e-01, 1.4642622883526113e-01,
          6.7711938438221098e-02, 5.5025662403157836e-02,
          2.8231634995786799e-02, 5.1041738510459754e-02,
          8.9549631799038659e-02, 8.3055371098827852e-02,
          1.3606738806962154e-01, 1.4642622883526113e-01,
          5.6812042503903648e-01, 1.1762242806131028e-01,
          1.4707480053964481e-01, 1.4779058341673765e-02,
          2.4471870338737134e-01, 3.6078929471528021e-02,
          -1.8356717935178905e-02, 5.2448460085745351e-02,
          6.7711938438221111e-02, 1.1762242806131031e-01,
          2.8671881117340958e-01, -8.5320024265590749e-03,
          -2.1867370833069059e-02, 6.9480797864085203e-02,
          4.7803988017609572e-02, 5.3383806233763827e-02,
          6.1502418244578652e-02, 5.5025662403157836e-02,
          1.4707480053964481e-01, -8.5320024265590766e-03,
          2.2076821056194620e-01, 1.5312113234617751e-02,
          1.0696186216320487e-01, 5.6388171074829053e-02,
          1.2944306791987500e-01, 6.4672497320478362e-02,
          2.8231634995786799e-02, 1.4779058341673765e-02,
          -2.1867370833069059e-02, 1.5312113234617751e-02,
          7.8572087377905886e-02, -9.9242264795677097e-03,
          -6.7387166375259933e-02, 1.3941535214586193e-03,
          4.9810607832747850e-02, 5.1041738510459768e-02,
          2.4471870338737139e-01, 6.9480797864085217e-02,
          1.0696186216320487e-01, -9.9242264795677097e-03,
          3.4363476831188433e-01 ]
   - !!opencv-matrix
      rows: 9
      cols: 9
      dt: d
      data: [ 1.5740688797363211e-01, 6.4266252698031490e-02,
          3.6302644166968906e-02, 8.0221546627141579e-03,
          8.2532544647707054e-02, 5.4890878531283056e-02,
          -7.7008278920311812e-02, 1.2322838921015896e-02,
          8.2968338536014918e-05, 6.4266252698031517e-02,
          8.7678716179323643e-02, 3.9432396276932777e-02,
          9.9475760173906563e-03, 1.1536594140081566e-01,
          8.0804406090325631e-02, -6.8448486975173445e-02,
          1.5273577607594018e-02, 2.1613598267185884e-03,
          3.6302644166968906e-02, 3.9432396276932777e-02,
          7.5632566237073984e-02, 1.5543387548721938e-02,
          4.6530557762591823e-02, 2.6903467622361295e-02,
          -8.0354148084667461e-03, 8.5163306338129127e-03,
          5.8057939282941213e-03, 8.0221546627141579e-03,
          9.9475760173906563e-03, 1.5543387548721938e-02,
          1.4735043955911420e-01, 1.1652065957847469e-02,
          -9.5990714224347181e-03, 6.0581369982736125e-02,
          1.6426012249619137e-03, 1.6950763758651077e-02,
          8.2532544647707040e-02, 1.1536594140081566e-01,
          4.6530557762591830e-02, 1.1652065957847468e-02,
          2.8843805203427114e-01, 1.3350082853643366e-01,
          -1.5296689650154890e-01, 1.6213214338146334e-02,
          9.7096700404348882e-03, 5.4890878531283056e-02,
          8.0804406090325631e-02, 2.6903467622361295e-02,
          -9.5990714224347146e-03, 1.3350082853643366e-01,
          1.3418168923099918e-01, -1.0777545604712058e-01,
          1.0589766018024653e-02, -3.4672582633308792e-03,
          -7.7008278920311812e-02, -6.8448486975173445e-02,
          -8.0354148084667443e-03, 6.0581369982736125e-02,
          -1.5296689650154890e-01, -1.0777545604712058e-01,
          3.6884165709355438e-01, -7.3164279335854870e-03,
          2.3367127951851665e-02, 1.2322838921015896e-02,
          1.5273577607594018e-02, 8.5163306338129127e-03,
          1.6426012249619133e-03, 1.6213214338146337e-02,
          1.0589766018024650e-02, -7.3164279335854914e-03,
          9.6545426467147723e-03, -5.3188535327560371e-04,
          8.2968338536015948e-05, 2.1613598267185884e-03,
          5.8057939282941213e-03, 1.6950763758651073e-02,
          9.7096700404348882e-03, -3.4672582633308801e-03,
          2.3367127951851665e-02, -5.3188535327560371e-04,
          1.3060196348104715e-02 ]
   - !!opencv-matrix
      rows: 9
      cols: 9
      dt: d
      data: [ 4.5473412387084550e-01, 2.3688046871021157e-01,
          5.5518122336603526e-02, 5.5309213109879463e-02,
          9.0420053194650199e-02, 3.5200801271577674e-02,
          5.0592172358508228e-02, 3.7376895910913900e-02,
          3.2132424301013589e-02, 2.3688046871021157e-01,
          3.7578955917007040e-01, 5.4106496802161418e-02,
          6.7689578990659333e-02, 8.8019659452442084e-02,
          4.1589437449291701e-02, 7.4426814077868525e-02,
          6.5091890964188479e-02, 3.6880490625135973e-02,
          5.5518122336603519e-02, 5.4106496802161418e-02,
          4.6692294445091764e-02, 1.5906137089132875e-02,
          1.9245534017517694e-02, 1.0658452077735334e-02,
          1.3763118838061271e-02, 9.9429639510547219e-03,
          5.5346422698510350e-03, 5.5309213109879470e-02,
          6.7689578990659333e-02, 1.5906137089132875e-02,
          1.0821555515019940e-01, 6.0371462931518724e-02,
          1.6136071301138113e-02, 2.7781897758645927e-02,
          1.4160959302698279e-02, 1.5814815485625598e-02,
          9.0420053194650199e-02, 8.8019659452442070e-02,
          1.9245534017517690e-02, 6.0371462931518724e-02,
          9.0970707425591157e-02, 2.4621258844105341e-02,
          3.9653120359779158e-02, 1.5829673961144045e-02,
