%YAML:1.0
---
groups:
   - intact
   - CD19
   - blast
intactGmmnames:
   - "intact.625.0"
   - "intact.625.1"
   - "intact.625.2"
   - "intact.625.3"
   - "intact.625.4"
intactLabels:
   - FSC-A
   - SSC-A
   - CD20
   - CD10
   - CD45
   - CD34
   - SYTO41
   - CD19
   - CD38
intactMu: !!opencv-matrix
   rows: 5
   cols: 9
   dt: d
   data: [ 1.0831912279926665e+00, 3.0214576486828870e-01,
       8.5315000088121662e-01, 1.1222092962027763e+00,
       1.0989722003653697e+00, 8.8391530657820461e-01,
       4.0195308698280465e+00, 1.1011124934938468e+00,
       5.6716436466077214e-01, 1.8519823336550134e+00,
       1.1141001240815944e+00, 1.1869966806700663e+00,
       1.2373778005033573e+00, 2.1646372142893529e+00,
       1.1135470857726419e+00, 3.4440190816163767e+00,
       1.2522531122019165e+00, 1.2695360143970573e+00,
       1.2271406283034849e+00, 3.7880901230231784e-01,
       8.6076354978582770e-01, 1.1270111644829763e+00,
       3.4834748475874044e+00, 8.1910117552783357e-01,
       3.2022639863716553e+00, 1.0607027855176354e+00,
       1.7002498380974924e+00, 9.8215502903979579e-01,
       3.0704327515324775e-01, 8.6585294137383262e-01,
       1.1288298936625576e+00, 1.1256667197035484e+00,
       8.7318288162989099e-01, 3.5771104952622856e+00,
       1.0981419793971232e+00, 5.8727535587632762e-01,
       3.0656827136742253e+00, 2.2988561344730760e+00,
       1.2258241170179571e+00, 1.7196538295921817e+00,
       2.8769316729033307e+00, 9.3791095725671303e-01,
       3.6243721230677637e+00, 1.3991245737043427e+00,
       1.2962908288204762e+00 ]
intactSigma:
   - !!opencv-matrix
      rows: 9
      cols: 9
      dt: d
      data: [ 5.6237964668578506e-02, 2.7662141314099874e-03,
          -1.5950075333413534e-03, 3.3217699955554700e-04,
          2.3806822226884383e-03, -3.9822128959945746e-04,
          -8.6761986509107172e-03, 3.5302275033835035e-04,
          1.2229119010986652e-03, 2.7662141314099878e-03,
          2.5073746706298656e-03, 1.2691749322881816e-03,
          6.4495749375672679e-05, 5.5564134005748841e-04,
          -8.1314540603311602e-05, -2.0363974790748443e-04,
          4.1868935739412902e-04, 1.7998096181434729e-04,
          -1.5950075333413531e-03, 1.2691749322881819e-03,
          2.7765878825518207e-02, -1.0958128362285097e-03,
          6.7856458847577342e-04, 3.6436651158841115e-04,
          1.2611240041678733e-03, 4.3732302985270184e-04,
          1.6402244523474054e-04, 3.3217699955554706e-04,
          6.4495749375672706e-05, -1.0958128362285099e-03,
          2.5579005750509124e-03, -2.4582276924865298e-04,
          -3.7961824024047854e-05, -3.4508904537502357e-05,
          4.9501393089238534e-05, -6.4549022718421946e-05,
          2.3806822226884383e-03, 5.5564134005748830e-04,
          6.7856458847577331e-04, -2.4582276924865293e-04,
          9.2677307714191196e-03, -7.9286137113852991e-04,
          -3.2465809191479497e-04, 1.5460122742315044e-04,
          4.0864861070183758e-04, -3.9822128959945773e-04,
          -8.1314540603311602e-05, 3.6436651158841077e-04,
          -3.7961824024047779e-05, -7.9286137113852948e-04,
          1.6667131612098166e-02, -2.6829174640716582e-04,
          -2.9443525934749271e-04, 1.0882711803184733e-03,
          -8.6761986509107172e-03, -2.0363974790748440e-04,
          1.2611240041678733e-03, -3.4508904537502363e-05,
          -3.2465809191479486e-04, -2.6829174640716560e-04,
          4.8900231570025935e-03, -5.4964579429975704e-05,
          -6.0753400669844707e-05, 3.5302275033835030e-04,
          4.1868935739412902e-04, 4.3732302985270200e-04,
          4.9501393089238534e-05, 1.5460122742315047e-04,
          -2.9443525934749271e-04, -5.4964579429975738e-05,
          1.4595645695503455e-03, 1.0858893940953034e-06,
          1.2229119010986650e-03, 1.7998096181434721e-04,
          1.6402244523474051e-04, -6.4549022718422041e-05,
          4.0864861070183725e-04, 1.0882711803184733e-03,
          -6.0753400669844727e-05, 1.0858893940952814e-06,
          1.0250180962928309e-02 ]
   - !!opencv-matrix
      rows: 9
      cols: 9
      dt: d
      data: [ 5.9788641134797504e-01, 3.0002917751455255e-01,
          2.0832267974117955e-02, -5.0792755767377368e-03,
          2.3486631849752898e-01, -6.1916853429884238e-03,
          6.3270250788935917e-02, 3.4158552174424497e-02,
          1.0494649324118810e-01, 3.0002917751455255e-01,
          6.3929433050371565e-01, 9.2260864352065097e-02,
          -6.7169416824275604e-03, 1.5095644181519149e-01,
          9.7242850819900528e-03, -2.5057524351934240e-02,
          1.6948827704898972e-01, 5.0936913805139657e-02,
          2.0832267974117941e-02, 9.2260864352065097e-02,
          1.1011026153791048e-01, 2.3008699988125509e-02,
          2.0151919528000609e-02, 3.1825026895170657e-03,
          6.3854344944996692e-03, 1.2945357902997740e-02,
          3.3764932452795783e-03, -5.0792755767377351e-03,
          -6.7169416824275577e-03, 2.3008699988125509e-02,
          2.6395577662562404e-02, 1.4935338156106786e-03,
          -7.3467786628546696e-04, 3.3130586869565548e-03,
          -1.0678901580965234e-02, -4.3010367180155492e-03,
          2.3486631849752901e-01, 1.5095644181519147e-01,
          2.0151919528000609e-02, 1.4935338156106804e-03,
          6.9060792360153167e-01, 5.1597364468886707e-02,
          4.3738237181330094e-03, -2.5656410925237346e-02,
          4.0729643111870539e-01, -6.1916853429884195e-03,
          9.7242850819900580e-03, 3.1825026895170661e-03,
          -7.3467786628546793e-04, 5.1597364468886707e-02,
          2.1641872749554994e-01, 5.0719460945883648e-03,
          4.2132407516504902e-03, 6.7231131948024284e-02,
          6.3270250788935931e-02, -2.5057524351934240e-02,
          6.3854344944996692e-03, 3.3130586869565544e-03,
          4.3738237181330094e-03, 5.0719460945883666e-03,
          1.4926059671059025e-01, -1.4315524016012326e-02,
          7.1492704930122926e-03, 3.4158552174424511e-02,
          1.6948827704898978e-01, 1.2945357902997740e-02,
          -1.0678901580965234e-02, -2.5656410925237346e-02,
          4.2132407516504910e-03, -1.4315524016012330e-02,
          8.7569500317024748e-02, -6.5932293130196076e-03,
          1.0494649324118811e-01, 5.0936913805139664e-02,
          3.3764932452795765e-03, -4.3010367180155483e-03,
          4.0729643111870539e-01, 6.7231131948024311e-02,
          7.1492704930122882e-03, -6.5932293130196076e-03,
          3.9983358536374736e-01 ]
   - !!opencv-matrix
      rows: 9
      cols: 9
      dt: d
      data: [ 1.2465297205810151e-01, 3.1764908884397286e-02,
          1.0433442432410551e-02, -3.4565341278986215e-04,
          1.7534128145964452e-02, 8.4491466800300907e-03,
          5.5176123166956789e-02, 3.5664059757513264e-03,
          3.7485149542858656e-02, 3.1764908884397286e-02,
          1.9616523391546660e-02, 5.3455331657985003e-03,
          1.2370723036081343e-04, 1.0294681956805579e-02,
          1.9133912338541953e-03, 2.7990593816019513e-02,
          1.4758537578702779e-03, 2.7692982341303379e-02,
          1.0433442432410551e-02, 5.3455331657985012e-03,
          3.0980702170005696e-02, -2.6539443938813472e-04,
          3.1184589598600011e-03, -4.9391325734221060e-04,
          7.2534654392388646e-03, -2.2184714398521967e-04,
          -1.2686420575168328e-03, -3.4565341278986215e-04,
          1.2370723036081338e-04, -2.6539443938813467e-04,
          3.0045130960164607e-03, 4.6742284721617699e-04,
          -6.0313637901743579e-03, 5.3411044740582720e-04,
          -1.4086249875185176e-05, -6.7443265266196756e-05,
          1.7534128145964452e-02, 1.0294681956805579e-02,
          3.1184589598600011e-03, 4.6742284721617704e-04,
          1.4377030043172787e-02, -4.8676781291596451e-03,
