%YAML:1.0
---
groups:
   - intact
   - CD19
   - blast
intactGmmnames:
   - "intact.626.0"
   - "intact.626.1"
   - "intact.626.2"
   - "intact.626.3"
   - "intact.626.4"
intactLabels:
   - FSC-A
   - SSC-A
   - CD20
   - CD10
   - CD45
   - CD34
   - SYTO41
   - CD19
   - CD38
intactMu: !!opencv-matrix
   rows: 5
   cols: 9
   dt: d
   data: [ 1.2674446334077243e+00, 5.1718140028673809e-01,
       9.0485049727450173e-01, 9.7963942597250331e-01,
       1.2031926586261543e+00, 9.2251210746398071e-01,
       3.0575727938805328e+00, 1.0105180575743222e+00,
       8.4254396762155337e-01, 2.1298796007268166e+00,
       1.8085776013909438e+00, 1.3198378666503157e+00,
       1.4467440677600139e+00, 2.3506002410712283e+00,
       1.2353248559625776e+00, 3.1292477897509574e+00,
       1.1712260078808143e+00, 1.9459302194384744e+00,
       1.4446452723380392e+00, 5.1260924814671438e-01,
       8.7978920193936916e-01, 7.6965638298550021e-01,
       3.4109366504769594e+00, 9.2757933924084635e-01,
       2.8462932097449367e+00, 9.3528205945035081e-01,
       2.3750936639523919e+00, 3.0411578517126143e+00,
       3.6223526649635618e+00, 1.1533054851437652e+00,
       2.4768937765648125e+00, 3.0371829354300504e+00,
       1.0578393506629442e+00, 2.9019334799306695e+00,
       1.3419099948821647e+00, 2.0811353771682639e+00,
       1.4355560443570787e+00, 6.7133961724938840e-01,
       9.8881963965813802e-01, 1.1947611015172945e+00,
       1.2990313464886527e+00, 1.0429422787688001e+00,
       3.1462599514466567e+00, 1.0260851421723589e+00,
       9.6686735783150368e-01 ]
intactSigma:
   - !!opencv-matrix
      rows: 9
      cols: 9
      dt: d
      data: [ 6.1537351660713994e-02, 1.2411078193695880e-02,
          6.9700561550380272e-03, 5.7217753269074821e-03,
          1.2410575601304945e-02, -6.3515643932078906e-04,
          6.9043205596868249e-03, 2.0478107508398622e-03,
          5.8710550720214435e-03, 1.2411078193695880e-02,
          1.1684450249249299e-02, 6.4841869394064097e-03,
          4.2062194387906572e-03, 8.0758992329516624e-03,
          -4.6944722672573460e-04, 4.2050335296536763e-03,
          1.5664703169913424e-03, 4.7980168077470017e-03,
          6.9700561550380281e-03, 6.4841869394064097e-03,
          3.5017989089013032e-02, -1.6622947149506698e-03,
          1.1730217279443265e-02, -4.5910345530991687e-04,
          3.3668046975694685e-03, 1.4302326508675324e-03,
          3.7546211703708239e-03, 5.7217753269074795e-03,
          4.2062194387906572e-03, -1.6622947149506691e-03,
          6.8200487155431880e-02, 8.9738412828560075e-03,
          -1.5808203240783680e-03, -3.5478981179406046e-04,
          3.5974584270355772e-04, 7.8681669043733221e-03,
          1.2410575601304950e-02, 8.0758992329516659e-03,
          1.1730217279443268e-02, 8.9738412828560075e-03,
          1.3264680185726407e-01, -4.5230872014376403e-03,
          -9.6249906842450544e-05, 1.7932318541088168e-03,
          9.7885990651636560e-03, -6.3515643932078917e-04,
          -4.6944722672573460e-04, -4.5910345530991671e-04,
          -1.5808203240783674e-03, -4.5230872014376403e-03,
          2.1888420793034426e-03, -4.2909928919232861e-05,
          1.4571403952714496e-05, -8.1173294607134956e-05,
          6.9043205596868258e-03, 4.2050335296536763e-03,
          3.3668046975694685e-03, -3.5478981179406035e-04,
          -9.6249906842450273e-05, -4.2909928919232861e-05,
          1.5082537429308505e-02, 7.4166015605891861e-04,
          1.0443627971992073e-03, 2.0478107508398622e-03,
          1.5664703169913424e-03, 1.4302326508675324e-03,
          3.5974584270355789e-04, 1.7932318541088168e-03,
          1.4571403952714492e-05, 7.4166015605891882e-04,
          3.4561344484512180e-03, 9.0914611133385208e-04,
          5.8710550720214427e-03, 4.7980168077470017e-03,
          3.7546211703708243e-03, 7.8681669043733221e-03,
          9.7885990651636577e-03, -8.1173294607134956e-05,
          1.0443627971992078e-03, 9.0914611133385186e-04,
          9.2346340270143698e-02 ]
   - !!opencv-matrix
      rows: 9
      cols: 9
      dt: d
      data: [ 6.5848827867227422e-01, 2.6834840911548563e-01,
          5.5623962053249557e-02, 6.9663469836525424e-02,
          2.0028576498427483e-02, -4.7764965320807621e-03,
          5.9857963175000292e-02, 2.5889422331361326e-02,
          1.6420330979847454e-02, 2.6834840911548563e-01,
          7.4186979739913494e-01, 6.1389406069908864e-02,
          2.2483784109706520e-01, 1.0893773985545642e-01,
          -2.7167231691516035e-02, -4.1713143205581379e-02,
          8.3637287934801074e-02, 3.8393224997321188e-02,
          5.5623962053249557e-02, 6.1389406069908850e-02,
          1.2779410555136805e-01, 4.5674627450919207e-02,
          2.0277616236598510e-02, 1.4517676204460936e-02,
          2.7029977662495971e-02, 3.5361246110063811e-02,
          3.3283287466788741e-02, 6.9663469836525438e-02,
          2.2483784109706520e-01, 4.5674627450919193e-02,
          3.5882340072905311e-01, -3.3450598446395988e-02,
          -1.0555500066020769e-02, 6.5033540109120432e-03,
          3.0025930357266875e-02, -6.9912245437814463e-02,
          2.0028576498427469e-02, 1.0893773985545642e-01,
          2.0277616236598510e-02, -3.3450598446395995e-02,
          6.6978802423983952e-01, 7.0467597645952437e-02,
          -9.2831612137905722e-02, 1.5490916063266318e-03,
          4.9725659434037639e-01, -4.7764965320807587e-03,
          -2.7167231691516042e-02, 1.4517676204460940e-02,
          -1.0555500066020766e-02, 7.0467597645952409e-02,
          2.0408166824870000e-01, 6.4436742176364435e-03,
          -1.7103714429486470e-02, 1.1831611169189860e-01,
          5.9857963175000271e-02, -4.1713143205581373e-02,
          2.7029977662495978e-02, 6.5033540109120415e-03,
          -9.2831612137905722e-02, 6.4436742176364435e-03,
          1.1969850535028202e-01, -1.7752073207937015e-03,
          -4.0410732229334584e-02, 2.5889422331361323e-02,
          8.3637287934801074e-02, 3.5361246110063818e-02,
          3.0025930357266882e-02, 1.5490916063266328e-03,
          -1.7103714429486470e-02, -1.7752073207937011e-03,
          4.4807738278103415e-02, -1.0176426082038564e-02,
          1.6420330979847460e-02, 3.8393224997321215e-02,
          3.3283287466788741e-02, -6.9912245437814449e-02,
          4.9725659434037639e-01, 1.1831611169189861e-01,
          -4.0410732229334577e-02, -1.0176426082038564e-02,
          5.8947547598597860e-01 ]
   - !!opencv-matrix
      rows: 9
      cols: 9
      dt: d
      data: [ 7.4668077674796454e-02, 2.5287629100715137e-02,
          7.3814600855317712e-03, 2.0007779688271379e-03,
          1.4177928025419333e-02, -9.0397816465719073e-03,
          -7.1037393810694015e-04, 3.2919992887971822e-03,
          1.7076011886268793e-02, 2.5287629100715137e-02,
          2.6797369031298663e-02, 1.0773682268294950e-02,
          2.7929574919048263e-03, 1.3182525135370545e-02,
          -1.5440257632708860e-03, 7.7592455364507292e-04,
          9.0797442523054411e-04, 1.4670353413409139e-02,
          7.3814600855317712e-03, 1.0773682268294950e-02,
          4.0745661452563468e-02, -8.9991826320165837e-04,
          5.4664270318386049e-03, -1.9546090955872152e-03,
          1.2042427489623070e-03, 6.0989428576617801e-04,
          7.0193773294138979e-04, 2.0007779688271379e-03,
          2.7929574919048272e-03, -8.9991826320165870e-04,
          4.2784743864237466e-02, 7.4145913576591997e-04,
          -6.7566904246869636e-03, -8.3142202050658249e-06,
          9.8608427867918620e-04, -1.3976851668299627e-03,
          1.4177928025419333e-02, 1.3182525135370545e-02,
          5.4664270318386049e-03, 7.4145913576591986e-04,
          1.3680002059986004e-02, -4.0154149717544036e-03,
          8.9757060993010055e-04, -1.3118891357377111e-03,
