%YAML:1.0
---
groups:
   - intact
   - CD19
   - blast
intactGmmnames:
   - "intact.628.0"
   - "intact.628.1"
   - "intact.628.2"
   - "intact.628.3"
   - "intact.628.4"
intactLabels:
   - FSC-A
   - SSC-A
   - CD20
   - CD10
   - CD45
   - CD34
   - SYTO41
   - CD19
   - CD38
intactMu: !!opencv-matrix
   rows: 5
   cols: 9
   dt: d
   data: [ 1.5016799549536415e+00, 4.4955682312825729e-01,
       1.0632637885340521e+00, 8.9184836224500141e-01,
       3.7526448992822137e+00, 1.0889303471460758e+00,
       3.8133473330590122e+00, 9.7797885355597236e-01,
       1.6892482598189613e+00, 1.4637202199589721e+00,
       6.8262310356486222e-01, 1.0720415088488369e+00,
       9.5547624489853911e-01, 1.5554937941205322e+00,
       1.4148443150057859e+00, 3.5703152800071352e+00,
       1.0813571056292626e+00, 1.7365146157301796e+00,
       2.0259401671747295e+00, 2.0089026081421402e+00,
       1.5931491934125950e+00, 1.7238616872007306e+00,
       3.3076464104986472e+00, 1.2881500538488584e+00,
       3.8280593196339368e+00, 1.2476596211416806e+00,
       1.8228185233365113e+00, 1.4040638506346625e+00,
       3.0877418496406356e-01, 8.6054591384495260e-01,
       7.2575227934396191e-01, 3.6343399412671973e+00,
       1.0929302124436109e+00, 4.1228589125269437e+00,
       7.8199954996634824e-01, 1.8118909222864781e+00,
       1.5786898546920201e+00, 6.4419237056177547e-01,
       1.0617571213561634e+00, 8.9239842878553832e-01,
       3.7115607818569218e+00, 1.1342204411287125e+00,
       3.6886292383512855e+00, 1.0432993416456831e+00,
       2.4557880390525728e+00 ]
intactSigma:
   - !!opencv-matrix
      rows: 9
      cols: 9
      dt: d
      data: [ 5.3292313601691794e-02, 5.0862189780879839e-03,
          5.2539176057126869e-03, 2.5009256727508379e-03,
          -8.3060935432223361e-04, 3.9948753801807742e-03,
          -1.1257008280473000e-02, 7.7861491226348823e-03,
          4.0323936527888543e-04, 5.0862189780879839e-03,
          1.7371424203186929e-02, 1.1420570446863079e-02,
          3.4358252732383239e-03, 6.3366094214207299e-03,
          9.7740521753923791e-04, -8.2400047936824587e-03,
          4.0708772374402772e-03, -2.2968766874437389e-03,
          5.2539176057126869e-03, 1.1420570446863079e-02,
          7.3505203242346343e-02, -1.9517705748329363e-03,
          3.9251138796513058e-03, 1.2692603975467231e-03,
          -1.7285996800789130e-04, 1.2609050569226512e-04,
          -1.0673915196639007e-03, 2.5009256727508383e-03,
          3.4358252732383243e-03, -1.9517705748329371e-03,
          3.0289310076973271e-02, 1.6444748393772560e-03,
          -6.0425473235794624e-03, -1.3679032725168674e-02,
          5.7585718084410369e-03, -2.3299345292316378e-03,
          -8.3060935432223372e-04, 6.3366094214207299e-03,
          3.9251138796513058e-03, 1.6444748393772562e-03,
          9.0933565082510354e-03, -3.1761824266393554e-03,
          -7.7720954977740118e-03, 2.5238737605952021e-03,
          -3.2404517298909672e-03, 3.9948753801807768e-03,
          9.7740521753923704e-04, 1.2692603975467218e-03,
          -6.0425473235794632e-03, -3.1761824266393545e-03,
          1.4424617367347514e-01, 4.2821554826661798e-03,
          2.4818712167199662e-04, 3.5318713637142031e-03,
          -1.1257008280473001e-02, -8.2400047936824587e-03,
          -1.7285996800789059e-04, -1.3679032725168678e-02,
          -7.7720954977740101e-03, 4.2821554826661824e-03,
          6.1220241823795665e-02, -2.5299693226749846e-02,
          7.1325067205430031e-03, 7.7861491226348823e-03,
          4.0708772374402772e-03, 1.2609050569226495e-04,
          5.7585718084410377e-03, 2.5238737605952021e-03,
          2.4818712167199662e-04, -2.5299693226749846e-02,
          1.8489699177717266e-02, -2.3849007481902542e-03,
          4.0323936527888570e-04, -2.2968766874437393e-03,
          -1.0673915196639000e-03, -2.3299345292316373e-03,
          -3.2404517298909668e-03, 3.5318713637142048e-03,
          7.1325067205430031e-03, -2.3849007481902547e-03,
          1.0556163955383424e-02 ]
   - !!opencv-matrix
      rows: 9
      cols: 9
      dt: d
      data: [ 6.2678980863340839e-01, 2.2212203405199837e-01,
          1.1666278242033661e-01, 1.6422101541501991e-02,
          1.7527827065437504e-01, 1.5304904859070578e-01,
          -5.7414753527762125e-02, 6.3309010906256305e-02,
          7.0398227503256812e-03, 2.2212203405199837e-01,
          1.4773611576772008e-01, 8.3245831136984652e-02,
          1.9560804297959412e-02, 1.0316422038800144e-01,
          8.0026747967028702e-02, -8.9889637633375173e-03,
          3.0414244751495536e-02, 5.5892201390239406e-03,
          1.1666278242033661e-01, 8.3245831136984638e-02,
          1.4771403174409270e-01, 2.5428592047115024e-02,
          7.3298533001159849e-02, 1.9513346703663552e-02,
          6.8526618866712749e-03, 1.6785137895963802e-02,
          4.4580552907759283e-03, 1.6422101541501991e-02,
          1.9560804297959415e-02, 2.5428592047115024e-02,
          5.1087982943301788e-02, 3.0940934151265320e-02,
          5.9272596116725343e-04, -3.6155837980770184e-02,
          2.4762889945682605e-02, -1.1662925085149842e-03,
          1.7527827065437504e-01, 1.0316422038800144e-01,
          7.3298533001159849e-02, 3.0940934151265320e-02,
          2.2981559342033692e-01, 7.6059398740291356e-02,
          -5.6780848983494080e-02, 4.5127438519941013e-02,
          5.4790332525415158e-03, 1.5304904859070578e-01,
          8.0026747967028702e-02, 1.9513346703663541e-02,
          5.9272596116725397e-04, 7.6059398740291370e-02,
          1.2798549634210343e-01, -4.9768654550680483e-02,
          3.2951398941619081e-02, 1.3559418799626523e-03,
          -5.7414753527762125e-02, -8.9889637633375191e-03,
          6.8526618866712741e-03, -3.6155837980770190e-02,
          -5.6780848983494094e-02, -4.9768654550680483e-02,
          2.6447817496124615e-01, -1.1051545720782975e-01,
          1.4150168689437487e-02, 6.3309010906256319e-02,
          3.0414244751495532e-02, 1.6785137895963805e-02,
          2.4762889945682601e-02, 4.5127438519941013e-02,
          3.2951398941619081e-02, -1.1051545720782975e-01,
          6.2287330983086010e-02, -6.0939226302746015e-03,
          7.0398227503256812e-03, 5.5892201390239406e-03,
          4.4580552907759283e-03, -1.1662925085149844e-03,
          5.4790332525415167e-03, 1.3559418799626521e-03,
          1.4150168689437487e-02, -6.0939226302746015e-03,
          3.0835118836116259e-03 ]
   - !!opencv-matrix
      rows: 9
      cols: 9
      dt: d
      data: [ 6.4361537541297553e-01, 6.1406265561160545e-01,
          4.3778277377620961e-03, 1.1085135366369837e-01,
          2.5417899836017659e-02, 6.8061459518750242e-02,
          -2.2262122597768729e-02, 5.5053153694483492e-02,
          3.0805548532521012e-02, 6.1406265561160545e-01,
          2.0861085476658912e+00, -1.9391295251118448e-01,
          6.6527678340510854e-01, -2.2559901688091466e-01,
          7.3303668905278785e-02, -1.7540691595122329e-01,
          1.8381878398824442e-01, -4.7826218115340539e-02,
          4.3778277377620996e-03, -1.9391295251118448e-01,
          4.6097319477323673e-01, -1.5321476783363022e-01,
          5.1183916339944298e-02, 3.7547489512166771e-02,
          3.9911695169704151e-02, 1.0815558723046401e-01,
          -5.3045774749732794e-04, 1.1085135366369837e-01,
          6.6527678340510843e-01, -1.5321476783363022e-01,
          6.9756033534586681e-01, 1.3191683076217030e-02,
          4.0298387641591240e-03, -7.6414217084790001e-02,
          5.3641173920373382e-02, -4.0317861830742013e-02,
          2.5417899836017659e-02, -2.2559901688091466e-01,
          5.1183916339944305e-02, 1.3191683076217030e-02,
          3.3479864786196617e-01, -3.9905629031095305e-02,
