%YAML:1.0
---
groups:
   - intact
   - CD19
   - blast
intactGmmnames:
   - "intact.631.0"
   - "intact.631.1"
   - "intact.631.2"
   - "intact.631.3"
   - "intact.631.4"
intactLabels:
   - FSC-A
   - SSC-A
   - CD20
   - CD10
   - CD45
   - CD34
   - SYTO41
   - CD19
   - CD38
intactMu: !!opencv-matrix
   rows: 5
   cols: 9
   dt: d
   data: [ 1.2968542538153354e+00, 3.3236716290866536e-01,
       1.1944119918943383e+00, 1.2463699998448077e+00,
       3.6985624134418349e+00, 1.1212357136575957e+00,
       2.9041263260089818e+00, 1.1439083758271495e+00,
       1.9714158099994803e+00, 2.2799165478081833e+00,
       2.5441989559864022e+00, 1.7161254009266302e+00,
       2.5252543467685475e+00, 3.4219322485069359e+00,
       1.2962379490378242e+00, 3.0033328338380834e+00,
       1.6617440873099025e+00, 1.9871053385503610e+00,
       1.4945493788301203e+00, 7.5182428668795198e-01,
       1.5247517918904445e+00, 1.6529105480783222e+00,
       1.8287238507028993e+00, 1.2539075781771558e+00,
       3.1609051076588313e+00, 1.2650668577175588e+00,
       2.0397812897893544e+00, 1.6941372796196483e+00,
       5.0993369282651413e-01, 1.1832043576189804e+00,
       1.2412698779416520e+00, 3.7863547515100642e+00,
       1.1413046868846266e+00, 3.0065146804629554e+00,
       1.1737031540184713e+00, 2.3088277449554511e+00,
       1.3792534204056688e+00, 3.6057819734345559e-01,
       2.9052475121653534e+00, 1.2999774264409916e+00,
       3.7190878710158817e+00, 1.2966946264396451e+00,
       2.9561196294927838e+00, 1.7618986401822401e+00,
       1.9923687561840331e+00 ]
intactSigma:
   - !!opencv-matrix
      rows: 9
      cols: 9
      dt: d
      data: [ 1.0069227017830902e-01, 8.2518785311480273e-03,
          3.1278846865088056e-03, -3.5316195341353984e-03,
          9.1375681886743422e-03, -3.6089682919479148e-03,
          -3.6441913416357915e-03, 2.4639720626423761e-03,
          -2.3488943024219688e-03, 8.2518785311480273e-03,
          7.4837448914217451e-03, 6.5473133664697711e-03,
          3.1894590461387460e-03, 5.3869041474724436e-03,
          -5.0759869367597009e-05, -6.5497893434694309e-04,
          2.0053462953782434e-03, -1.7946528257006399e-03,
          3.1278846865088047e-03, 6.5473133664697702e-03,
          7.8613097072354546e-02, -2.1659236748494716e-03,
          5.0634204634974634e-03, -1.5167061452848372e-03,
          1.0197415819586312e-03, 2.3630809801358037e-03,
          -1.9252883044817207e-03, -3.5316195341353988e-03,
          3.1894590461387464e-03, -2.1659236748494716e-03,
          4.2526276920536926e-02, 7.2389050330267431e-04,
          -3.0775369336847806e-03, 2.0677055484636881e-03,
          2.2285795093642362e-03, -7.6783707205034556e-04,
          9.1375681886743405e-03, 5.3869041474724436e-03,
          5.0634204634974643e-03, 7.2389050330267464e-04,
          1.0851040636854865e-02, -1.8376839944924527e-03,
          -9.0778949547011263e-04, 4.8053145587687338e-04,
          -2.2621394835760371e-03, -3.6089682919479165e-03,
          -5.0759869367596785e-05, -1.5167061452848361e-03,
          -3.0775369336847815e-03, -1.8376839944924527e-03,
          1.2889452199947393e-01, 9.4285868868166625e-04,
          2.4698321207048354e-03, 7.9936349869653099e-04,
          -3.6441913416357915e-03, -6.5497893434694299e-04,
          1.0197415819586312e-03, 2.0677055484636881e-03,
          -9.0778949547011230e-04, 9.4285868868166625e-04,
          8.4800553800201770e-03, 8.5642286699877184e-04,
          3.4610426442681813e-04, 2.4639720626423770e-03,
          2.0053462953782434e-03, 2.3630809801358029e-03,
          2.2285795093642362e-03, 4.8053145587687333e-04,
          2.4698321207048354e-03, 8.5642286699877206e-04,
          3.7212051829112844e-02, -1.8746315708633851e-03,
          -2.3488943024219688e-03, -1.7946528257006399e-03,
          -1.9252883044817207e-03, -7.6783707205034589e-04,
          -2.2621394835760371e-03, 7.9936349869653034e-04,
          3.4610426442681808e-04, -1.8746315708633846e-03,
          7.5501643197693150e-03 ]
   - !!opencv-matrix
      rows: 9
      cols: 9
      dt: d
      data: [ 5.0540177858221325e-01, 4.8495311756192816e-01,
          1.1655866990092836e-01, 1.4842539089440887e-01,
          1.3970093824990117e-02, 3.2468387168662030e-02,
          2.8853024523874261e-02, 1.0232024766382550e-01,
          1.5877356852785948e-02, 4.8495311756192816e-01,
          1.2503622125298783e+00, 2.6187492947938501e-01,
          4.5018706370021111e-01, 5.1700504327918638e-02,
          7.6358529193104721e-02, 6.0941503365718422e-02,
          2.5179618613330024e-01, 2.7104103431884848e-02,
          1.1655866990092836e-01, 2.6187492947938501e-01,
          1.3229284385771603e-01, 9.8653246090822544e-02,
          2.9288815098908620e-02, 1.9861497432084145e-02,
          1.6755957617922101e-02, 6.4092553867687224e-02,
          1.2173994913576673e-02, 1.4842539089440890e-01,
          4.5018706370021111e-01, 9.8653246090822544e-02,
          3.9380628806139256e-01, 8.7447111777018222e-02,
          2.7475206664739453e-02, 1.3582686916177172e-02,
          7.9104292439789045e-02, 5.7383824247836364e-03,
          1.3970093824990110e-02, 5.1700504327918638e-02,
          2.9288815098908620e-02, 8.7447111777018208e-02,
          9.8276206472164951e-02, 1.4064084162172335e-03,
          7.7823800803577007e-04, -2.0408608095267328e-03,
          3.0605009792951427e-03, 3.2468387168662030e-02,
          7.6358529193104721e-02, 1.9861497432084142e-02,
          2.7475206664739450e-02, 1.4064084162172352e-03,
          1.2971879727321786e-01, 6.9903325926230714e-03,
          2.0157288021979854e-02, 3.8530299111229397e-03,
          2.8853024523874261e-02, 6.0941503365718422e-02,
          1.6755957617922101e-02, 1.3582686916177172e-02,
          7.7823800803577116e-04, 6.9903325926230714e-03,
          2.1731606986004307e-02, 1.3376390149061753e-02,
          4.0232846649377154e-03, 1.0232024766382550e-01,
          2.5179618613330024e-01, 6.4092553867687224e-02,
          7.9104292439789045e-02, -2.0408608095267306e-03,
          2.0157288021979854e-02, 1.3376390149061751e-02,
          9.9500851742965482e-02, 2.0338810234744706e-03,
          1.5877356852785948e-02, 2.7104103431884848e-02,
          1.2173994913576673e-02, 5.7383824247836373e-03,
          3.0605009792951427e-03, 3.8530299111229406e-03,
          4.0232846649377154e-03, 2.0338810234744706e-03,
          9.3999859967411527e-03 ]
   - !!opencv-matrix
      rows: 9
      cols: 9
      dt: d
      data: [ 3.5296556949080349e-01, 1.8857322360404791e-01,
          8.9350546091204949e-02, 7.0781301544883060e-02,
          1.4836031469426705e-01, 5.1755546756024319e-02,
          2.7384634903217565e-02, 4.9382827937828257e-02,
          8.6073364754973861e-02, 1.8857322360404791e-01,
          2.6765426801121162e-01, 1.1027242852212842e-01,
          8.1865710672822292e-02, 1.8583168806828410e-01,
          7.0540165890394788e-02, 9.1425625271566984e-03,
          7.8046928387155351e-02, 1.0902995196253565e-01,
          8.9350546091204949e-02, 1.1027242852212842e-01,
          1.3417484638975777e-01, 6.7117552665181643e-02,
          9.1144166493258780e-02, 3.0897954512879584e-02,
          1.5530767031191051e-02, 4.3823799599147742e-02,
          4.1754462541743281e-02, 7.0781301544883074e-02,
          8.1865710672822292e-02, 6.7117552665181643e-02,
          1.7729307688679849e-01, 7.4886208728251163e-02,
          5.0142411557280810e-02, -1.4019278545993428e-03,
          4.6017258751641116e-02, 2.1064908706074036e-02,
          1.4836031469426711e-01, 1.8583168806828410e-01,
          9.1144166493258780e-02, 7.4886208728251163e-02,
          2.7209097153685236e-01, 9.7828801329949366e-02,
          6.6210535764123467e-03, 6.2653675987754343e-02,
