%YAML:1.0
---
groups:
   - intact
   - CD19
   - blast
intactGmmnames:
   - "intact.634.0"
   - "intact.634.1"
   - "intact.634.2"
   - "intact.634.3"
   - "intact.634.4"
intactLabels:
   - FSC-A
   - SSC-A
   - CD20
   - CD10
   - CD45
   - CD34
   - SYTO41
   - CD19
   - CD38
intactMu: !!opencv-matrix
   rows: 5
   cols: 9
   dt: d
   data: [ 1.1497565031643782e+00, 5.9099737961824006e-01,
       1.3034304199263627e+00, 1.3267858815338982e+00,
       1.7653270980228857e+00, 1.1513531108489168e+00,
       3.0067996201267899e+00, 1.0895182120709932e+00,
       1.5721238840627578e+00, 1.2200641821047318e+00,
       3.4996568260285582e-01, 1.0367356895572479e+00,
       1.0327151679305209e+00, 3.8466021269392860e+00,
       1.1451803637426436e+00, 2.8746449690245459e+00,
       9.7953391260589084e-01, 1.7778984330402614e+00,
       2.6844760367178009e+00, 3.0656432811824268e+00,
       1.3430038653413523e+00, 2.9687115533693733e+00,
       3.3534782811488539e+00, 1.2466617957357564e+00,
       2.8941104309457231e+00, 1.6802687496673345e+00,
       1.5921905712301496e+00, 2.3835365113475051e+00,
       1.8289560923534465e+00, 1.5576647489493274e+00,
       1.6325415599859368e+00, 3.2304199096929480e+00,
       1.5040689395773952e+00, 2.9604647221171208e+00,
       1.4442564820429475e+00, 2.4124963350083299e+00,
       1.8522890849099913e+00, 2.6469771077687891e+00,
       1.2928386896319106e+00, 2.5748303860520023e+00,
       2.7606299650793358e+00, 1.2028984006231433e+00,
       2.3977217092098209e+00, 1.6503596081216656e+00,
       1.3759554334769042e+00 ]
intactSigma:
   - !!opencv-matrix
      rows: 9
      cols: 9
      dt: d
      data: [ 1.8078733687035431e-01, 6.7786928051315781e-02,
          5.6337037459192392e-02, 5.1800521659990988e-02,
          6.3342474116810141e-02, 6.5871567176929609e-03,
          -9.6412307537758982e-03, 2.2204847524048270e-02,
          3.7706380715005580e-02, 6.7786928051315781e-02,
          7.3931090197869725e-02, 5.7215360621161837e-02,
          6.1481606331218366e-02, 7.2586176732124863e-02,
          7.5199671169887570e-03, 1.5314585724725325e-02,
          1.8666960834072453e-02, 4.5288767785999447e-02,
          5.6337037459192392e-02, 5.7215360621161837e-02,
          9.6946877116286273e-02, 4.7185218165821080e-02,
          6.1291506534663927e-02, 4.6652964424134385e-03,
          1.8127439933075289e-02, 1.4980303555578334e-02,
          3.8647910440094531e-02, 5.1800521659990988e-02,
          6.1481606331218353e-02, 4.7185218165821080e-02,
          1.7371610816204563e-01, 9.4138994428913880e-02,
          4.2358151356109630e-03, 2.8772650346312729e-02,
          1.4563889612347477e-02, 6.8407210901289608e-02,
          6.3342474116810141e-02, 7.2586176732124863e-02,
          6.1291506534663927e-02, 9.4138994428913880e-02,
          1.6752907970962852e-01, 7.2405246049703125e-03,
          3.2461765009848591e-02, 1.4795662845730355e-02,
          8.5540595564461211e-02, 6.5871567176929635e-03,
          7.5199671169887570e-03, 4.6652964424134403e-03,
          4.2358151356109638e-03, 7.2405246049703125e-03,
          2.9844343270473424e-02, 3.7527306948497868e-03,
          1.0067198590573442e-03, 4.6123635627915230e-03,
          -9.6412307537758965e-03, 1.5314585724725322e-02,
          1.8127439933075289e-02, 2.8772650346312729e-02,
          3.2461765009848591e-02, 3.7527306948497855e-03,
          1.3439629302196412e-01, -2.1206341605726084e-02,
          3.1003058240945559e-02, 2.2204847524048270e-02,
          1.8666960834072453e-02, 1.4980303555578334e-02,
          1.4563889612347477e-02, 1.4795662845730355e-02,
          1.0067198590573440e-03, -2.1206341605726087e-02,
          2.5984463159353877e-02, 3.8562715628641941e-03,
          3.7706380715005573e-02, 4.5288767785999447e-02,
          3.8647910440094531e-02, 6.8407210901289608e-02,
          8.5540595564461239e-02, 4.6123635627915230e-03,
          3.1003058240945562e-02, 3.8562715628641941e-03,
          9.1030137474618689e-02 ]
   - !!opencv-matrix
      rows: 9
      cols: 9
      dt: d
      data: [ 1.2786863908407153e-01, 2.7300590920522280e-02,
          2.0523967401504892e-02, 1.0517753957144787e-02,
          2.4635057482918148e-02, 1.8217200179863439e-03,
          -6.0500788293419774e-02, 1.2216908973506063e-02,
          1.2842409562429977e-02, 2.7300590920522280e-02,
          1.7122493400529997e-02, 1.1028568181559423e-02,
          7.1897541808669842e-03, 9.4448895097799020e-03,
          9.4396867965643237e-04, -1.6389182942190654e-02,
          4.9299593488151871e-03, 7.4075806058869929e-03,
          2.0523967401504892e-02, 1.1028568181559423e-02,
          8.0150378051382462e-02, -1.5571947734789979e-03,
          8.6873018132888405e-03, 6.4859803336949078e-04,
          -9.1853240216083331e-03, 5.2541227391528847e-03,
          -2.2964434683466834e-02, 1.0517753957144787e-02,
          7.1897541808669842e-03, -1.5571947734789983e-03,
          5.3143612711058115e-02, 5.9162878622106927e-03,
          -7.6184556578384709e-03, -7.8312237445871142e-03,
          2.1402435770291012e-03, -8.2477803727564226e-03,
          2.4635057482918148e-02, 9.4448895097799003e-03,
          8.6873018132888422e-03, 5.9162878622106927e-03,
          1.2803792294784179e-02, -1.9929294920686285e-03,
          -1.5613586349796815e-02, 1.4508086867989175e-03,
          -7.0844670226183938e-03, 1.8217200179863435e-03,
          9.4396867965643194e-04, 6.4859803336949067e-04,
          -7.6184556578384709e-03, -1.9929294920686281e-03,
          1.6071936464090461e-01, 3.6930493839226183e-04,
          3.4779190901464735e-03, 1.1543140034160633e-02,
          -6.0500788293419774e-02, -1.6389182942190654e-02,
          -9.1853240216083331e-03, -7.8312237445871142e-03,
          -1.5613586349796817e-02, 3.6930493839226091e-04,
          5.4440608492262975e-02, -5.7497960535119845e-03,
          -8.2732437306679476e-03, 1.2216908973506063e-02,
          4.9299593488151879e-03, 5.2541227391528847e-03,
          2.1402435770291020e-03, 1.4508086867989170e-03,
          3.4779190901464752e-03, -5.7497960535119810e-03,
          4.7013081001443482e-02, 3.3556513298030078e-04,
          1.2842409562429975e-02, 7.4075806058869929e-03,
          -2.2964434683466834e-02, -8.2477803727564226e-03,
          -7.0844670226183938e-03, 1.1543140034160633e-02,
          -8.2732437306679476e-03, 3.3556513298030067e-04,
          3.1610540421688144e-01 ]
   - !!opencv-matrix
      rows: 9
      cols: 9
      dt: d
      data: [ 4.9154908043648587e-01, 1.6223032708385762e-01,
          3.6492134257649154e-02, -8.0467526081200533e-03,
          1.9474548930148976e-02, 1.9088339721119070e-03,
          -4.8784108119137026e-02, 3.7583349933980104e-02,
          3.9793779758756281e-02, 1.6223032708385762e-01,
          3.3791970262342752e-01, 3.9793366176362352e-02,
          2.8025482706021971e-02, 2.2841810212498110e-02,
          1.4653120589865011e-02, -9.8779659538308657e-03,
          6.9616637970928999e-02, 1.5474965248793004e-02,
          3.6492134257649154e-02, 3.9793366176362352e-02,
          6.0343166654609801e-02, 5.0662179822721261e-03,
          4.1657846653973801e-03, 4.8718531625565886e-03,
          -1.3531937810246674e-03, 1.0245513950165614e-02,
          4.6202236646867342e-03, -8.0467526081200585e-03,
          2.8025482706021974e-02, 5.0662179822721261e-03,
          7.5127425959617841e-02, 1.1895025187953014e-02,
          8.8821331868169026e-03, -5.4753932716161756e-04,
          5.6139557004917370e-03, -3.8963723001941807e-03,
          1.9474548930148970e-02, 2.2841810212498103e-02,
          4.1657846653973792e-03, 1.1895025187953014e-02,
          1.8159917518183733e-02, -4.8161431900182512e-04,
          -4.7103925006125539e-03, 3.1456699699252974e-03,
