%YAML:1.0
---
groups:
   - intact
   - CD19
   - blast
intactGmmnames:
   - "intact.635.0"
   - "intact.635.1"
   - "intact.635.2"
   - "intact.635.3"
   - "intact.635.4"
intactLabels:
   - FSC-A
   - SSC-A
   - CD20
   - CD10
   - CD45
   - CD34
   - SYTO41
   - CD19
   - CD38
intactMu: !!opencv-matrix
   rows: 5
   cols: 9
   dt: d
   data: [ 1.5240270945398076e+00, 5.2646529251400664e-01,
       9.6646100606634489e-01, 9.4340055740769280e-01,
       3.7474845878576302e+00, 1.1284834328013047e+00,
       2.7287478957751570e+00, 1.1061071824698585e+00,
       2.7999795947749626e+00, 2.5270173822118620e+00,
       3.3288134687080104e+00, 1.3325288438618585e+00,
       2.7064524529946627e+00, 2.9941294919044354e+00,
       1.1577392101865978e+00, 2.9815125314481632e+00,
       1.7382640299361511e+00, 1.6929839326375247e+00,
       1.3879333579656059e+00, 7.2776332193315285e-01,
       9.7316029235751422e-01, 1.0340203560898482e+00,
       1.5624821750921898e+00, 1.1831240709669211e+00,
       2.0868767727373045e+00, 1.2052549091291507e+00,
       1.3238442789062332e+00, 1.2737950801312052e+00,
       2.9945275242105851e-01, 9.4953702459190048e-01,
       9.0596356682385371e-01, 3.7400270262373465e+00,
       1.0963916462023493e+00, 3.0773314056458467e+00,
       1.0175952296584447e+00, 1.5649897217233575e+00,
       2.2099478699208013e+00, 2.1026766955267551e+00,
       1.4408172863323117e+00, 1.9939775027725324e+00,
       2.8862737887316094e+00, 1.3232603924738493e+00,
       3.1679312396994153e+00, 1.4330589692422562e+00,
       2.0771049142281783e+00 ]
intactSigma:
   - !!opencv-matrix
      rows: 9
      cols: 9
      dt: d
      data: [ 4.3886816596498721e-02, 7.4476792356708375e-03,
          3.6781425839779009e-03, 2.2483374932896955e-03,
          1.7174232397486929e-04, 8.8651825179731660e-04,
          -1.3075205809291982e-02, 7.1880933157739873e-03,
          1.9000326256302696e-04, 7.4476792356708392e-03,
          1.1221973832133813e-02, 5.3295013673550018e-03,
          3.6541473696813064e-03, 2.1520534987858105e-03,
          2.9180725209778102e-03, -6.8662564644087175e-03,
          5.6625323824643550e-03, 1.3129920094800202e-02,
          3.6781425839779018e-03, 5.3295013673550018e-03,
          6.5378480847201728e-02, -2.4876557698601978e-03,
          4.0885923970443647e-03, -1.7062455451917748e-04,
          -1.6690403831783754e-03, 1.3271811811152207e-03,
          -4.0898037094024243e-03, 2.2483374932896955e-03,
          3.6541473696813072e-03, -2.4876557698601969e-03,
          4.0014938089195817e-02, 1.4087588743531105e-03,
          -4.1933053406186943e-03, -1.6378921329470119e-02,
          7.3931331319636914e-03, 1.2531202331553895e-02,
          1.7174232397486946e-04, 2.1520534987858110e-03,
          4.0885923970443638e-03, 1.4087588743531101e-03,
          1.2064720493136156e-02, -2.8761260824078823e-03,
          1.0263270189334575e-03, -1.4896763041011814e-03,
          -1.3349117146428797e-02, 8.8651825179731681e-04,
          2.9180725209778107e-03, -1.7062455451917648e-04,
          -4.1933053406186943e-03, -2.8761260824078836e-03,
          1.4857721513123803e-01, -3.8734045062939495e-03,
          3.5847044564621890e-03, 4.0907458968541859e-02,
          -1.3075205809291982e-02, -6.8662564644087175e-03,
          -1.6690403831783759e-03, -1.6378921329470116e-02,
          1.0263270189334575e-03, -3.8734045062939495e-03,
          1.5568660113650049e-01, -3.5374276090087767e-02,
          -4.9127494946884245e-02, 7.1880933157739873e-03,
          5.6625323824643550e-03, 1.3271811811152211e-03,
          7.3931331319636914e-03, -1.4896763041011818e-03,
          3.5847044564621890e-03, -3.5374276090087767e-02,
          4.3566210557314439e-02, 2.1247828091453091e-02,
          1.9000326256302696e-04, 1.3129920094800202e-02,
          -4.0898037094024243e-03, 1.2531202331553897e-02,
          -1.3349117146428797e-02, 4.0907458968541859e-02,
          -4.9127494946884245e-02, 2.1247828091453091e-02,
          2.6369896146824101e-01 ]
   - !!opencv-matrix
      rows: 9
      cols: 9
      dt: d
      data: [ 2.0528711972675492e-01, 1.2542468018911040e-01,
          2.0218127452292557e-02, -1.7790862914032247e-02,
          -1.2039779200881656e-02, 2.1735020336235639e-03,
          -2.1134473279225515e-02, 3.1054366035071557e-02,
          1.6471024619141017e-02, 1.2542468018911043e-01,
          3.3733316114786310e-01, 4.2056997097446265e-02,
          3.6216953603991915e-02, 2.0947967909419066e-02,
          8.5152452580776021e-03, -4.8961163389076086e-02,
          7.1308122618801859e-02, 3.3780640575599159e-02,
          2.0218127452292553e-02, 4.2056997097446265e-02,
          4.3533394558515875e-02, 6.2071750005083508e-03,
          2.9786527634937886e-03, 1.8765812722893625e-03,
          -9.6184898816487306e-03, 9.2331097438489666e-03,
          4.6837071725873728e-03, -1.7790862914032247e-02,
          3.6216953603991915e-02, 6.2071750005083508e-03,
          9.1479725930360481e-02, 2.7231300896885691e-02,
          3.9420470172338686e-03, -1.3941487570145636e-02,
          8.3512484662563082e-03, 1.9838345154994082e-03,
          -1.2039779200881656e-02, 2.0947967909419066e-02,
          2.9786527634937895e-03, 2.7231300896885691e-02,
          2.8641263119739677e-02, 1.8199462697453259e-04,
          -1.1950416058159091e-02, 5.2264307012939958e-03,
          6.0453891008463998e-04, 2.1735020336235648e-03,
          8.5152452580776004e-03, 1.8765812722893629e-03,
          3.9420470172338686e-03, 1.8199462697453302e-04,
          6.1613186833515667e-02, -1.7718389371965150e-03,
          2.3969886280297819e-03, 2.7534667842057732e-03,
          -2.1134473279225519e-02, -4.8961163389076086e-02,
          -9.6184898816487306e-03, -1.3941487570145635e-02,
          -1.1950416058159091e-02, -1.7718389371965150e-03,
          1.0367789280605116e-01, -2.6266080980380465e-02,
          -5.8449790122523694e-03, 3.1054366035071557e-02,
          7.1308122618801859e-02, 9.2331097438489683e-03,
          8.3512484662563100e-03, 5.2264307012939958e-03,
          2.3969886280297806e-03, -2.6266080980380458e-02,
          3.7928843969713841e-02, 1.5041998053396447e-03,
          1.6471024619141017e-02, 3.3780640575599159e-02,
          4.6837071725873720e-03, 1.9838345154994082e-03,
          6.0453891008463933e-04, 2.7534667842057715e-03,
          -5.8449790122523711e-03, 1.5041998053396440e-03,
          7.6645384032517055e-02 ]
   - !!opencv-matrix
      rows: 9
      cols: 9
      dt: d
      data: [ 2.5231482440092695e-01, 6.2396410945584888e-02,
          2.0863329765709034e-02, 1.4687409793395204e-02,
          2.1745730115370395e-02, 5.7417675147348622e-04,
          -5.8526256148151226e-02, 2.1391470695355522e-02,
          -6.2179506049145664e-05, 6.2396410945584901e-02,
          4.5908916807501104e-01, -4.1658471545149324e-02,
          -8.9996238753051721e-03, -5.0473318993067964e-02,
          -9.0842370149009713e-03, 1.6991893862700270e-02,
          1.3053353365520770e-01, -6.1188459103012918e-02,
          2.0863329765709041e-02, -4.1658471545149324e-02,
          1.1368341825899678e-01, 2.6542736627903664e-02,
          1.6846608655529033e-02, 5.1454450459406265e-03,
          5.9541081204239912e-02, -1.5093072525090182e-02,
          1.5816299812259290e-02, 1.4687409793395204e-02,
          -8.9996238753051721e-03, 2.6542736627903664e-02,
          6.8451578593849011e-02, 2.8152568618654776e-02,
          6.0880766459445821e-03, 2.3191366446631469e-02,
          -2.2163064221316872e-03, 1.7535438146533550e-02,
          2.1745730115370395e-02, -5.0473318993067964e-02,
          1.6846608655529033e-02, 2.8152568618654776e-02,
          8.1212391543983589e-02, 1.8368686650738705e-02,
