%YAML:1.0
---
groups:
   - intact
   - CD19
   - blast
intactGmmnames:
   - "intact.650.0"
   - "intact.650.1"
   - "intact.650.2"
   - "intact.650.3"
   - "intact.650.4"
intactLabels:
   - FSC-A
   - SSC-A
   - CD20
   - CD10
   - CD45
   - CD34
   - SYTO41
   - CD19
   - CD38
intactMu: !!opencv-matrix
   rows: 5
   cols: 9
   dt: d
   data: [ 1.7446651050246320e+00, 5.8851677959775972e-01,
       1.0494267476848498e+00, 9.3985191457581352e-01,
       3.7330218744010772e+00, 1.1183738140495778e+00,
       2.8158811370079109e+00, 1.1973570526392161e+00,
       3.0760901226232131e+00, 2.4747676881520895e+00,
       2.7894455939904610e+00, 1.2968179255105636e+00,
       2.4445789353388414e+00, 3.1386252796000345e+00,
       1.2863983510482122e+00, 3.2368701257829962e+00,
       1.8114850722598510e+00, 1.6403447793432828e+00,
       1.2423933727613574e+00, 2.2654734636179705e-01,
       9.3235326872854329e-01, 8.7797074448380019e-01,
       3.6204548334275106e+00, 1.0935797676573633e+00,
       3.2435505263801079e+00, 9.0799638031239105e-01,
       1.8616069860046101e+00, 1.5068483889740643e+00,
       3.9223694960777861e-01, 1.0370995736355646e+00,
       1.1623034726520607e+00, 3.7462232902363461e+00,
       1.0925225057602566e+00, 3.0483648772289453e+00,
       1.0558749908241527e+00, 1.6686721496757775e+00,
       1.0798587298538036e+00, 4.8779656060821136e-01,
       1.1742266509153805e+00, 1.2073539230041435e+00,
       1.6413159091949450e+00, 1.2190756660077517e+00,
       3.2525822833311437e+00, 9.2862694645439570e-01,
       1.5733842996613030e+00 ]
intactSigma:
   - !!opencv-matrix
      rows: 9
      cols: 9
      dt: d
      data: [ 5.5078819425862589e-02, 4.5800733331166407e-03,
          2.2902662120355415e-03, 4.5134377399876210e-04,
          2.0188965854627479e-04, 1.6114999242253713e-03,
          -5.0087847859757338e-03, 3.2009284250890417e-03,
          1.3940701915124937e-03, 4.5800733331166407e-03,
          1.1926167858002844e-02, 4.0103523447494183e-03,
          1.8962900951131239e-03, 3.5440845731859066e-03,
          -3.0550757755991705e-04, -2.1559173562419871e-03,
          6.3787830252643278e-03, 1.2125443321004181e-02,
          2.2902662120355402e-03, 4.0103523447494165e-03,
          5.3137197714537412e-02, -5.7809998802928336e-03,
          8.7330398904998056e-04, -1.9582644336267048e-03,
          2.3356170749430517e-03, 1.0548700252038488e-03,
          2.2542297462874190e-03, 4.5134377399876205e-04,
          1.8962900951131239e-03, -5.7809998802928336e-03,
          3.9630711652587622e-02, 1.1897764399787405e-03,
          -5.0766144360509004e-03, -1.5305925782252683e-03,
          9.0396867234993766e-04, 5.3230908425405590e-04,
          2.0188965854627501e-04, 3.5440845731859070e-03,
          8.7330398904998088e-04, 1.1897764399787405e-03,
          9.4904278392410803e-03, 2.3195247917675018e-04,
          -2.4608185711522015e-03, 4.8966586295180834e-03,
          4.1704143713681687e-03, 1.6114999242253709e-03,
          -3.0550757755991786e-04, -1.9582644336267039e-03,
          -5.0766144360508986e-03, 2.3195247917675012e-04,
          1.4918073951744368e-01, -1.6912927449108146e-04,
          -3.4629184493879411e-03, -3.3771950692378498e-03,
          -5.0087847859757329e-03, -2.1559173562419871e-03,
          2.3356170749430517e-03, -1.5305925782252686e-03,
          -2.4608185711522015e-03, -1.6912927449108111e-04,
          1.5946322104559051e-02, -3.2149967363696674e-03,
          -2.8642952162507957e-03, 3.2009284250890417e-03,
          6.3787830252643278e-03, 1.0548700252038482e-03,
          9.0396867234993864e-04, 4.8966586295180834e-03,
          -3.4629184493879402e-03, -3.2149967363696670e-03,
          7.7398754630433497e-02, 1.2972371303534274e-03,
          1.3940701915124926e-03, 1.2125443321004183e-02,
          2.2542297462874190e-03, 5.3230908425405590e-04,
          4.1704143713681687e-03, -3.3771950692378511e-03,
          -2.8642952162507961e-03, 1.2972371303534268e-03,
          8.0659026839184203e-02 ]
   - !!opencv-matrix
      rows: 9
      cols: 9
      dt: d
      data: [ 4.2502326043946975e-01, 2.9615062492621597e-01,
          -1.3615052810200519e-02, 3.2262007136541371e-02,
          1.7487555118799358e-02, -1.8263159083636460e-03,
          -3.4731397322504035e-02, 3.8257217646111064e-02,
          -2.0070035535217159e-02, 2.9615062492621597e-01,
          7.6862841394630610e-01, -3.4223668613643322e-02,
          2.2988832623884514e-01, -1.4929232370216641e-02,
          -2.1109889149721964e-02, -8.5997036476704869e-02,
          1.5898436910113967e-01, -1.2663463084909532e-01,
          -1.3615052810200520e-02, -3.4223668613643329e-02,
          1.4411781985962863e-01, -3.9238037844245455e-02,
          -1.0940851899203267e-03, 3.1507067321106461e-02,
          1.5125720007617300e-02, 3.7682383302878528e-02,
          3.5298523617927874e-02, 3.2262007136541371e-02,
          2.2988832623884514e-01, -3.9238037844245455e-02,
          4.0881445802142646e-01, -3.4294127906085228e-03,
          -6.7587532652843806e-03, -2.8064358180627313e-02,
          7.1703681078538098e-02, -7.4645801332424641e-02,
          1.7487555118799358e-02, -1.4929232370216641e-02,
          -1.0940851899203241e-03, -3.4294127906085181e-03,
          1.1093187670327313e-01, -1.3831822984433004e-02,
          -4.8161763498100049e-03, -7.5686037231333034e-03,
          2.0433818368962207e-02, -1.8263159083636460e-03,
          -2.1109889149721967e-02, 3.1507067321106461e-02,
          -6.7587532652843858e-03, -1.3831822984433004e-02,
          1.4288520001884156e-01, 8.5801624614023526e-03,
          7.8654217885686627e-03, 4.0989661563301923e-02,
          -3.4731397322504035e-02, -8.5997036476704869e-02,
          1.5125720007617300e-02, -2.8064358180627302e-02,
          -4.8161763498100040e-03, 8.5801624614023509e-03,
          6.5160922618426959e-02, -2.6995895887116237e-02,
          1.2312722711027665e-02, 3.8257217646111064e-02,
          1.5898436910113964e-01, 3.7682383302878528e-02,
          7.1703681078538098e-02, -7.5686037231333034e-03,
          7.8654217885686609e-03, -2.6995895887116237e-02,
          1.1371997077323030e-01, -3.4343916241681101e-02,
          -2.0070035535217159e-02, -1.2663463084909532e-01,
          3.5298523617927881e-02, -7.4645801332424641e-02,
          2.0433818368962200e-02, 4.0989661563301916e-02,
          1.2312722711027665e-02, -3.4343916241681108e-02,
          1.6789434430274441e-01 ]
   - !!opencv-matrix
      rows: 9
      cols: 9
      dt: d
      data: [ 8.5856479373492930e-02, 5.7059339402628743e-03,
          8.8355647964184075e-03, 4.3628179425164388e-03,
          1.4335720633872430e-02, -3.3585643874590280e-03,
          -3.4999050607484858e-02, 1.6878800669900253e-02,
          -3.3933904223585982e-03, 5.7059339402628743e-03,
          3.9341592271861315e-03, 4.0400554142050781e-03,
          1.3160731447278752e-03, 2.1264521362385582e-03,
          4.4076753691672891e-04, -2.0239876460680546e-03,
          3.1851766487792053e-03, -3.5227183954031674e-03,
          8.8355647964184075e-03, 4.0400554142050781e-03,
          6.0893871115151599e-02, -3.8110613348666103e-03,
          3.5079081960713754e-03, 1.3372610521219918e-03,
          -1.7838275616471261e-03, 4.1406722934251286e-03,
          -1.4398453712598416e-02, 4.3628179425164388e-03,
          1.3160731447278752e-03, -3.8110613348666090e-03,
          3.5359414541010062e-02, 1.4964561706446704e-03,
          -5.4305283256803815e-03, -2.5299231954681442e-03,
          1.8380717561607451e-03, -3.9255272340686801e-03,
          1.4335720633872430e-02, 2.1264521362385582e-03,
          3.5079081960713754e-03, 1.4964561706446711e-03,
          7.6364133833423040e-03, -1.8224610518078783e-03,
