%YAML:1.0
---
groups:
   - intact
   - CD19
   - blast
intactGmmnames:
   - "intact.653.0"
   - "intact.653.1"
   - "intact.653.2"
   - "intact.653.3"
   - "intact.653.4"
intactLabels:
   - FSC-A
   - SSC-A
   - CD20
   - CD10
   - CD45
   - CD34
   - SYTO41
   - CD19
   - CD38
intactMu: !!opencv-matrix
   rows: 5
   cols: 9
   dt: d
   data: [ 1.2052286885217425e+00, 2.6156524608106929e-01,
       9.3397834447869299e-01, 8.6995963867881321e-01,
       3.5501796445052771e+00, 1.0428227099303038e+00,
       2.6707796475436401e+00, 1.0470370403214808e+00,
       1.7671116966511367e+00, 2.0358109941797653e+00,
       1.6018989842486986e+00, 1.4728251907345653e+00,
       1.4002596442340618e+00, 2.4549901161333616e+00,
       1.6797156716278800e+00, 2.3565547119974526e+00,
       1.5877149612704962e+00, 1.9500242044716118e+00,
       2.5267152259727630e+00, 3.0588551408853011e+00,
       1.2915438243996566e+00, 2.8203101905792285e+00,
       2.9582747046549858e+00, 1.1689171390993842e+00,
       2.5447488214093670e+00, 1.9290271059469835e+00,
       1.7113357027928155e+00, 1.0935619313686902e+00,
       3.8303707876910958e-01, 1.0531107207826704e+00,
       1.0555207848686678e+00, 1.5004102396056085e+00,
       1.0692661535595567e+00, 2.4230749919826162e+00,
       9.8230571392867483e-01, 1.4266216836773009e+00,
       1.4618282216289127e+00, 4.5677225984694458e-01,
       1.0576130556943144e+00, 1.0079740748154939e+00,
       3.6766014851766644e+00, 1.0607161861835963e+00,
       2.3829661322621618e+00, 1.1944179980739846e+00,
       1.9368595643550992e+00 ]
intactSigma:
   - !!opencv-matrix
      rows: 9
      cols: 9
      dt: d
      data: [ 4.0445188305739684e-02, 5.0155869346999657e-03,
          6.9709823170347827e-03, 1.6015641940335403e-03,
          8.7868783171793554e-03, -4.0901245598243854e-04,
          -2.3307076764739799e-02, 8.0186555315200879e-03,
          -4.1592646147885397e-03, 5.0155869346999657e-03,
          4.8488481795552381e-03, 5.1892252116760686e-03,
          9.4652177124301842e-04, 3.4826420353335319e-03,
          2.7052345168314585e-04, -6.2620033707689836e-03,
          3.5503282246816289e-03, -5.0158088620076849e-03,
          6.9709823170347827e-03, 5.1892252116760686e-03,
          6.5687919430128514e-02, -2.6019456845032159e-03,
          3.0907700717734622e-03, -3.3108618516497755e-03,
          -6.4275363933875311e-03, 4.2278121109486106e-03,
          -7.9072094969201909e-03, 1.6015641940335407e-03,
          9.4652177124301842e-04, -2.6019456845032159e-03,
          4.2435968880710266e-02, 1.2599481436955746e-03,
          -4.4897477560928364e-03, -3.7043746199226556e-03,
          4.1496697990034857e-03, -2.9564132356968307e-03,
          8.7868783171793554e-03, 3.4826420353335319e-03,
          3.0907700717734622e-03, 1.2599481436955746e-03,
          1.0396036455619210e-02, -2.5584807122400084e-03,
          -1.1856814823759911e-02, 3.3956250731062808e-03,
          -5.5825857781682505e-03, -4.0901245598243838e-04,
          2.7052345168314575e-04, -3.3108618516497755e-03,
          -4.4897477560928356e-03, -2.5584807122400093e-03,
          1.2698937771076688e-01, 2.6518260676922084e-04,
          2.4061156647439690e-03, 2.5107275862071518e-03,
          -2.3307076764739799e-02, -6.2620033707689836e-03,
          -6.4275363933875311e-03, -3.7043746199226556e-03,
          -1.1856814823759915e-02, 2.6518260676922095e-04,
          5.3584096213601801e-02, -1.4346893664837969e-02,
          1.0082986867064095e-02, 8.0186555315200879e-03,
          3.5503282246816289e-03, 4.2278121109486071e-03,
          4.1496697990034874e-03, 3.3956250731062825e-03,
          2.4061156647439690e-03, -1.4346893664837969e-02,
          8.7607482863914357e-02, -1.3813662785195859e-02,
          -4.1592646147885371e-03, -5.0158088620076849e-03,
          -7.9072094969201909e-03, -2.9564132356968320e-03,
          -5.5825857781682505e-03, 2.5107275862071513e-03,
          1.0082986867064096e-02, -1.3813662785195859e-02,
          1.1616985145601094e-01 ]
   - !!opencv-matrix
      rows: 9
      cols: 9
      dt: d
      data: [ 7.5783954157456912e-01, 5.1250673911027811e-01,
          1.2901758824953372e-01, 1.0433380820463303e-01,
          2.4823083861422007e-01, 2.5958705288919644e-02,
          1.4830047877938018e-01, 1.6553983510891640e-01,
          1.6684265609014379e-01, 5.1250673911027811e-01,
          7.3656653277893314e-01, 1.1742511793801381e-01,
          1.1881030779145933e-01, 2.1137504384195685e-01,
          4.0152762084010543e-02, 1.2078330066613417e-01,
          2.2842000825195441e-01, 8.5397125703712135e-02,
          1.2901758824953372e-01, 1.1742511793801383e-01,
          1.4743598823740675e-01, 1.1878382647097903e-01,
          7.6453253610538424e-02, 5.2467142192975234e-02,
          6.3624093502174586e-02, 7.6506432477213573e-02,
          8.6235387478545922e-02, 1.0433380820463301e-01,
          1.1881030779145933e-01, 1.1878382647097903e-01,
          3.0574733941595350e-01, 6.5106079702174829e-02,
          -8.2864005683928859e-03, 1.0334171112089556e-01,
          8.8981095732324197e-02, 9.0282959032864735e-02,
          2.4823083861422007e-01, 2.1137504384195685e-01,
          7.6453253610538424e-02, 6.5106079702174843e-02,
          2.8908513559540588e-01, 8.8835088338694551e-02,
          6.2341161944128080e-02, 7.6102044678461003e-02,
          1.7912022615154791e-01, 2.5958705288919654e-02,
          4.0152762084010543e-02, 5.2467142192975234e-02,
          -8.2864005683928842e-03, 8.8835088338694551e-02,
          2.6063467642417726e-01, -3.8581148233135125e-02,
          1.8299533309176493e-02, 6.0474647156148795e-02,
          1.4830047877938018e-01, 1.2078330066613417e-01,
          6.3624093502174572e-02, 1.0334171112089559e-01,
          6.2341161944128080e-02, -3.8581148233135132e-02,
          2.2197250555574516e-01, 3.3697596755994118e-02,
          1.1273728125717321e-01, 1.6553983510891643e-01,
          2.2842000825195441e-01, 7.6506432477213573e-02,
          8.8981095732324170e-02, 7.6102044678461003e-02,
          1.8299533309176497e-02, 3.3697596755994111e-02,
          1.4756814100442156e-01, 4.5896727077084955e-02,
          1.6684265609014379e-01, 8.5397125703712107e-02,
          8.6235387478545922e-02, 9.0282959032864707e-02,
          1.7912022615154791e-01, 6.0474647156148795e-02,
          1.1273728125717321e-01, 4.5896727077084969e-02,
          2.9608436662421039e-01 ]
   - !!opencv-matrix
      rows: 9
      cols: 9
      dt: d
      data: [ 2.4760677081502708e-01, 1.0958299153812454e-01,
          2.3670775602149374e-02, -2.3354203544914996e-02,
          -1.9526430924689739e-02, 1.5308347232454110e-02,
          -5.5872952574289702e-04, 2.5083296706400058e-02,
          5.8523530304888027e-03, 1.0958299153812454e-01,
          4.1640596199955676e-01, 5.1335224408910578e-02,
          6.8063802627232772e-02, 4.7105698935877308e-02,
          1.9961444420064738e-02, -4.0832307468590123e-02,
          9.0443609479688908e-02, 1.0681924850909214e-02,
          2.3670775602149367e-02, 5.1335224408910585e-02,
          5.1376118941039543e-02, 6.6647421282504298e-03,
          4.5995998784466056e-03, 7.5332728210413206e-03,
          -2.5712809167196498e-03, 1.2229684491805257e-02,
          5.2881521084505428e-03, -2.3354203544914996e-02,
          6.8063802627232772e-02, 6.6647421282504298e-03,
          8.6187780078474899e-02, 4.1019944590384938e-02,
          2.3998758699859128e-03, -1.7608652047514946e-02,
          1.7696938588504910e-02, -1.3117450917062227e-03,
          -1.9526430924689739e-02, 4.7105698935877308e-02,
          4.5995998784466056e-03, 4.1019944590384931e-02,
          4.4511191223242180e-02, 2.7818675348786196e-03,
          -1.1630032663004925e-02, 1.1373129077181871e-02,
