%YAML:1.0
---
groups:
   - intact
   - CD19
intactGmmnames:
   - "intact.654.0"
   - "intact.654.1"
   - "intact.654.2"
   - "intact.654.3"
   - "intact.654.4"
intactLabels:
   - FSC-A
   - SSC-A
   - CD20
   - CD10
   - CD45
   - CD34
   - SYTO41
   - CD19
   - CD38
intactMu: !!opencv-matrix
   rows: 5
   cols: 9
   dt: d
   data: [ 1.3065276048303955e+00, 3.8110961329975879e-01,
       1.0441582136107661e+00, 9.2788135979175523e-01,
       3.7658023011485051e+00, 1.0999297083389372e+00,
       2.7227064634988136e+00, 1.0734856883702180e+00,
       1.8727923654771146e+00, 9.0218167329129106e-01,
       2.8782818412916084e-01, 9.2493831273621574e-01,
       8.9520424305801627e-01, 1.3973778431371355e+00,
       1.1307018307928611e+00, 2.6633066032161841e+00,
       1.0087105815334063e+00, 1.4766047340903896e+00,
       2.3863276823369035e+00, 2.8960833027330288e+00,
       1.3795484636721269e+00, 2.3872525571322938e+00,
       2.8494838165043741e+00, 1.2114523346926633e+00,
       2.8753542685810256e+00, 1.7234327331371742e+00,
       1.7909841260917354e+00, 1.8502625917590838e+00,
       9.6338072541268494e-01, 1.1862461734831629e+00,
       1.0444799987491786e+00, 3.7465829886319968e+00,
       1.3314521377542257e+00, 2.6665379734810828e+00,
       1.2570867167830022e+00, 2.8393448594897173e+00,
       1.3461333591229783e+00, 5.2503401631439184e-01,
       1.0756741145177742e+00, 9.7364967052921825e-01,
       1.6342663188697539e+00, 1.2257261122308658e+00,
       2.6206535293052315e+00, 1.0703004076181952e+00,
       1.5806589973047438e+00 ]
intactSigma:
   - !!opencv-matrix
      rows: 9
      cols: 9
      dt: d
      data: [ 7.1563091610788193e-02, 2.1467424157480292e-02,
          8.2058524951114722e-03, 4.0829045482514382e-03,
          1.5238661033735931e-02, 4.8865451820544387e-04,
          -4.7432149487992487e-02, 1.1948798086316416e-02,
          9.0755642513188177e-03, 2.1467424157480292e-02,
          1.8508775415931093e-02, 9.4925539467180711e-03,
          3.3284623640798907e-03, 1.1840539088127783e-02,
          1.0692973498950759e-03, -2.5530116181081378e-02,
          8.8548064600877056e-03, 5.0716934733274384e-03,
          8.2058524951114757e-03, 9.4925539467180711e-03,
          8.0200606855968248e-02, -1.3466178727723445e-03,
          3.4141297535642211e-03, 1.8518104002149713e-04,
          -5.4519857316019183e-03, 5.4435627476327152e-03,
          -1.7881211139803243e-02, 4.0829045482514382e-03,
          3.3284623640798911e-03, -1.3466178727723453e-03,
          3.9078768746173574e-02, 1.7682437472887347e-03,
          -6.8496185794936866e-03, -5.2217918951328220e-03,
          2.1374382511396271e-03, -4.7251462724347782e-03,
          1.5238661033735931e-02, 1.1840539088127783e-02,
          3.4141297535642198e-03, 1.7682437472887342e-03,
          1.5410185482599668e-02, -1.1033493446598961e-03,
          -2.1852398100014367e-02, 5.0561509238245981e-03,
          4.7387013068198531e-03, 4.8865451820544322e-04,
          1.0692973498950755e-03, 1.8518104002149689e-04,
          -6.8496185794936892e-03, -1.1033493446598961e-03,
          1.5172316100004601e-01, -9.0457906686711262e-04,
          3.8502118918112174e-03, 4.1437946726740442e-03,
          -4.7432149487992487e-02, -2.5530116181081378e-02,
          -5.4519857316019200e-03, -5.2217918951328220e-03,
          -2.1852398100014370e-02, -9.0457906686711186e-04,
          9.2332924586403547e-02, -1.8399572366486289e-02,
          -1.4235730456519612e-02, 1.1948798086316416e-02,
          8.8548064600877073e-03, 5.4435627476327178e-03,
          2.1374382511396275e-03, 5.0561509238245990e-03,
          3.8502118918112174e-03, -1.8399572366486296e-02,
          5.3006658163226410e-02, -2.2419649986585416e-03,
          9.0755642513188177e-03, 5.0716934733274384e-03,
          -1.7881211139803243e-02, -4.7251462724347800e-03,
          4.7387013068198548e-03, 4.1437946726740433e-03,
          -1.4235730456519618e-02, -2.2419649986585412e-03,
          1.8205711270027247e-01 ]
   - !!opencv-matrix
      rows: 9
      cols: 9
      dt: d
      data: [ 3.7858381051517780e-02, 8.5823529102433752e-03,
          5.6412102637489652e-03, 3.4328557253252368e-03,
          1.7566607241494201e-04, 9.2505961871107119e-04,
          -3.4532872005438447e-02, 6.1101869377514252e-03,
          -2.5248502578970381e-04, 8.5823529102433734e-03,
          5.5947669233940081e-03, 4.5826308699963760e-03,
          2.0333785484233512e-03, 3.7576721531685256e-04,
          9.1249387229808197e-04, -7.5752076498820731e-03,
          2.5279337784648824e-03, 2.8134221882219850e-04,
          5.6412102637489686e-03, 4.5826308699963752e-03,
          6.3424493435406959e-02, -4.1641466919692003e-03,
          7.1036484895479102e-04, 1.0728722599457369e-03,
          -9.1211502636492584e-03, 3.3873258025332994e-03,
          2.6832450903401098e-04, 3.4328557253252377e-03,
          2.0333785484233512e-03, -4.1641466919691995e-03,
          3.6770240279983331e-02, 2.1571178878666986e-03,
          9.2374779300498651e-05, -6.0401939016972552e-03,
          1.1516828266678540e-03, 6.0802633787353909e-05,
          1.7566607241494209e-04, 3.7576721531685251e-04,
          7.1036484895479080e-04, 2.1571178878666995e-03,
          2.1985458296140348e-02, -7.2585688484350726e-04,
          -3.0911557420125113e-03, 9.5380505718348923e-04,
          -5.3721572377896521e-04, 9.2505961871107087e-04,
          9.1249387229808197e-04, 1.0728722599457369e-03,
          9.2374779300498963e-05, -7.2585688484350780e-04,
          2.6900169702249829e-02, 4.9212332698771498e-03,
          -2.0558362093068506e-03, 1.6746882893821193e-04,
          -3.4532872005438441e-02, -7.5752076498820731e-03,
          -9.1211502636492602e-03, -6.0401939016972578e-03,
          -3.0911557420125113e-03, 4.9212332698771498e-03,
          2.4044532525899875e-01, -2.5718927228168608e-02,
          4.9903828031733289e-03, 6.1101869377514252e-03,
          2.5279337784648824e-03, 3.3873258025332999e-03,
          1.1516828266678540e-03, 9.5380505718348923e-04,
          -2.0558362093068511e-03, -2.5718927228168608e-02,
          1.6833767939917772e-02, -2.6001019922413386e-03,
          -2.5248502578970386e-04, 2.8134221882219844e-04,
          2.6832450903401087e-04, 6.0802633787353869e-05,
          -5.3721572377896489e-04, 1.6746882893821195e-04,
          4.9903828031733271e-03, -2.6001019922413395e-03,
          4.1025593404949755e-03 ]
   - !!opencv-matrix
      rows: 9
      cols: 9
      dt: d
      data: [ 3.5466654855422991e-01, 2.6526772058207126e-01,
          4.2762248366175412e-02, 1.7532307645550291e-02,
          4.0973598634368287e-02, -1.6371969928936619e-02,
          -1.6558572391300513e-02, 5.8798070842460734e-02,
          1.6744914930961013e-02, 2.6526772058207126e-01,
          6.6038973021193781e-01, 6.1911400586253461e-02,
          2.5677024756209366e-01, 1.0360224278246931e-01,
          -5.3984295179769590e-02, -2.6279081668070203e-02,
          1.4928396856666640e-01, -3.7249731315472746e-02,
          4.2762248366175412e-02, 6.1911400586253447e-02,
          6.7269195873498097e-02, -7.4126513013902419e-03,
          2.8962510134160980e-03, 5.5683145758005474e-03,
          5.2153128582579206e-04, 1.9477477369844481e-02,
          1.3219336111474703e-02, 1.7532307645550287e-02,
          2.5677024756209366e-01, -7.4126513013902436e-03,
          3.2429092975069218e-01, 8.2498623719724204e-02,
          -4.9973982616223454e-02, -7.0670402433813733e-03,
          5.8177028605980230e-02, -6.1452783324959299e-02,
          4.0973598634368287e-02, 1.0360224278246931e-01,
          2.8962510134160988e-03, 8.2498623719724204e-02,
          8.0839730391675302e-02, -2.7086086661382427e-02,
          -8.2305271113274764e-03, 2.1032100206522127e-02,
