%YAML:1.0
---
groups:
   - intact
   - CD19
   - blast
intactGmmnames:
   - "intact.657.0"
   - "intact.657.1"
   - "intact.657.2"
   - "intact.657.3"
   - "intact.657.4"
intactLabels:
   - FSC-A
   - SSC-A
   - CD20
   - CD10
   - CD45
   - CD34
   - SYTO41
   - CD19
   - CD38
intactMu: !!opencv-matrix
   rows: 5
   cols: 9
   dt: d
   data: [ 2.9649660827082975e+00, 3.6514680900631671e+00,
       1.2717226683301619e+00, 2.1578776238071660e+00,
       2.7786665852746197e+00, 1.1195964040026167e+00,
       3.0060160232455733e+00, 1.8336357391786371e+00,
       1.5895032411784085e+00, 1.2792257764004706e+00,
       4.6459427872614795e-01, 9.6703780902710257e-01,
       9.4512499182224452e-01, 1.2950062290138178e+00,
       1.0316122058999351e+00, 2.3896711243663420e+00,
       9.9666245670414322e-01, 1.4061934914122605e+00,
       1.6582774461157226e+00, 4.3263383700054725e-01,
       9.3658823064941155e-01, 8.8250113756383852e-01,
       3.6207476903558700e+00, 1.0186170139204287e+00,
       2.7705550390198339e+00, 1.0215147995746074e+00,
       1.7582120093409936e+00, 2.2843905183404813e+00,
       1.4294164958668309e+00, 1.3701950809092553e+00,
       1.3207990977142909e+00, 2.4635690972522704e+00,
       1.4839768736983836e+00, 2.7753918901398897e+00,
       1.2853957697689484e+00, 2.0755278565064179e+00,
       1.2941117028289932e+00, 4.5293216323162927e-01,
       1.0037758433296184e+00, 1.0177742417243860e+00,
       1.2746362533341222e+00, 1.0285527100285123e+00,
       3.1749392207276301e+00, 8.1997045349243891e-01,
       1.4429056756950061e+00 ]
intactSigma:
   - !!opencv-matrix
      rows: 9
      cols: 9
      dt: d
      data: [ 3.5762217260884244e-01, 3.8286328398728295e-02,
          2.7987377698801580e-02, -1.5306750294726576e-01,
          -1.9998412712542289e-02, -5.8620054243780631e-03,
          -1.3225413738762390e-02, 1.2431548990630552e-02,
          3.1788361444481147e-02, 3.8286328398728288e-02,
          2.9784063458954008e-01, 2.7308873141506228e-02,
          8.9387724344281286e-02, 1.9615482970223991e-02,
          1.5896842973019232e-02, -1.2532057650302941e-02,
          5.8611172601662945e-02, -1.6814774390707079e-02,
          2.7987377698801573e-02, 2.7308873141506228e-02,
          4.7099304725237288e-02, -1.6404638817610218e-02,
          -1.3117778700639034e-03, 5.1720389226804957e-03,
          1.4608913031592919e-03, 6.6646930293305746e-03,
          2.8237537658368822e-03, -1.5306750294726576e-01,
          8.9387724344281300e-02, -1.6404638817610218e-02,
          3.2281473249214315e-01, 4.4617192384673592e-02,
          1.9782584955387508e-02, -2.6136308180287780e-03,
          1.4099026420899215e-02, -3.1676270369372338e-02,
          -1.9998412712542289e-02, 1.9615482970223988e-02,
          -1.3117778700639025e-03, 4.4617192384673592e-02,
          3.3539394281335691e-02, 2.0471737195389495e-03,
          -9.1267251800939263e-03, 4.5136385332266759e-03,
          -3.0748210748992475e-03, -5.8620054243780613e-03,
          1.5896842973019229e-02, 5.1720389226804966e-03,
          1.9782584955387508e-02, 2.0471737195389490e-03,
          7.5301320420453968e-02, -7.4713836483455010e-04,
          2.7409066935378699e-03, 1.6274472112059130e-03,
          -1.3225413738762388e-02, -1.2532057650302941e-02,
          1.4608913031592913e-03, -2.6136308180287784e-03,
          -9.1267251800939263e-03, -7.4713836483455054e-04,
          2.5445523098033017e-02, -5.1134355066955765e-03,
          -5.7356210136503688e-03, 1.2431548990630552e-02,
          5.8611172601662959e-02, 6.6646930293305772e-03,
          1.4099026420899219e-02, 4.5136385332266759e-03,
          2.7409066935378699e-03, -5.1134355066955765e-03,
          3.1407294565005447e-02, -8.1902882367659597e-03,
          3.1788361444481147e-02, -1.6814774390707079e-02,
          2.8237537658368822e-03, -3.1676270369372338e-02,
          -3.0748210748992475e-03, 1.6274472112059130e-03,
          -5.7356210136503688e-03, -8.1902882367659580e-03,
          4.6743126126323482e-02 ]
   - !!opencv-matrix
      rows: 9
      cols: 9
      dt: d
      data: [ 6.2188118502385641e-02, 8.8032727017452149e-03,
          3.3538220230511259e-03, 3.2169460589998697e-03,
          4.3331659202662572e-03, 1.8431345923112055e-03,
          -4.7697088095988620e-03, 4.0247237980741831e-03,
          8.8509712130382771e-04, 8.8032727017452149e-03,
          1.3153761301627372e-02, 7.3047327433926942e-03,
          3.9191656255135815e-03, 7.8594723303244251e-03,
          2.7712176632639206e-03, -1.3143933354229928e-03,
          5.0389330474489924e-03, 1.4313917982348816e-03,
          3.3538220230511259e-03, 7.3047327433926950e-03,
          6.3590954333040905e-02, -4.3076216858390429e-03,
          4.9998059512116602e-03, 1.2053934663013078e-03,
          1.9105354810506649e-03, 4.2962171540491846e-03,
          9.1502835545382330e-04, 3.2169460589998697e-03,
          3.9191656255135824e-03, -4.3076216858390420e-03,
          4.7900300116446040e-02, 7.8278417077282947e-03,
          -2.8282572757022456e-04, -6.5806927975777224e-04,
          2.5676005263711413e-03, 9.5331136128588010e-04,
          4.3331659202662572e-03, 7.8594723303244251e-03,
          4.9998059512116602e-03, 7.8278417077282982e-03,
          7.4407214367438676e-02, 4.9011314830636546e-03,
          -8.6898271382398543e-03, 2.6206596081832130e-03,
          2.7362735360465093e-03, 1.8431345923112046e-03,
          2.7712176632639215e-03, 1.2053934663013069e-03,
          -2.8282572757022494e-04, 4.9011314830636555e-03,
          2.9607197599007682e-02, -3.9492818354691173e-03,
          1.8273899039340025e-03, 9.9822647395915302e-04,
          -4.7697088095988620e-03, -1.3143933354229928e-03,
          1.9105354810506649e-03, -6.5806927975777213e-04,
          -8.6898271382398543e-03, -3.9492818354691173e-03,
          4.0097581676597126e-02, -5.8622225247820002e-03,
          -1.0890830793788889e-03, 4.0247237980741831e-03,
          5.0389330474489916e-03, 4.2962171540491846e-03,
          2.5676005263711404e-03, 2.6206596081832121e-03,
          1.8273899039340025e-03, -5.8622225247819985e-03,
          3.2108526770715538e-02, -4.2340902224976646e-03,
          8.8509712130382761e-04, 1.4313917982348816e-03,
          9.1502835545382308e-04, 9.5331136128588021e-04,
          2.7362735360465084e-03, 9.9822647395915302e-04,
          -1.0890830793788889e-03, -4.2340902224976646e-03,
          6.4960427696540363e-03 ]
   - !!opencv-matrix
      rows: 9
      cols: 9
      dt: d
      data: [ 1.0534899358929598e-01, 2.8460940210057312e-02,
          1.3703594002485688e-02, 5.3936035656024627e-03,
          1.6092616414965174e-02, 1.8164503888915009e-04,
          -4.5334301707535968e-02, 2.2862502677953783e-02,
          1.3321273418285179e-02, 2.8460940210057312e-02,
          2.9284331159649377e-02, 1.3242106562935910e-02,
          4.7077888667404026e-03, 1.1707931377565392e-02,
          1.8036845886240005e-03, -2.3552426987118041e-02,
          1.6753641974154423e-02, 1.7746352123497931e-02,
          1.3703594002485690e-02, 1.3242106562935906e-02,
          7.2599987458364157e-02, -3.1185595516234816e-03,
          4.5461500735432345e-03, -3.7817764212986192e-04,
          -5.7781891667655809e-03, 8.6921581718376207e-03,
          -8.3772993913402444e-03, 5.3936035656024619e-03,
          4.7077888667404026e-03, -3.1185595516234825e-03,
          3.9451200931496719e-02, 1.6030193089016766e-03,
          -5.8532055421830452e-03, -4.4016536187387366e-03,
          3.6437929541205246e-03, -9.5421659694213486e-04,
          1.6092616414965174e-02, 1.1707931377565392e-02,
          4.5461500735432328e-03, 1.6030193089016766e-03,
          1.6155813037273606e-02, -2.7784894677132656e-03,
          -1.5755311167835535e-02, 7.6766295211331071e-03,
          3.0828137874807800e-03, 1.8164503888914890e-04,
          1.8036845886240005e-03, -3.7817764212986154e-04,
          -5.8532055421830478e-03, -2.7784894677132669e-03,
          1.5806855167370629e-01, 2.5369904135672766e-03,
          3.8089552148292340e-03, 4.6020996002878716e-03,
          -4.5334301707535968e-02, -2.3552426987118041e-02,
          -5.7781891667655809e-03, -4.4016536187387366e-03,
          -1.5755311167835538e-02, 2.5369904135672766e-03,
          4.7637689710267425e-02, -1.9556786178626884e-02,
          -1.6010052091464680e-02, 2.2862502677953783e-02,
          1.6753641974154423e-02, 8.6921581718376207e-03,
          3.6437929541205246e-03, 7.6766295211331071e-03,
          3.8089552148292305e-03, -1.9556786178626884e-02,
          9.2910697630614811e-02, 1.6314312469194593e-03,
          1.3321273418285179e-02, 1.7746352123497931e-02,
          -8.3772993913402410e-03, -9.5421659694213486e-04,
          3.0828137874807805e-03, 4.6020996002878690e-03,
          -1.6010052091464676e-02, 1.6314312469194593e-03,
          2.0487412426562046e-01 ]
   - !!opencv-matrix
      rows: 9
      cols: 9
      dt: d
      data: [ 7.7296606670197265e-01, 3.8185171673950691e-01,
          1.1178536170164358e-01, 5.9214754815661144e-02,
          2.4863832728513663e-01, 3.5153307717268496e-02,
          1.6528736038290734e-01, 8.9521234477556264e-02,
          2.5782943200591629e-01, 3.8185171673950691e-01,
          7.3990854990309340e-01, 1.4244007939777167e-01,
          7.2925463104576371e-02, 1.7052020656585032e-01,
          1.2537910921268247e-01, 7.9990512916732232e-02,
          2.2498260859441868e-01, 1.9408328439892777e-01,
          1.1178536170164356e-01, 1.4244007939777165e-01,
          1.5071738407258786e-01, 4.0417910522888650e-02,
          4.6127410611763384e-02, 4.4212800762131528e-02,
          7.9877765287381580e-02, 6.2124659788795757e-02,
          5.2421633825336059e-02, 5.9214754815661158e-02,
          7.2925463104576371e-02, 4.0417910522888637e-02,
          2.2382414482549481e-01, -1.7315775358580920e-02,
          -2.1265977903061489e-02, 8.8923739482134778e-02,
          1.9867588318783661e-02, 1.4658358946739289e-02,
          2.4863832728513663e-01, 1.7052020656585032e-01,
          4.6127410611763391e-02, -1.7315775358580913e-02,
          5.8943801310639021e-01, 6.4189039180491264e-02,
          -4.7169242672183195e-03, 9.0367044592471246e-02,
          2.9060424918477468e-01, 3.5153307717268510e-02,
          1.2537910921268250e-01, 4.4212800762131528e-02,
          -2.1265977903061489e-02, 6.4189039180491264e-02,
          2.5239082634957211e-01, -5.0221126107309499e-02,
          5.7094820611367024e-02, 6.9082144904136514e-02,
          1.6528736038290734e-01, 7.9990512916732232e-02,
          7.9877765287381580e-02, 8.8923739482134806e-02,
          -4.7169242672183195e-03, -5.0221126107309493e-02,
          3.1425693332918508e-01, -3.8732081945864555e-02,
          7.5353740876827030e-02, 8.9521234477556264e-02,
          2.2498260859441868e-01, 6.2124659788795743e-02,
          1.9867588318783661e-02, 9.0367044592471246e-02,
          5.7094820611367024e-02, -3.8732081945864562e-02,
          1.9718341439469017e-01, 7.2814601276704971e-02,
          2.5782943200591629e-01, 1.9408328439892777e-01,
          5.2421633825336059e-02, 1.4658358946739289e-02,
          2.9060424918477468e-01, 6.9082144904136542e-02,
          7.5353740876827016e-02, 7.2814601276704971e-02,
          4.3128729552232309e-01 ]
   - !!opencv-matrix
      rows: 9
      cols: 9
      dt: d
      data: [ 1.7408473645026237e-01, 5.2807104504342298e-02,
          4.1616147188885691e-02, 4.6200481935921828e-02,
          3.2106566741029831e-02, 4.1769772902750290e-03,
          5.8477692468598677e-03, 1.7818941392764416e-02,
          9.8279545727235160e-03, 5.2807104504342298e-02,
          3.3860705034387192e-02, 2.6021799357267214e-02,
          2.3001490835563569e-02, 1.7201865417474340e-02,
          2.5773551486732559e-03, 1.1814028961080612e-02,
          8.3474895627410010e-03, 6.3203894510227539e-03,
          4.1616147188885705e-02, 2.6021799357267214e-02,
          7.8510339285088854e-02, 1.2888338925999358e-02,
          1.3042848521107157e-02, 2.2806149940410958e-03,
          1.3746634620877182e-02, 5.6712866214377652e-03,
          4.9652468588623913e-03, 4.6200481935921828e-02,
          2.3001490835563569e-02, 1.2888338925999360e-02,
          9.0439573358561301e-02, 2.2396269673059761e-02,
          2.3889314821218684e-03, 8.7187797822513968e-03,
          5.1203738341727648e-03, 7.6444463866634582e-03,
          3.2106566741029824e-02, 1.7201865417474340e-02,
          1.3042848521107157e-02, 2.2396269673059761e-02,
          7.9936363386156506e-02, -1.0223164140933229e-03,
          6.7673921643605639e-03, 2.6518564861467892e-03,
          5.5479762039229441e-03, 4.1769772902750290e-03,
          2.5773551486732559e-03, 2.2806149940410949e-03,
          2.3889314821218689e-03, -1.0223164140933225e-03,
          2.6371208399915573e-02, 3.5786406766543017e-03,
          -4.0328300565260642e-04, 1.1612978978105524e-03,
          5.8477692468598668e-03, 1.1814028961080612e-02,
          1.3746634620877182e-02, 8.7187797822514002e-03,
          6.7673921643605630e-03, 3.5786406766543017e-03,
          4.3960745314280687e-02, -1.5889246872277996e-02,
          4.8611454429425991e-03, 1.7818941392764413e-02,
          8.3474895627410044e-03, 5.6712866214377669e-03,
          5.1203738341727666e-03, 2.6518564861467892e-03,
          -4.0328300565260587e-04, -1.5889246872277996e-02,
          4.2730900170810507e-02, -3.9738371955609433e-03,
          9.8279545727235160e-03, 6.3203894510227539e-03,
          4.9652468588623905e-03, 7.6444463866634582e-03,
          5.5479762039229432e-03, 1.1612978978105524e-03,
          4.8611454429425991e-03, -3.9738371955609425e-03,
          9.3931622097451033e-03 ]
intactC: !!opencv-matrix
   rows: 1
   cols: 5
   dt: d
   data: [ 9.2565205831219577e-02, 1.9074431817130941e-01,
       3.5421291434460273e-01, 8.7944375393996757e-02,
       2.1826462495701124e-01 ]
intactNumEvents: 233247.
intactMaxVals: !!opencv-matrix
   rows: 1
   cols: 9
   dt: d
   data: [ 4.5000000000000000e+00, 4.5000000000000000e+00,
       4.5000000000000000e+00, 4.5000000000000000e+00,
       4.5000000000000000e+00, 4.5000000000000000e+00,
       4.5000000000000000e+00, 4.5000000000000000e+00,
       4.5000000000000000e+00 ]
intactScales: !!opencv-matrix
   rows: 1
   cols: 9
   dt: d
   data: [ 1., 1., 1., 1., 1., 1., 1., 1., 1. ]
CD19Gmmnames:
   - "CD19.657.0"
   - "CD19.657.1"
CD19Labels:
   - FSC-A
   - SSC-A
   - CD20
   - CD10
   - CD45
   - CD34
   - SYTO41
   - CD19
   - CD38
CD19Mu: !!opencv-matrix
   rows: 2
   cols: 9
   dt: d
   data: [ 1.4946480042875507e+00, 3.3255791448533450e-01,
       2.9372257461810851e+00, 8.6087841698692169e-01,
       3.4875664419097046e+00, 1.0620407910223104e+00,
       2.7707549534552545e+00, 2.9584669743838692e+00,
       1.5758955406891078e+00, 1.9220498553019829e+00,
       6.0096977457919087e-01, 2.9806172255414478e+00,
       9.8681527123312462e-01, 3.5006462489497001e+00,
       1.1458599512654468e+00, 2.5967367021251144e+00,
       3.0343743143770605e+00, 1.7045771672953547e+00 ]
CD19Sigma:
   - !!opencv-matrix
      rows: 9
      cols: 9
      dt: d
      data: [ 6.1957387975456850e-02, 9.2266216619758586e-03,
          8.1764398677710744e-03, 3.6604904641492344e-03,
          1.2212499898318159e-02, 2.9300024872496301e-04,
          -3.8061414939905391e-02, 1.2329753685719461e-02,
          4.2975861299683675e-04, 9.2266216619758586e-03,
          9.8984485809514838e-03, 3.9538202065921317e-03,
          2.1716969688033976e-03, 4.2549677979869249e-03,
          1.0294625826478051e-03, -9.8575596281678442e-03,
          4.9892855578393767e-03, 6.8533482916521859e-04,
          8.1764398677710744e-03, 3.9538202065921308e-03,
          2.9004626071939422e-02, -3.4317793932303396e-03,
          4.7912071914829445e-03, 2.1366803252334254e-03,
          -1.0751322026519744e-02, 1.2618440417473805e-02,
          2.2671788651121307e-03, 3.6604904641492340e-03,
          2.1716969688033968e-03, -3.4317793932303396e-03,
          1.1342710516029351e-01, 1.5976289229404984e-03,
          -5.5430020146828903e-03, -3.6293131466516369e-03,
          1.3150674463917175e-03, 2.5004423404089682e-03,
          1.2212499898318161e-02, 4.2549677979869249e-03,
          4.7912071914829454e-03, 1.5976289229404979e-03,
          1.1159291269121657e-02, -1.1265925710070436e-03,
          -1.3124613470387949e-02, 5.6670655490355824e-03,
          2.5646784009671893e-05, 2.9300024872496296e-04,
          1.0294625826478049e-03, 2.1366803252334254e-03,
          -5.5430020146828921e-03, -1.1265925710070440e-03,
          1.3963946928641702e-01, -4.2997847462359067e-04,
          1.9728441920432720e-03, 1.8614084453824395e-04,
          -3.8061414939905391e-02, -9.8575596281678477e-03,
          -1.0751322026519740e-02, -3.6293131466516399e-03,
          -1.3124613470387949e-02, -4.2997847462359094e-04,
          5.2378745337142457e-02, -1.3911044743034917e-02,
          -1.7707577651618796e-03, 1.2329753685719461e-02,
          4.9892855578393767e-03, 1.2618440417473805e-02,
          1.3150674463917175e-03, 5.6670655490355824e-03,
          1.9728441920432720e-03, -1.3911044743034917e-02,
          2.9552302787927580e-02, -6.9866408323335698e-03,
          4.2975861299683675e-04, 6.8533482916521870e-04,
          2.2671788651121298e-03, 2.5004423404089687e-03,
          2.5646784009671920e-05, 1.8614084453824330e-04,
          -1.7707577651618776e-03, -6.9866408323335698e-03,
          1.2880522401438774e-01 ]
   - !!opencv-matrix
      rows: 9
      cols: 9
      dt: d
      data: [ 2.5451253851092986e-01, 3.8725687594438923e-02,
          3.1720427545781818e-02, 1.1848638619373966e-04,
          5.2150457474683595e-02, -6.6760852436515330e-03,
          2.1882654509988532e-02, 2.5959146526393764e-02,
          -1.1893740859653133e-02, 3.8725687594438923e-02,
          4.7308202497440430e-02, 1.1694201779897722e-02,
          1.3359774650907496e-02, 7.5355426211859162e-03,
          1.3732594563746344e-02, 3.1708842315330305e-02,
          1.7926598402132642e-02, 2.1460250510195986e-02,
          3.1720427545781818e-02, 1.1694201779897726e-02,
          3.6879100590046154e-01, -2.3909908151367332e-02,
          1.1505104733628445e-01, 1.2571563686866146e-03,
          -6.7179376753617015e-02, 1.2365183716853333e-01,
          -2.3251512489244594e-01, 1.1848638619373643e-04,
          1.3359774650907494e-02, -2.3909908151367329e-02,
          2.4948990007633789e-01, -1.4072477151103881e-02,
          3.8376007204366083e-02, 3.9865057520167418e-02,
          -1.8114417435952622e-02, 4.9101774140650548e-02,
          5.2150457474683595e-02, 7.5355426211859144e-03,
          1.1505104733628445e-01, -1.4072477151103883e-02,
          1.2596600081371123e-01, -2.0908020673630307e-02,
          -2.8748235839199044e-02, 4.1498858531459272e-02,
          -6.9978615543064754e-02, -6.6760852436515295e-03,
          1.3732594563746344e-02, 1.2571563686866146e-03,
          3.8376007204366083e-02, -2.0908020673630304e-02,
          2.1324488387107943e-01, 3.1013909208356161e-02,
          -8.2881680251975769e-04, 3.1153146485423396e-02,
          2.1882654509988532e-02, 3.1708842315330311e-02,
          -6.7179376753617015e-02, 3.9865057520167418e-02,
          -2.8748235839199041e-02, 3.1013909208356161e-02,
          1.7165481340224192e-01, -3.8794874123945784e-02,
          7.2868796434132133e-02, 2.5959146526393768e-02,
          1.7926598402132642e-02, 1.2365183716853333e-01,
          -1.8114417435952622e-02, 4.1498858531459272e-02,
          -8.2881680251975759e-04, -3.8794874123945784e-02,
          1.1007627749489547e-01, -7.4427338598175102e-02,
          -1.1893740859653130e-02, 2.1460250510195979e-02,
          -2.3251512489244594e-01, 4.9101774140650541e-02,
          -6.9978615543064754e-02, 3.1153146485423396e-02,
          7.2868796434132119e-02, -7.4427338598175102e-02,
          4.7763781560644547e-01 ]
CD19C: !!opencv-matrix
   rows: 1
   cols: 2
   dt: d
   data: [ 5.0186054397137678e-02, 5.7790523783949263e-03 ]
CD19NumEvents: 13832.
CD19MaxVals: !!opencv-matrix
   rows: 1
   cols: 9
   dt: d
   data: [ 4.5000000000000000e+00, 4.5000000000000000e+00,
       4.5000000000000000e+00, 4.5000000000000000e+00,
       4.5000000000000000e+00, 4.5000000000000000e+00,
       4.5000000000000000e+00, 4.5000000000000000e+00,
       4.5000000000000000e+00 ]
CD19Scales: !!opencv-matrix
   rows: 1
   cols: 9
   dt: d
   data: [ 1., 1., 1., 1., 1., 1., 1., 1., 1. ]
blastGmmnames:
   - "blast.657.0"
blastLabels:
   - FSC-A
   - SSC-A
   - CD20
   - CD10
   - CD45
   - CD34
   - SYTO41
   - CD19
   - CD38
blastMu: !!opencv-matrix
   rows: 1
   cols: 9
   dt: d
   data: [ 1.7591748849550883e+00, 5.1550163269042970e-01,
       2.6693350760142009e+00, 3.2217438666025799e+00,
       3.2052555052439375e+00, 1.7196265395482382e+00,
       2.9347709210713706e+00, 2.9825616677602134e+00,
       2.6326675907770793e+00 ]
blastSigma:
   - !!opencv-matrix
      rows: 9
      cols: 9
      dt: d
      data: [ 2.0802733325849293e-01, 2.2481672930526300e-02,
          6.3193787904252769e-03, 1.4823349468232171e-02,
          2.2680448466303089e-02, 6.2145879837334071e-02,
          -3.5296303328655049e-02, 3.1652467669286331e-02,
          3.5504417643718048e-02, 2.2481672930526300e-02,
          4.0085676953522498e-02, 2.0794102489708897e-02,
          1.8155009460104345e-03, 9.7271903320586689e-03,
          2.4048087769435920e-02, 7.4029119873804984e-03,
          1.0927430995088807e-02, 4.4063413921752358e-02,
          6.3193787904252769e-03, 2.0794102489708897e-02,
          1.7099313834517541e-01, -4.1958503744751966e-03,
          2.8285082670475817e-02, -9.9254339727540171e-03,
          -9.5560182361872689e-03, 4.8273160025004119e-02,
          -1.8338969375598480e-02, 1.4823349468232171e-02,
          1.8155009460104345e-03, -4.1958503744751966e-03,
          5.4826983973658698e-02, 7.3166810944933968e-03,
          2.4911002251923355e-02, -1.0051516566901670e-02,
          6.1907488746300648e-03, 3.5311842489917818e-02,
          2.2680448466303089e-02, 9.7271903320586689e-03,
          2.8285082670475817e-02, 7.3166810944933968e-03,
          5.7345424876596079e-02, -1.0492263016124666e-02,
          -4.2866901728125309e-03, 2.4991456593121360e-02,
          8.7525284398961060e-04, 6.2145879837334071e-02,
          2.4048087769435920e-02, -9.9254339727540171e-03,
          2.4911002251923355e-02, -1.0492263016124666e-02,
          4.9617024138024063e-01, 7.9921288871365528e-03,
          6.4989576572330385e-03, 4.9041230593153996e-02,
          -3.5296303328655049e-02, 7.4029119873804984e-03,
          -9.5560182361872689e-03, -1.0051516566901670e-02,
          -4.2866901728125309e-03, 7.9921288871365528e-03,
          5.2947945264410767e-02, -9.3633322579658954e-03,
          2.1050955157425128e-02, 3.1652467669286331e-02,
          1.0927430995088807e-02, 4.8273160025004119e-02,
          6.1907488746300648e-03, 2.4991456593121360e-02,
          6.4989576572330385e-03, -9.3633322579658954e-03,
          6.5504507334632950e-02, 1.4640927249676246e-02,
          3.5504417643718048e-02, 4.4063413921752358e-02,
          -1.8338969375598480e-02, 3.5311842489917818e-02,
          8.7525284398961060e-04, 4.9041230593153996e-02,
          2.1050955157425128e-02, 1.4640927249676246e-02,
          2.5401839921756647e-01 ]
blastC: !!opencv-matrix
   rows: 1
   cols: 1
   dt: d
   data: [ 3.0345452632771436e-04 ]
blastNumEvents: 75.
blastMaxVals: !!opencv-matrix
   rows: 1
   cols: 9
   dt: d
   data: [ 4.5000000000000000e+00, 4.5000000000000000e+00,
       4.5000000000000000e+00, 4.5000000000000000e+00,
       4.5000000000000000e+00, 4.5000000000000000e+00,
       4.5000000000000000e+00, 4.5000000000000000e+00,
       4.5000000000000000e+00 ]
blastScales: !!opencv-matrix
   rows: 1
   cols: 9
   dt: d
   data: [ 1., 1., 1., 1., 1., 1., 1., 1., 1. ]
