%YAML:1.0
---
groups:
   - intact
   - CD19
   - blast
intactGmmnames:
   - "intact.657.0"
   - "intact.657.1"
   - "intact.657.2"
   - "intact.657.3"
   - "intact.657.4"
intactLabels:
   - FSC-A
   - SSC-A
   - CD20
   - CD10
   - CD45
   - CD34
   - SYTO41
   - CD19
   - CD38
intactMu: !!opencv-matrix
   rows: 5
   cols: 9
   dt: d
   data: [ 2.9649660827082975e+00, 3.6514680900631671e+00,
       1.2717226683301619e+00, 2.1578776238071660e+00,
       2.7786665852746197e+00, 1.1195964040026167e+00,
       3.0060160232455733e+00, 1.8336357391786371e+00,
       1.5895032411784085e+00, 1.2792257764004706e+00,
       4.6459427872614795e-01, 9.6703780902710257e-01,
       9.4512499182224452e-01, 1.2950062290138178e+00,
       1.0316122058999351e+00, 2.3896711243663420e+00,
       9.9666245670414322e-01, 1.4061934914122605e+00,
       1.6582774461157226e+00, 4.3263383700054725e-01,
       9.3658823064941155e-01, 8.8250113756383852e-01,
       3.6207476903558700e+00, 1.0186170139204287e+00,
       2.7705550390198339e+00, 1.0215147995746074e+00,
       1.7582120093409936e+00, 2.2843905183404813e+00,
       1.4294164958668309e+00, 1.3701950809092553e+00,
       1.3207990977142909e+00, 2.4635690972522704e+00,
       1.4839768736983836e+00, 2.7753918901398897e+00,
       1.2853957697689484e+00, 2.0755278565064179e+00,
       1.2941117028289932e+00, 4.5293216323162927e-01,
       1.0037758433296184e+00, 1.0177742417243860e+00,
       1.2746362533341222e+00, 1.0285527100285123e+00,
       3.1749392207276301e+00, 8.1997045349243891e-01,
       1.4429056756950061e+00 ]
intactSigma:
   - !!opencv-matrix
      rows: 9
      cols: 9
      dt: d
      data: [ 3.5762217260884244e-01, 3.8286328398728295e-02,
          2.7987377698801580e-02, -1.5306750294726576e-01,
          -1.9998412712542289e-02, -5.8620054243780631e-03,
          -1.3225413738762390e-02, 1.2431548990630552e-02,
          3.1788361444481147e-02, 3.8286328398728288e-02,
          2.9784063458954008e-01, 2.7308873141506228e-02,
          8.9387724344281286e-02, 1.9615482970223991e-02,
          1.5896842973019232e-02, -1.2532057650302941e-02,
          5.8611172601662945e-02, -1.6814774390707079e-02,
          2.7987377698801573e-02, 2.7308873141506228e-02,
          4.7099304725237288e-02, -1.6404638817610218e-02,
          -1.3117778700639034e-03, 5.1720389226804957e-03,
          1.4608913031592919e-03, 6.6646930293305746e-03,
          2.8237537658368822e-03, -1.5306750294726576e-01,
          8.9387724344281300e-02, -1.6404638817610218e-02,
          3.2281473249214315e-01, 4.4617192384673592e-02,
          1.9782584955387508e-02, -2.6136308180287780e-03,
          1.4099026420899215e-02, -3.1676270369372338e-02,
          -1.9998412712542289e-02, 1.9615482970223988e-02,
          -1.3117778700639025e-03, 4.4617192384673592e-02,
          3.3539394281335691e-02, 2.0471737195389495e-03,
          -9.1267251800939263e-03, 4.5136385332266759e-03,
          -3.0748210748992475e-03, -5.8620054243780613e-03,
          1.5896842973019229e-02, 5.1720389226804966e-03,
          1.9782584955387508e-02, 2.0471737195389490e-03,
          7.5301320420453968e-02, -7.4713836483455010e-04,
          2.7409066935378699e-03, 1.6274472112059130e-03,
          -1.3225413738762388e-02, -1.2532057650302941e-02,
          1.4608913031592913e-03, -2.6136308180287784e-03,
          -9.1267251800939263e-03, -7.4713836483455054e-04,
          2.5445523098033017e-02, -5.1134355066955765e-03,
          -5.7356210136503688e-03, 1.2431548990630552e-02,
          5.8611172601662959e-02, 6.6646930293305772e-03,
          1.4099026420899219e-02, 4.5136385332266759e-03,
          2.7409066935378699e-03, -5.1134355066955765e-03,
          3.1407294565005447e-02, -8.1902882367659597e-03,
          3.1788361444481147e-02, -1.6814774390707079e-02,
          2.8237537658368822e-03, -3.1676270369372338e-02,
          -3.0748210748992475e-03, 1.6274472112059130e-03,
          -5.7356210136503688e-03, -8.1902882367659580e-03,
          4.6743126126323482e-02 ]
   - !!opencv-matrix
      rows: 9
      cols: 9
      dt: d
      data: [ 6.2188118502385641e-02, 8.8032727017452149e-03,
          3.3538220230511259e-03, 3.2169460589998697e-03,
          4.3331659202662572e-03, 1.8431345923112055e-03,
          -4.7697088095988620e-03, 4.0247237980741831e-03,
          8.8509712130382771e-04, 8.8032727017452149e-03,
          1.3153761301627372e-02, 7.3047327433926942e-03,
          3.9191656255135815e-03, 7.8594723303244251e-03,
          2.7712176632639206e-03, -1.3143933354229928e-03,
          5.0389330474489924e-03, 1.4313917982348816e-03,
          3.3538220230511259e-03, 7.3047327433926950e-03,
          6.3590954333040905e-02, -4.3076216858390429e-03,
          4.9998059512116602e-03, 1.2053934663013078e-03,
          1.9105354810506649e-03, 4.2962171540491846e-03,
          9.1502835545382330e-04, 3.2169460589998697e-03,
          3.9191656255135824e-03, -4.3076216858390420e-03,
          4.7900300116446040e-02, 7.8278417077282947e-03,
          -2.8282572757022456e-04, -6.5806927975777224e-04,
          2.5676005263711413e-03, 9.5331136128588010e-04,
          4.3331659202662572e-03, 7.8594723303244251e-03,
          4.9998059512116602e-03, 7.8278417077282982e-03,
          7.4407214367438676e-02, 4.9011314830636546e-03,
          -8.6898271382398543e-03, 2.6206596081832130e-03,
          2.7362735360465093e-03, 1.8431345923112046e-03,
          2.7712176632639215e-03, 1.2053934663013069e-03,
          -2.8282572757022494e-04, 4.9011314830636555e-03,
          2.9607197599007682e-02, -3.9492818354691173e-03,
          1.8273899039340025e-03, 9.9822647395915302e-04,
          -4.7697088095988620e-03, -1.3143933354229928e-03,
          1.9105354810506649e-03, -6.5806927975777213e-04,
          -8.6898271382398543e-03, -3.9492818354691173e-03,
          4.0097581676597126e-02, -5.8622225247820002e-03,
          -1.0890830793788889e-03, 4.0247237980741831e-03,
          5.0389330474489916e-03, 4.2962171540491846e-03,
          2.5676005263711404e-03, 2.6206596081832121e-03,
          1.8273899039340025e-03, -5.8622225247819985e-03,
          3.2108526770715538e-02, -4.2340902224976646e-03,
          8.8509712130382761e-04, 1.4313917982348816e-03,
          9.1502835545382308e-04, 9.5331136128588021e-04,
          2.7362735360465084e-03, 9.9822647395915302e-04,
          -1.0890830793788889e-03, -4.2340902224976646e-03,
          6.4960427696540363e-03 ]
   - !!opencv-matrix
      rows: 9
      cols: 9
      dt: d
      data: [ 1.0534899358929598e-01, 2.8460940210057312e-02,
          1.3703594002485688e-02, 5.3936035656024627e-03,
          1.6092616414965174e-02, 1.8164503888915009e-04,
          -4.5334301707535968e-02, 2.2862502677953783e-02,
          1.3321273418285179e-02, 2.8460940210057312e-02,
          2.9284331159649377e-02, 1.3242106562935910e-02,
          4.7077888667404026e-03, 1.1707931377565392e-02,
          1.8036845886240005e-03, -2.3552426987118041e-02,
          1.6753641974154423e-02, 1.7746352123497931e-02,
          1.3703594002485690e-02, 1.3242106562935906e-02,
          7.2599987458364157e-02, -3.1185595516234816e-03,
          4.5461500735432345e-03, -3.7817764212986192e-04,
          -5.7781891667655809e-03, 8.6921581718376207e-03,
          -8.3772993913402444e-03, 5.3936035656024619e-03,
          4.7077888667404026e-03, -3.1185595516234825e-03,
          3.9451200931496719e-02, 1.6030193089016766e-03,
          -5.8532055421830452e-03, -4.4016536187387366e-03,
          3.6437929541205246e-03, -9.5421659694213486e-04,
          1.6092616414965174e-02, 1.1707931377565392e-02,
          4.5461500735432328e-03, 1.6030193089016766e-03,
          1.6155813037273606e-02, -2.7784894677132656e-03,
