%YAML:1.0
---
groups:
   - intact
   - CD19
intactGmmnames:
   - "intact.667.0"
   - "intact.667.1"
   - "intact.667.2"
   - "intact.667.3"
   - "intact.667.4"
intactLabels:
   - FSC-A
   - SSC-A
   - CD20
   - CD10
   - CD45
   - CD34
   - SYTO41
   - CD19
   - CD38
intactMu: !!opencv-matrix
   rows: 5
   cols: 9
   dt: d
   data: [ 1.6044508734131302e+00, 1.5580420471189431e+00,
       1.2450783152794205e+00, 1.6758628332043293e+00,
       2.1027661539729792e+00, 1.1584414732014203e+00,
       2.9236850337321703e+00, 1.3990171287382009e+00,
       1.5337722821335917e+00, 1.0323971911698666e+00,
       3.3102311148862873e-01, 9.0789394492990827e-01,
       9.7613919346835465e-01, 1.1916249062643764e+00,
       1.0310474226742385e+00, 2.7478676709151983e+00,
       1.0639847324699649e+00, 1.4632896289595236e+00,
       1.1746700271464188e+00, 2.6933434117125332e-01,
       9.5239703434980072e-01, 8.8023631282807502e-01,
       3.7017238011578013e+00, 1.0588419365561463e+00,
       3.1408705971539987e+00, 1.0893107408058789e+00,
       1.7021560454683575e+00, 2.4351842106438393e+00,
       3.0471219248155488e+00, 1.2962722717406772e+00,
       2.9639745849120684e+00, 3.3997176229094204e+00,
       1.1697123735714809e+00, 2.8114297715776737e+00,
       1.7629400615413229e+00, 1.6849875115371498e+00,
       2.2722199206342313e+00, 1.4932753794369902e+00,
       1.3343044031346678e+00, 1.2412592808649980e+00,
       3.5709392853812787e+00, 1.2889724351962963e+00,
       2.9082755909555069e+00, 1.4632482369883890e+00,
       2.3187058983726168e+00 ]
intactSigma:
   - !!opencv-matrix
      rows: 9
      cols: 9
      dt: d
      data: [ 3.2818015345668355e-01, 1.3582392972997465e-01,
          4.1935169797122467e-02, 2.7510656681962418e-02,
          4.8682399855659052e-02, 9.4208926470772114e-03,
          3.0650544825247309e-03, 2.4797398315018534e-02,
          -4.2896175713536065e-04, 1.3582392972997465e-01,
          1.1209103586395757e+00, 1.1167600695127661e-01,
          3.9476055634518725e-01, 3.3425888576454155e-01,
          1.4975485880770485e-02, 2.2825368164349210e-02,
          2.8469505784576771e-01, -4.3764903291138760e-02,
          4.1935169797122467e-02, 1.1167600695127661e-01,
          1.3376944784813463e-01, 1.8679184888685599e-02,
          1.4550128137879910e-02, 2.1266098687581624e-02,
          5.3706836501725752e-02, 4.3787401447880139e-02,
          4.0023976365856362e-03, 2.7510656681962418e-02,
          3.9476055634518725e-01, 1.8679184888685595e-02,
          4.5016072927971057e-01, 3.4754613063334944e-01,
          -6.6031565305082725e-03, 2.1407481515608950e-02,
          9.9513819890099789e-02, 9.5804520711952491e-03,
          4.8682399855659045e-02, 3.3425888576454155e-01,
          1.4550128137879915e-02, 3.4754613063334944e-01,
          5.5843275123010916e-01, -1.9896651018665159e-03,
          -9.3998323970946318e-03, 8.1846950174332925e-02,
          2.9732619411951693e-02, 9.4208926470772097e-03,
          1.4975485880770479e-02, 2.1266098687581624e-02,
          -6.6031565305082751e-03, -1.9896651018665146e-03,
          6.6279198424452984e-02, 3.4836381826942571e-04,
          1.4758158428666924e-02, -1.4989643631923958e-03,
          3.0650544825247270e-03, 2.2825368164349189e-02,
          5.3706836501725752e-02, 2.1407481515608940e-02,
          -9.3998323970946353e-03, 3.4836381826942528e-04,
          2.2488642522692498e-01, -1.3215392196687745e-02,
          1.6178631295897479e-02, 2.4797398315018534e-02,
          2.8469505784576771e-01, 4.3787401447880139e-02,
          9.9513819890099789e-02, 8.1846950174332925e-02,
          1.4758158428666918e-02, -1.3215392196687745e-02,
          1.0516557701735049e-01, -1.7609211558769860e-02,
          -4.2896175713536162e-04, -4.3764903291138760e-02,
          4.0023976365856379e-03, 9.5804520711952491e-03,
          2.9732619411951700e-02, -1.4989643631923965e-03,
          1.6178631295897479e-02, -1.7609211558769860e-02,
          2.8886534082459458e-02 ]
   - !!opencv-matrix
      rows: 9
      cols: 9
      dt: d
      data: [ 5.1572487545448936e-02, 1.1126400676552111e-02,
          7.4881609757992077e-03, 7.2011806520024934e-03,
          6.3382152566128589e-03, 2.9177308139016284e-04,
          -1.1102935345320857e-02, 4.2855829428004406e-03,
          9.7498363851435447e-04, 1.1126400676552111e-02,
          1.0229574490306006e-02, 7.6047984575318729e-03,
          5.2051696605229462e-03, 5.3968683500203009e-03,
          1.5869412835018990e-04, -2.2350621941409211e-03,
          2.9802556960764428e-03, 7.5447880490420627e-04,
          7.4881609757992112e-03, 7.6047984575318721e-03,
          7.1555112185126141e-02, -3.1793232690661699e-03,
          6.0328128189427793e-03, -1.6733928266574668e-04,
          5.8884861037182918e-03, 1.8073403042194935e-03,
          2.6577034909067349e-04, 7.2011806520024925e-03,
          5.2051696605229453e-03, -3.1793232690661699e-03,
          6.7022445732358521e-02, 1.7858485689046223e-02,
          -9.8884713216393924e-04, -6.9987542109851628e-03,
          2.4989564274939952e-03, 1.3096736087284048e-03,
          6.3382152566128615e-03, 5.3968683500203009e-03,
          6.0328128189427767e-03, 1.7858485689046223e-02,
          1.4755481979976751e-01, -3.7977191429176601e-03,
          -3.7000322027251472e-03, 2.4724353053584176e-03,
          1.1787860957725666e-03, 2.9177308139016268e-04,
          1.5869412835018982e-04, -1.6733928266574641e-04,
          -9.8884713216393989e-04, -3.7977191429176597e-03,
          1.8293154879783564e-02, 6.4656880303201359e-05,
          4.1711194588686911e-04, -1.4332530644874472e-04,
          -1.1102935345320850e-02, -2.2350621941409220e-03,
          5.8884861037182910e-03, -6.9987542109851610e-03,
          -3.7000322027251455e-03, 6.4656880303201006e-05,
          1.4783180409199284e-01, -1.6520551499307062e-02,
          2.4093101014141054e-03, 4.2855829428004406e-03,
          2.9802556960764428e-03, 1.8073403042194935e-03,
          2.4989564274939952e-03, 2.4724353053584176e-03,
          4.1711194588686922e-04, -1.6520551499307062e-02,
          1.3562426168012317e-02, -2.0838741287548005e-03,
          9.7498363851435392e-04, 7.5447880490420649e-04,
          2.6577034909067339e-04, 1.3096736087284057e-03,
          1.1787860957725663e-03, -1.4332530644874466e-04,
          2.4093101014141046e-03, -2.0838741287548001e-03,
          4.5513359572864256e-03 ]
   - !!opencv-matrix
      rows: 9
      cols: 9
      dt: d
      data: [ 1.1284203874216384e-01, 9.8479377207521552e-03,
          8.0505006993310552e-03, 2.1771489160268775e-03,
          1.5109345541487894e-02, 2.6860568123889387e-03,
          -1.9587781197266844e-02, 7.6518181389371260e-03,
          -9.3531624173301634e-03, 9.8479377207521569e-03,
          7.8600860800789700e-03, 6.7818024908156260e-03,
          2.9341546274921923e-03, 4.7558317491945149e-03,
          -1.4362652764044229e-04, -6.9330944173597649e-04,
          2.4175263511058993e-03, -2.7956497377962779e-03,
          8.0505006993310552e-03, 6.7818024908156260e-03,
          7.1593003485522957e-02, -2.6876403557668273e-03,
          4.5357526220236874e-03, 8.1741877409648316e-05,
          3.9808257357607053e-03, 2.8713846897433846e-04,
          -9.6879629283729458e-03, 2.1771489160268788e-03,
          2.9341546274921923e-03, -2.6876403557668260e-03,
          4.3430337822967735e-02, 1.7785468182063080e-03,
          -5.4210689538596790e-03, -4.9360940704476183e-04,
          4.3498579028285607e-04, -6.6369820231736382e-04,
          1.5109345541487894e-02, 4.7558317491945157e-03,
          4.5357526220236874e-03, 1.7785468182063078e-03,
          9.4794984338036903e-03, -6.8581922722362983e-04,
          -2.3927157187741610e-03, 2.0171794001534252e-03,
