%YAML:1.0
---
groups:
   - intact
   - CD19
   - blast
intactGmmnames:
   - "intact.688.0"
   - "intact.688.1"
   - "intact.688.2"
   - "intact.688.3"
   - "intact.688.4"
intactLabels:
   - FSC-A
   - SSC-A
   - CD20
   - CD10
   - CD45
   - CD34
   - SYTO41
   - CD19
   - CD38
intactMu: !!opencv-matrix
   rows: 5
   cols: 9
   dt: d
   data: [ 6.1326652436684004e-01, 2.8844835309032496e-01,
       9.8026589075830028e-01, 1.2241271365223687e+00,
       3.5431550872385942e+00, 1.0834051524258599e+00,
       3.7576925465738098e+00, 1.0456115135965489e+00,
       1.9537670800320845e+00, 1.9552301292957532e+00,
       2.7601025723477690e+00, 1.2697251850475908e+00,
       2.4972891323467756e+00, 3.1571364998546487e+00,
       1.1900318447216625e+00, 3.5242812176779061e+00,
       1.5589482381035391e+00, 1.6249248272425092e+00,
       7.4538345611893009e-01, 4.4250288725699316e-01,
       1.0701568651001898e+00, 1.2438498926373918e+00,
       1.5131404628347280e+00, 1.0802773257776259e+00,
       3.7947506590524442e+00, 9.4652268601570133e-01,
       1.4882641881708154e+00, 1.4774531694758986e+00,
       4.5199544624610549e-01, 1.1295393707488373e+00,
       1.2579486457421598e+00, 3.8146606061584438e+00,
       1.0880527089998946e+00, 3.4565151602116426e+00,
       1.1601521175163558e+00, 1.8388506713146557e+00,
       1.6572579552634608e+00, 8.5354201690758558e-01,
       1.3001627884361420e+00, 1.4021469483633286e+00,
       2.9570576673176001e+00, 1.3809970477548015e+00,
       3.4914277163148641e+00, 1.1728476373490151e+00,
       2.0404937140353701e+00 ]
intactSigma:
   - !!opencv-matrix
      rows: 9
      cols: 9
      dt: d
      data: [ 4.4181284802103267e-02, -1.2542972375576874e-03,
          -7.9878377748808537e-04, 7.2074319939701857e-04,
          8.9326624175288579e-03, -1.7130002282959543e-03,
          -1.0509820763894118e-02, 8.7837347593321114e-04,
          2.8867239064511115e-03, -1.2542972375576876e-03,
          6.5115628578493283e-03, 9.8555546635821709e-03,
          3.9751481420616431e-04, 1.4938664636991123e-03,
          1.3104451513665676e-03, 1.8142745953261133e-03,
          1.1157683699217077e-03, -8.2601148076387049e-03,
          -7.9878377748808581e-04, 9.8555546635821726e-03,
          7.8426510001328262e-02, -6.3937273726269439e-04,
          4.6010080818971247e-03, 2.8259779714592289e-03,
          2.5724809270427540e-03, 3.8032696654545176e-03,
          -2.3351509249944023e-02, 7.2074319939701857e-04,
          3.9751481420616437e-04, -6.3937273726269428e-04,
          1.9536878781822630e-03, 5.4803677085622229e-04,
          -8.4295007950656786e-04, -6.8885707416390795e-04,
          4.9437525866997869e-04, -6.9649707750476467e-04,
          8.9326624175288579e-03, 1.4938664636991123e-03,
          4.6010080818971255e-03, 5.4803677085622207e-04,
          1.3134275294357522e-02, -2.6421032501645764e-03,
          -3.2273231298847421e-03, 1.8119665565740936e-03,
          -2.4699696635367883e-03, -1.7130002282959545e-03,
          1.3104451513665676e-03, 2.8259779714592289e-03,
          -8.4295007950656797e-04, -2.6421032501645777e-03,
          1.0563183157741540e-01, 7.4170640779100470e-04,
          8.5269056210631378e-04, 4.0980847327829325e-03,
          -1.0509820763894118e-02, 1.8142745953261133e-03,
          2.5724809270427540e-03, -6.8885707416390795e-04,
          -3.2273231298847421e-03, 7.4170640779100481e-04,
          8.8589043134736298e-03, -3.6572155535961309e-03,
          -5.0993721319923498e-03, 8.7837347593321059e-04,
          1.1157683699217077e-03, 3.8032696654545181e-03,
          4.9437525866997880e-04, 1.8119665565740942e-03,
          8.5269056210631345e-04, -3.6572155535961309e-03,
          1.3859762529247583e-02, -3.9457287775245342e-03,
          2.8867239064511115e-03, -8.2601148076387066e-03,
          -2.3351509249944023e-02, -6.9649707750476446e-04,
          -2.4699696635367878e-03, 4.0980847327829325e-03,
          -5.0993721319923498e-03, -3.9457287775245351e-03,
          1.7891575716316971e-01 ]
   - !!opencv-matrix
      rows: 9
      cols: 9
      dt: d
      data: [ 5.8048710196956832e-01, 3.4575642191577682e-01,
          4.4600522761936282e-02, -7.9850000657292378e-02,
          1.0059970033439199e-01, 4.3929517417331124e-03,
          -5.5790839073799711e-02, 5.8459630208806894e-02,
          1.2144500705372230e-02, 3.4575642191577682e-01,
          7.2821232173300421e-01, -2.7422341778890087e-02,
          -5.7767105951514693e-02, 2.3367460848318258e-01,
          -4.8124228554246758e-02, -5.9288735249749418e-02,
          9.0158314928296984e-02, -7.1586959846043088e-02,
          4.4600522761936282e-02, -2.7422341778890087e-02,
          1.6424769053692795e-01, 3.9359640985536681e-02,
          -1.3113282830062179e-02, 5.6809587958590174e-02,
          5.3166684012334224e-03, 3.1529563835405540e-02,
          5.3118368105892454e-02, -7.9850000657292336e-02,
          -5.7767105951514706e-02, 3.9359640985536681e-02,
          3.3002000028401457e-01, 1.1478578405919039e-02,
          2.4566260858182233e-02, -2.0493670694222569e-03,
          1.5540601991798431e-02, 4.3394685001748874e-02,
          1.0059970033439199e-01, 2.3367460848318253e-01,
          -1.3113282830062179e-02, 1.1478578405919039e-02,
          2.4617800403784848e-01, -3.8252067054432966e-02,
          -2.7820456798693834e-02, 8.1994161867183883e-03,
          -1.3755153195082312e-02, 4.3929517417331098e-03,
          -4.8124228554246758e-02, 5.6809587958590174e-02,
          2.4566260858182233e-02, -3.8252067054432966e-02,
          1.2976954167045729e-01, 1.0606287392831358e-02,
          1.5928382294960707e-02, 3.5513416234490641e-02,
          -5.5790839073799711e-02, -5.9288735249749418e-02,
          5.3166684012334224e-03, -2.0493670694222564e-03,
          -2.7820456798693830e-02, 1.0606287392831358e-02,
          7.0659500821104004e-02, -2.7202255258989668e-02,
          1.4710028560081896e-02, 5.8459630208806894e-02,
          9.0158314928296984e-02, 3.1529563835405540e-02,
          1.5540601991798427e-02, 8.1994161867183883e-03,
          1.5928382294960703e-02, -2.7202255258989668e-02,
          6.7351981905931071e-02, -1.1681747516953406e-02,
          1.2144500705372235e-02, -7.1586959846043088e-02,
          5.3118368105892468e-02, 4.3394685001748867e-02,
          -1.3755153195082319e-02, 3.5513416234490641e-02,
          1.4710028560081896e-02, -1.1681747516953410e-02,
          2.9696136442101317e-01 ]
   - !!opencv-matrix
      rows: 9
      cols: 9
      dt: d
      data: [ 9.1313477393157427e-02, 2.6218646346047952e-02,
          2.6795862078851630e-02, 3.8083822578361135e-03,
          8.9337751457863879e-03, 2.0071115520454265e-03,
          2.4977410088880270e-03, -1.3989685781043553e-04,
          2.8018281332958885e-02, 2.6218646346047952e-02,
          2.5974531430835422e-02, 2.6195682045449732e-02,
          1.3917318443920942e-03, 6.1670072460475716e-03,
          1.0252912262813845e-03, 9.8853489905959702e-03,
          -3.0193721486983021e-03, 2.1320245145160881e-02,
          2.6795862078851630e-02, 2.6195682045449725e-02,
          8.8664252216613823e-02, 2.3164521208699808e-03,
          7.4910048892155665e-03, 3.2934186172060387e-03,
          6.8404180621621435e-03, 7.5469225152857765e-04,
          2.3622947091254835e-02, 3.8083822578361135e-03,
          1.3917318443920942e-03, 2.3164521208699808e-03,
          4.4080469500323094e-03, 1.9668590915385372e-03,
          9.6888300641847668e-06, -5.2961920111433500e-03,
          4.1839734749619497e-03, 1.0505381817343528e-03,
          8.9337751457863879e-03, 6.1670072460475716e-03,
          7.4910048892155665e-03, 1.9668590915385377e-03,
          1.1778550497869581e-02, -4.3160948403996410e-04,
