%YAML:1.0
---
groups:
   - intact
   - CD19
   - blast
intactGmmnames:
   - "intact.694.0"
   - "intact.694.1"
   - "intact.694.2"
   - "intact.694.3"
   - "intact.694.4"
intactLabels:
   - FSC-A
   - SSC-A
   - CD20
   - CD10
   - CD45
   - CD34
   - SYTO41
   - CD19
   - CD38
intactMu: !!opencv-matrix
   rows: 5
   cols: 9
   dt: d
   data: [ 1.2567852223728844e+00, 1.5887960615965762e+00,
       1.3428622613012788e+00, 1.2604662199944103e+00,
       2.1917282339295441e+00, 1.5076274144781650e+00,
       2.6660171575807210e+00, 1.4019302194188463e+00,
       1.7768862682319790e+00, 9.0662926610588090e-01,
       3.2452060280018491e-01, 8.8198680638426807e-01,
       8.3869888971509732e-01, 3.4594529368074443e+00,
       9.7536967378698725e-01, 3.3338394756380088e+00,
       9.8922988351624619e-01, 1.7887834892683150e+00,
       6.5439456030884591e-01, 3.1434505228885229e-01,
       1.0146128971394668e+00, 1.0633136507922201e+00,
       1.2145183248082780e+00, 1.0322712434877703e+00,
       3.4010307764578545e+00, 7.8861198469437321e-01,
       1.6659216354867115e+00, 1.6452512317174468e+00,
       2.9865545629089261e+00, 1.1953581966270101e+00,
       1.6591843704633193e+00, 2.4946933308890817e+00,
       1.0680816885935007e+00, 3.5574121088929758e+00,
       1.4309759877554726e+00, 1.7441967381979417e+00,
       1.2024835424594862e+00, 9.6349114748233411e-01,
       1.1855198812770191e+00, 1.0887993493231245e+00,
       3.2567579287334096e+00, 1.1153814861660865e+00,
       3.2214640946462958e+00, 1.2414593492523938e+00,
       2.3606012243070369e+00 ]
intactSigma:
   - !!opencv-matrix
      rows: 9
      cols: 9
      dt: d
      data: [ 4.1678372140060482e-01, 4.2736316543492880e-01,
          1.1806503839699842e-01, 9.4148355650228513e-02,
          1.5639962415176537e-01, 8.3529820124505633e-02,
          1.1461270500197869e-01, 1.0097202169362207e-01,
          6.9043276569650952e-02, 4.2736316543492880e-01,
          1.0664685547998090e+00, 2.7402356723381860e-01,
          2.4093460133559097e-01, 3.7574151696703617e-01,
          2.2886501305971177e-01, 2.5311124988332090e-01,
          2.7090962098692922e-01, 1.3255422470338354e-01,
          1.1806503839699840e-01, 2.7402356723381865e-01,
          1.2974065329454207e-01, 7.1616447943489814e-02,
          1.0635943665934243e-01, 9.6195905380606489e-02,
          7.6815952294766315e-02, 8.3899303849160917e-02,
          3.5725624208599760e-02, 9.4148355650228513e-02,
          2.4093460133559097e-01, 7.1616447943489786e-02,
          1.0470803419518152e-01, 1.1210619554030518e-01,
          6.1257506850821729e-02, 7.1296224626681448e-02,
          6.5154539700544037e-02, 3.7088431072588024e-02,
          1.5639962415176537e-01, 3.7574151696703612e-01,
          1.0635943665934243e-01, 1.1210619554030518e-01,
          3.0948287608072994e-01, 7.9139202387637414e-02,
          1.4090550636090785e-01, 9.1309261029177718e-02,
          7.9025199343747382e-02, 8.3529820124505633e-02,
          2.2886501305971171e-01, 9.6195905380606475e-02,
          6.1257506850821729e-02, 7.9139202387637414e-02,
          1.9574010384166504e-01, 6.1120605471002183e-02,
          8.2084626585937612e-02, 2.6735434587379415e-02,
          1.1461270500197869e-01, 2.5311124988332084e-01,
          7.6815952294766315e-02, 7.1296224626681448e-02,
          1.4090550636090785e-01, 6.1120605471002183e-02,
          9.7881527124617354e-02, 6.5511016223288962e-02,
          4.6015507641230705e-02, 1.0097202169362207e-01,
          2.7090962098692922e-01, 8.3899303849160917e-02,
          6.5154539700544037e-02, 9.1309261029177718e-02,
          8.2084626585937612e-02, 6.5511016223288976e-02,
          9.7032435804776482e-02, 2.9479147726018208e-02,
          6.9043276569650924e-02, 1.3255422470338354e-01,
          3.5725624208599753e-02, 3.7088431072588024e-02,
          7.9025199343747382e-02, 2.6735434587379408e-02,
          4.6015507641230712e-02, 2.9479147726018208e-02,
          3.5622011717491443e-02 ]
   - !!opencv-matrix
      rows: 9
      cols: 9
      dt: d
      data: [ 8.5474124165366802e-02, 9.1483215353173816e-03,
          6.2927277896353204e-03, 3.6038246450862104e-03,
          2.1505223709290852e-02, 8.5832247323557509e-04,
          -1.8221374325972872e-02, 5.3423015528117988e-03,
          -8.2400738559592767e-04, 9.1483215353173816e-03,
          1.8922013627392247e-02, 9.4537771550998982e-03,
          7.0350798278439883e-03, 1.0967677139638407e-02,
          -3.4398258302908931e-04, -1.3169486752688727e-02,
          1.2136626123509719e-02, 3.4668971609353480e-05,
          6.2927277896353204e-03, 9.4537771550999000e-03,
          6.5739069064244177e-02, -3.2021008232731392e-03,
          4.6928561303178741e-03, -2.8715102133504522e-03,
          -4.0610953246332272e-03, 6.0884638846935056e-03,
          -3.2345201810409438e-03, 3.6038246450862130e-03,
          7.0350798278439883e-03, -3.2021008232731392e-03,
          4.6793779007023979e-02, 4.4929350515670154e-03,
          -5.6668718625693393e-03, -6.2574845635303767e-03,
          6.5151310597587001e-03, -1.1265951316852653e-03,
          2.1505223709290856e-02, 1.0967677139638407e-02,
          4.6928561303178741e-03, 4.4929350515670163e-03,
          2.3084167923399804e-02, -3.5267277065647194e-03,
          -1.6477153016616123e-02, 1.2471257930359962e-02,
          3.3758508255619181e-04, 8.5832247323557411e-04,
          -3.4398258302908947e-04, -2.8715102133504526e-03,
          -5.6668718625693375e-03, -3.5267277065647203e-03,
          1.0845020491821264e-01, 3.2704444034743871e-03,
          -1.5504019548572990e-04, 6.2804711117298787e-04,
          -1.8221374325972872e-02, -1.3169486752688723e-02,
          -4.0610953246332272e-03, -6.2574845635303749e-03,
          -1.6477153016616123e-02, 3.2704444034743884e-03,
          3.6408814002475760e-02, -1.9603215696558578e-02,
          -5.5492230895423330e-04, 5.3423015528117996e-03,
          1.2136626123509721e-02, 6.0884638846935056e-03,
          6.5151310597587001e-03, 1.2471257930359962e-02,
          -1.5504019548572990e-04, -1.9603215696558578e-02,
          5.1474053839530631e-02, -2.4195155512559971e-03,
          -8.2400738559592712e-04, 3.4668971609353412e-05,
          -3.2345201810409438e-03, -1.1265951316852660e-03,
          3.3758508255619192e-04, 6.2804711117298809e-04,
          -5.5492230895423363e-04, -2.4195155512559958e-03,
          2.6067527396764340e-02 ]
   - !!opencv-matrix
      rows: 9
      cols: 9
      dt: d
      data: [ 4.9726559261838471e-02, 1.2670290152599951e-02,
          2.9065198350365504e-02, 1.4506913327534579e-02,
          3.4815786181975152e-03, 1.0256580183816567e-03,
          -5.4054379991612181e-03, 3.9301975023587846e-03,
          -3.4791921193996051e-04, 1.2670290152599951e-02,
          2.4375988533390267e-02, 2.4283675398974882e-02,
          1.5861354822700225e-02, 7.7346126683413901e-03,
          1.5794856773882892e-03, 6.1040452458384293e-03,
          1.8997437528535564e-03, 1.7078851592341150e-03,
          2.9065198350365511e-02, 2.4283675398974879e-02,
          2.2514478147602329e-01, 7.4807941978533340e-02,
          9.4574258645789937e-03, 1.0363580076024640e-02,
          -2.5334003886020542e-02, 2.4250115987306337e-02,
          -5.7339118142822323e-03, 1.4506913327534576e-02,
          1.5861354822700225e-02, 7.4807941978533340e-02,
          1.5628769807728018e-01, 2.6844108434364879e-02,
          4.7657093247879239e-03, -1.0779063623630724e-02,
          1.7108111194405050e-02, 3.5050701067966270e-03,
          3.4815786181975139e-03, 7.7346126683413893e-03,
          9.4574258645789902e-03, 2.6844108434364879e-02,
          7.6857007244198972e-02, 4.7427757030432316e-03,
          -4.1808702864226206e-03, 5.9042472056305036e-03,
