%YAML:1.0
---
groups:
   - intact
   - CD19
intactGmmnames:
   - "intact.697.0"
   - "intact.697.1"
   - "intact.697.2"
   - "intact.697.3"
   - "intact.697.4"
intactLabels:
   - FSC-A
   - SSC-A
   - CD20
   - CD10
   - CD45
   - CD34
   - SYTO41
   - CD19
   - CD38
intactMu: !!opencv-matrix
   rows: 5
   cols: 9
   dt: d
   data: [ 1.2964870884829145e+00, 3.2192471261079914e-01,
       9.6044229377391632e-01, 8.9244160821282570e-01,
       3.7969831061911328e+00, 1.1412755498351679e+00,
       3.2241174082084876e+00, 9.9003365880595273e-01,
       2.0587926118203961e+00, 2.2230384626814819e+00,
       3.4912535363961150e+00, 1.1369806443284347e+00,
       2.4629398122178410e+00, 3.2095844735046772e+00,
       1.5241044088182503e+00, 3.1129091521271430e+00,
       1.7013848058249164e+00, 1.7799096783884945e+00,
       1.6687391956308961e+00, 9.5998870353727261e-01,
       1.1370074923539282e+00, 1.1099646533950347e+00,
       3.8462539567051954e+00, 1.4419848979498384e+00,
       3.1081348793106240e+00, 1.2411750532152290e+00,
       2.7359504432766659e+00, 2.1128361881743967e+00,
       1.5696313766767369e+00, 1.3555240673351068e+00,
       1.2713786556500091e+00, 2.1994293444167141e+00,
       1.5038025357736400e+00, 2.8169687933139786e+00,
       1.2927778908523049e+00, 1.6377422507638504e+00,
       1.4563603263236333e+00, 4.8199356328877391e-01,
       1.0631326156774918e+00, 9.6002676936887621e-01,
       3.8754841362612806e+00, 1.1486651534019792e+00,
       3.1257025332863102e+00, 1.1090760139169016e+00,
       1.7472387968936247e+00 ]
intactSigma:
   - !!opencv-matrix
      rows: 9
      cols: 9
      dt: d
      data: [ 7.6887388063821990e-02, 1.1896805663987146e-03,
          3.1755594482373631e-03, -5.3064007471342563e-04,
          5.7946432344558388e-03, 2.3168208885573139e-03,
          1.8129528055959403e-03, -5.9398368009680414e-03,
          2.6926007883078880e-03, 1.1896805663987146e-03,
          6.7037327086133811e-03, 5.8634543578695696e-03,
          1.6697128028144732e-03, 2.7506102307509922e-03,
          -3.5965243547049883e-05, -6.3220162407572880e-04,
          3.6822479769300334e-03, -3.4528473160475850e-03,
          3.1755594482373640e-03, 5.8634543578695696e-03,
          7.5775139404833866e-02, -4.1631814577801785e-03,
          3.6002680068390504e-03, -8.5320580693116002e-04,
          2.0930255158604225e-04, 3.0793560928724885e-03,
          -1.2656995282424392e-02, -5.3064007471342520e-04,
          1.6697128028144732e-03, -4.1631814577801785e-03,
          3.4077771852104706e-02, 8.8494613451866602e-04,
          -4.3738759342603125e-03, -2.5699202245438752e-04,
          1.9084191707830847e-03, -1.2732510297755917e-03,
          5.7946432344558388e-03, 2.7506102307509922e-03,
          3.6002680068390504e-03, 8.8494613451866591e-04,
          5.7715617692096106e-03, -1.0587300887860956e-03,
          -5.2334530961867709e-04, 1.3891495441373408e-03,
          -5.8136994663629676e-03, 2.3168208885573143e-03,
          -3.5965243547049985e-05, -8.5320580693116067e-04,
          -4.3738759342603099e-03, -1.0587300887860964e-03,
          1.2837590379925479e-01, 1.2903029796349458e-03,
          6.6687602091577037e-04, 5.2256704867061302e-03,
          1.8129528055959403e-03, -6.3220162407572880e-04,
          2.0930255158604216e-04, -2.5699202245438752e-04,
          -5.2334530961867698e-04, 1.2903029796349447e-03,
          5.8991719427197572e-03, -1.5312195851977513e-03,
          -1.3446088091052970e-03, -5.9398368009680388e-03,
          3.6822479769300334e-03, 3.0793560928724906e-03,
          1.9084191707830840e-03, 1.3891495441373414e-03,
          6.6687602091577069e-04, -1.5312195851977506e-03,
          7.5429908271068616e-02, -8.8528079205087481e-03,
          2.6926007883078867e-03, -3.4528473160475850e-03,
          -1.2656995282424397e-02, -1.2732510297755915e-03,
          -5.8136994663629676e-03, 5.2256704867061320e-03,
          -1.3446088091052968e-03, -8.8528079205087446e-03,
          1.3730746046253184e-01 ]
   - !!opencv-matrix
      rows: 9
      cols: 9
      dt: d
      data: [ 4.1329707372521401e-01, 1.4714377557141692e-01,
          2.2475313568317151e-02, -3.9523906208135250e-02,
          3.6748599879332816e-03, -1.4286934652660553e-03,
          -1.7130171941953955e-02, 2.5703846749626617e-02,
          6.7295968595006469e-03, 1.4714377557141692e-01,
          3.0639645759331485e-01, 3.4670824678387453e-02,
          2.8629529529689973e-02, 1.6322231980854297e-02,
          8.4235751253108025e-03, -1.9163320150396235e-02,
          5.8322716157364514e-02, 1.1746654846264724e-02,
          2.2475313568317157e-02, 3.4670824678387460e-02,
          6.4014075376986168e-02, 2.9755717261135861e-03,
          3.8621641501594400e-03, 7.3231182172327500e-03,
          7.2844134268672267e-04, 7.3709516498167852e-03,
          3.1058987322592421e-03, -3.9523906208135236e-02,
          2.8629529529689973e-02, 2.9755717261135870e-03,
          1.3054173065992225e-01, 2.1242743218183844e-02,
          9.9297959282821768e-04, -8.8576239203919246e-04,
          8.6664507355449921e-03, 2.2529096927700297e-03,
          3.6748599879332816e-03, 1.6322231980854300e-02,
          3.8621641501594400e-03, 2.1242743218183844e-02,
          2.5697738357644617e-02, 5.0471962260347662e-05,
          -2.0906867659335423e-03, 3.7834709337766894e-03,
          -1.5871460110617009e-04, -1.4286934652660592e-03,
          8.4235751253108025e-03, 7.3231182172327465e-03,
          9.9297959282821746e-04, 5.0471962260347601e-05,
          9.2619205340027141e-02, 2.1867682297572965e-03,
          3.1261811701508522e-03, 1.0928918865223741e-03,
          -1.7130171941953955e-02, -1.9163320150396231e-02,
          7.2844134268672267e-04, -8.8576239203919278e-04,
          -2.0906867659335423e-03, 2.1867682297572965e-03,
          2.4064897849892675e-02, -5.9607776666360411e-03,
          6.3153467688361806e-04, 2.5703846749626617e-02,
          5.8322716157364528e-02, 7.3709516498167852e-03,
          8.6664507355449973e-03, 3.7834709337766894e-03,
          3.1261811701508513e-03, -5.9607776666360411e-03,
          4.0899313963940136e-02, -3.4972911037366226e-03,
          6.7295968595006495e-03, 1.1746654846264725e-02,
          3.1058987322592421e-03, 2.2529096927700297e-03,
          -1.5871460110617017e-04, 1.0928918865223721e-03,
          6.3153467688361806e-04, -3.4972911037366222e-03,
          3.9880646381328946e-02 ]
   - !!opencv-matrix
      rows: 9
      cols: 9
      dt: d
      data: [ 2.6910796320121594e-01, 3.8915319395680777e-02,
          3.5622642555618547e-02, -2.1663885305988791e-02,
          2.5531475187872847e-02, 4.7415733307045911e-02,
          1.9420814592794440e-02, 6.2118170226456880e-03,
          -3.8252585319629460e-02, 3.8915319395680777e-02,
          3.0434928337538819e-01, 8.6821289836030893e-02,
          2.0478096423372508e-02, -3.3897583304817368e-02,
          1.7035667819866473e-01, 9.5349365350720031e-03,
          9.4514267347967959e-02, 1.8700530839631642e-02,
          3.5622642555618540e-02, 8.6821289836030893e-02,
          9.8077568729340620e-02, -5.7690790694450006e-04,
          -3.4470830997842617e-03, 4.7542906491834513e-02,
          1.5330709892000563e-02, 1.9705441419083473e-02,
          -1.4101306317327648e-02, -2.1663885305988791e-02,
          2.0478096423372512e-02, -5.7690790694450028e-04,
          1.1109820650729411e-01, -9.0746657728302156e-03,
          1.2328221766006685e-02, 6.3678128794044586e-03,
          -3.2723049071306299e-03, -7.2683797748826079e-02,
          2.5531475187872844e-02, -3.3897583304817368e-02,
          -3.4470830997842625e-03, -9.0746657728302121e-03,
          3.6512610413647999e-02, -5.2402779872333910e-02,
          -6.0872027835686491e-03, 4.3501103235980241e-04,
