%YAML:1.0
---
groups:
   - intact
   - CD19
intactGmmnames:
   - "intact.699.0"
   - "intact.699.1"
   - "intact.699.2"
   - "intact.699.3"
   - "intact.699.4"
intactLabels:
   - FSC-A
   - SSC-A
   - CD20
   - CD10
   - CD45
   - CD34
   - SYTO41
   - CD19
   - CD38
intactMu: !!opencv-matrix
   rows: 5
   cols: 9
   dt: d
   data: [ 1.6762320563941877e+00, 9.6218520305654887e-01,
       1.1529431324112558e+00, 1.0655235037872932e+00,
       3.7813962337265252e+00, 1.4148956652574256e+00,
       2.7260091841904206e+00, 1.3959084514341609e+00,
       2.8808256578958980e+00, 8.3931859438764256e-01,
       3.7654872092240854e-01, 9.7867493219065460e-01,
       9.0966582493313686e-01, 1.3846135080453719e+00,
       1.0725759558181613e+00, 2.4491151689548651e+00,
       1.0651320783352898e+00, 1.4643196125152889e+00,
       1.8976597446611285e+00, 1.7342520585864349e+00,
       1.2595665682123154e+00, 1.6223942551016521e+00,
       2.4176424473630291e+00, 1.2064161500927619e+00,
       2.8666637389707277e+00, 1.3833275080420406e+00,
       1.6679864959513926e+00, 1.2298848103676667e+00,
       3.3787904296375948e-01, 9.6230506221028245e-01,
       8.4403902513286000e-01, 3.8629064777996454e+00,
       1.1187163037225469e+00, 2.8228619900063374e+00,
       1.2217607045111505e+00, 2.0565540758898928e+00,
       7.3118714499501603e-01, 3.6227145612926037e-01,
       1.0017330747570505e+00, 8.7658795140578938e-01,
       1.3961431621491174e+00, 1.0780841024693091e+00,
       3.1376962606816297e+00, 9.8182365131378191e-01,
       1.4841099226246417e+00 ]
intactSigma:
   - !!opencv-matrix
      rows: 9
      cols: 9
      dt: d
      data: [ 3.2994901558301626e-01, 1.7569803477914162e-01,
          6.1236278754638482e-02, 5.1022035932946005e-02,
          -6.2676478368446698e-02, 6.5947183433370027e-02,
          2.9847016044908012e-02, 2.4701321731996781e-02,
          -1.3850500065809989e-02, 1.7569803477914162e-01,
          3.4855014061514272e-01, 1.1631531403479591e-01,
          1.0915409686156616e-01, -9.4830404873494895e-02,
          7.9730332833906181e-02, 2.8280977288166930e-02,
          7.4858187768680459e-02, 2.2839587700465001e-03,
          6.1236278754638482e-02, 1.1631531403479592e-01,
          1.6489231831969725e-01, 6.6776281356858910e-02,
          -4.4318555591076288e-02, 2.1643625882441925e-02,
          3.8598230091182115e-02, 5.1594382325688262e-02,
          -7.5935518446617820e-02, 5.1022035932946005e-02,
          1.0915409686156616e-01, 6.6776281356858910e-02,
          1.6207773659254693e-01, -3.2593730688817525e-02,
          1.9183874375088544e-02, 1.4372824640123166e-02,
          4.2591072972979725e-02, -7.5106014127634818e-02,
          -6.2676478368446698e-02, -9.4830404873494895e-02,
          -4.4318555591076288e-02, -3.2593730688817525e-02,
          1.1053881520151483e-01, -5.7271385430273117e-02,
          -4.8461532241218006e-02, -4.8081609637307477e-03,
          -1.3749504944778718e-02, 6.5947183433370027e-02,
          7.9730332833906181e-02, 2.1643625882441932e-02,
          1.9183874375088544e-02, -5.7271385430273117e-02,
          3.7439989007537644e-01, 1.5341952910272691e-02,
          9.1313409123354571e-03, 8.3495590772196412e-02,
          2.9847016044908012e-02, 2.8280977288166923e-02,
          3.8598230091182122e-02, 1.4372824640123162e-02,
          -4.8461532241218006e-02, 1.5341952910272691e-02,
          1.1570066375875972e-01, -9.8298468931999235e-03,
          -4.2916549163144725e-02, 2.4701321731996781e-02,
          7.4858187768680459e-02, 5.1594382325688262e-02,
          4.2591072972979725e-02, -4.8081609637307477e-03,
          9.1313409123354606e-03, -9.8298468931999235e-03,
          1.1633961030925973e-01, 2.2099965008558512e-03,
          -1.3850500065809993e-02, 2.2839587700465057e-03,
          -7.5935518446617820e-02, -7.5106014127634804e-02,
          -1.3749504944778716e-02, 8.3495590772196412e-02,
          -4.2916549163144725e-02, 2.2099965008558504e-03,
          4.4574994223962494e-01 ]
   - !!opencv-matrix
      rows: 9
      cols: 9
      dt: d
      data: [ 7.2249322407405420e-02, 1.2017710152249610e-03,
          -2.4768767326417700e-03, 4.7757542037391160e-03,
          -1.1478870994458378e-03, -1.4691513105784251e-03,
          -1.1689927456959242e-02, 1.7829355370022686e-03,
          2.5094262318539596e-04, 1.2017710152249612e-03,
          9.0438220653003831e-03, 6.4938971229543431e-03,
          2.4247153506743039e-03, 1.2403942692607503e-03,
          2.4179025018721459e-04, 3.7731875943500517e-03,
          1.8259172456044643e-03, 6.1879298618434139e-04,
          -2.4768767326417700e-03, 6.4938971229543448e-03,
          5.7992344316271288e-02, -6.1516655523756354e-03,
          1.3133610632320609e-03, -1.8903237423011253e-04,
          7.2454534088478408e-03, 1.8133074207794364e-03,
          -1.3714538011413757e-04, 4.7757542037391177e-03,
          2.4247153506743039e-03, -6.1516655523756372e-03,
          4.2505537665063819e-02, 1.4985425092385375e-03,
          -1.0778024114963861e-03, -2.3685989707891097e-03,
          1.2812625087756499e-03, 1.3890250475778610e-04,
          -1.1478870994458378e-03, 1.2403942692607503e-03,
          1.3133610632320603e-03, 1.4985425092385375e-03,
          1.1924016610593835e-02, -4.8182757080577818e-04,
          -6.3281950709922585e-04, -2.3769533761750875e-04,
          -1.6828458597795075e-04, -1.4691513105784257e-03,
          2.4179025018721459e-04, -1.8903237423011248e-04,
          -1.0778024114963861e-03, -4.8182757080577818e-04,
          1.8688592753705088e-02, 2.2584794095411451e-04,
          6.0667293427158128e-05, 2.5112561804724483e-04,
          -1.1689927456959242e-02, 3.7731875943500513e-03,
          7.2454534088478417e-03, -2.3685989707891097e-03,
          -6.3281950709922596e-04, 2.2584794095411472e-04,
          4.8193289141348905e-02, -2.5309894099638875e-03,
          2.6964351057223989e-04, 1.7829355370022686e-03,
          1.8259172456044643e-03, 1.8133074207794364e-03,
          1.2812625087756499e-03, -2.3769533761750885e-04,
          6.0667293427158263e-05, -2.5309894099638888e-03,
          1.0354394703242668e-02, -1.4609868508504349e-03,
          2.5094262318539585e-04, 6.1879298618434107e-04,
          -1.3714538011413752e-04, 1.3890250475778615e-04,
          -1.6828458597795078e-04, 2.5112561804724478e-04,
          2.6964351057223989e-04, -1.4609868508504342e-03,
          3.2740216700429155e-03 ]
   - !!opencv-matrix
      rows: 9
      cols: 9
      dt: d
      data: [ 6.6658607763180899e-01, 6.4211991266031032e-01,
          7.2789669719696179e-02, 2.1403068531848590e-01,
          3.3455953247508191e-01, -5.0454459598171214e-02,
          1.0149879562989404e-01, 1.5566656640693441e-01,
          5.4088755054211062e-02, 6.4211991266031054e-01,
          1.2169135871835919e+00, 1.0162406531971739e-01,
          5.0937904587170257e-01, 6.2397726731771153e-01,
          -7.9897093026338226e-02, 1.7680074260151851e-01,
          2.7708922068353331e-01, 7.9998998818943901e-02,
          7.2789669719696193e-02, 1.0162406531971743e-01,
          1.0877814193412594e-01, 4.2005279804989595e-02,
          3.1283366150061415e-02, -4.8392235248637359e-03,
          6.0549536687281420e-02, 2.4697570795735646e-02,
          9.4161653567442546e-03, 2.1403068531848590e-01,
          5.0937904587170257e-01, 4.2005279804989595e-02,
          4.2229758081713009e-01, 3.2833631919998635e-01,
          -3.9962728642223534e-02, 1.0974019329714296e-01,
          1.1243025488378451e-01, 1.5241637828787504e-02,
          3.3455953247508191e-01, 6.2397726731771153e-01,
          3.1283366150061415e-02, 3.2833631919998635e-01,
          5.0937215982917494e-01, -4.4649401769694542e-02,
          1.0296993151151280e-01, 1.4524791911171214e-01,
