%YAML:1.0
---
groups:
   - intact
   - CD19
   - blast
intactGmmnames:
   - "intact.704.0"
   - "intact.704.1"
   - "intact.704.2"
   - "intact.704.3"
   - "intact.704.4"
intactLabels:
   - FSC-A
   - SSC-A
   - CD20
   - CD10
   - CD45
   - CD34
   - SYTO41
   - CD19
   - CD38
intactMu: !!opencv-matrix
   rows: 5
   cols: 9
   dt: d
   data: [ 1.3048312877659891e+00, 4.4716535673268570e-01,
       1.0280877497018479e+00, 9.0968155813840335e-01,
       3.7012089873002734e+00, 1.0511159745878129e+00,
       2.6161440882466076e+00, 1.0729042358456977e+00,
       1.6547715528933280e+00, 2.3118318447912287e+00,
       3.8868765853016511e+00, 1.2271868801135095e+00,
       2.6905686649951837e+00, 3.1806181751270111e+00,
       1.3327077941276977e+00, 2.7227744679877901e+00,
       1.8677299820919895e+00, 1.4986723441587309e+00,
       9.7604110844795666e-01, 3.8710711030526729e-01,
       9.1939624338198511e-01, 1.2406102604623539e+00,
       1.5253048115831831e+00, 1.0776109264029063e+00,
       2.7620822533376779e+00, 9.5303669629308596e-01,
       1.5832110285687238e+00, 2.7608088143552196e+00,
       3.3970930419966092e+00, 1.3112955667033888e+00,
       1.8296455121599517e+00, 3.0218137706407378e+00,
       1.2588674950997651e+00, 2.7589197359629982e+00,
       1.7841605960027258e+00, 1.5688176603521506e+00,
       1.8653843547370241e+00, 2.0104701578992912e+00,
       1.3630695044982639e+00, 1.5224858533569607e+00,
       3.0072540154318856e+00, 1.4666179864027369e+00,
       2.7526768535547328e+00, 1.4887736086805405e+00,
       2.0144180610468330e+00 ]
intactSigma:
   - !!opencv-matrix
      rows: 9
      cols: 9
      dt: d
      data: [ 9.9634472282267711e-02, 1.4209101326472066e-02,
          1.0718644059695725e-02, 2.4883571855046013e-03,
          1.2913427735660071e-02, 3.1774988031475983e-03,
          -1.8392724270127770e-03, 9.2631231340181974e-03,
          -1.2200466360589458e-03, 1.4209101326472063e-02,
          1.9540382430783890e-02, 1.4038976125950477e-02,
          3.1895865673422785e-03, 6.9080387096365050e-03,
          2.4063599557820822e-03, 6.2401249615786703e-04,
          9.0228355749424893e-03, -7.4821929752371874e-03,
          1.0718644059695729e-02, 1.4038976125950477e-02,
          8.6877430552843374e-02, -4.7881957022522731e-03,
          6.6225389341947440e-03, 4.6792952484635459e-04,
          1.5249771970661397e-03, 5.2689206347209111e-03,
          -1.3708915611150964e-02, 2.4883571855045996e-03,
          3.1895865673422794e-03, -4.7881957022522705e-03,
          4.7107911547359195e-02, 6.7740350870299285e-04,
          -5.9010196560952011e-03, 4.6632997643954990e-04,
          2.9525145816364372e-03, -2.8851003803359180e-03,
          1.2913427735660071e-02, 6.9080387096365058e-03,
          6.6225389341947431e-03, 6.7740350870299317e-04,
          8.3653840708721415e-03, -1.7472747565291419e-03,
          -8.6875325697132334e-04, 3.0823812294998405e-03,
          -4.3398658391401697e-03, 3.1774988031475966e-03,
          2.4063599557820827e-03, 4.6792952484635438e-04,
          -5.9010196560952029e-03, -1.7472747565291419e-03,
          1.5105081826170480e-01, 8.1189006935933805e-04,
          3.5982813456353732e-03, 6.1752548784317911e-04,
          -1.8392724270127766e-03, 6.2401249615786725e-04,
          1.5249771970661404e-03, 4.6632997643954958e-04,
          -8.6875325697132356e-04, 8.1189006935933838e-04,
          5.9270762242431005e-03, 2.6556630157463523e-04,
          -2.3923290491688503e-04, 9.2631231340181974e-03,
          9.0228355749424893e-03, 5.2689206347209128e-03,
          2.9525145816364372e-03, 3.0823812294998405e-03,
          3.5982813456353737e-03, 2.6556630157463507e-04,
          9.3799327504709443e-02, -8.4994296340106142e-03,
          -1.2200466360589460e-03, -7.4821929752371900e-03,
          -1.3708915611150958e-02, -2.8851003803359188e-03,
          -4.3398658391401697e-03, 6.1752548784317781e-04,
          -2.3923290491688489e-04, -8.4994296340106124e-03,
          7.2702418143762895e-02 ]
   - !!opencv-matrix
      rows: 9
      cols: 9
      dt: d
      data: [ 1.9005765988568885e-01, 6.7581637054869179e-02,
          8.0001746729305642e-03, -1.2533134066417240e-03,
          7.2546845633225006e-03, 4.2235642065077579e-03,
          3.1741535254086206e-03, 1.4287913328990551e-02,
          -1.7229079855355712e-04, 6.7581637054869179e-02,
          1.7154738651466916e-01, 2.0513911927408365e-02,
          9.5562089114911188e-03, 8.2934074364167439e-03,
          8.8362994815136923e-03, 5.9916816075471372e-03,
          2.5261007563453002e-02, -7.6446881345254146e-04,
          8.0001746729305660e-03, 2.0513911927408368e-02,
          6.2696814479058185e-02, 2.4650100876250909e-03,
          2.8646477249867604e-03, 5.1225935957018159e-03,
          2.9022789368040418e-03, 2.5937859370570599e-03,
          6.3374650175605156e-04, -1.2533134066417242e-03,
          9.5562089114911205e-03, 2.4650100876250900e-03,
          5.1478622837736882e-02, 1.1406001729070537e-02,
          2.3185540922714865e-03, -6.9218119472959545e-04,
          2.3829067718542734e-03, -5.3278545376585782e-04,
          7.2546845633225006e-03, 8.2934074364167457e-03,
          2.8646477249867600e-03, 1.1406001729070539e-02,
          1.9015776753109590e-02, 1.7880726531110142e-03,
          -6.7031805080149752e-05, 1.9040255598721189e-03,
          -1.6829770902619555e-03, 4.2235642065077562e-03,
          8.8362994815136923e-03, 5.1225935957018159e-03,
          2.3185540922714856e-03, 1.7880726531110138e-03,
          1.2339682850584487e-01, 2.5636333505120127e-03,
          2.2374357932298246e-03, 2.7677138644705969e-03,
          3.1741535254086206e-03, 5.9916816075471380e-03,
          2.9022789368040418e-03, -6.9218119472959545e-04,
          -6.7031805080149779e-05, 2.5636333505120131e-03,
          3.9057232035472774e-03, 1.1345876335392144e-03,
          2.4501674773703844e-04, 1.4287913328990553e-02,
          2.5261007563453002e-02, 2.5937859370570590e-03,
          2.3829067718542755e-03, 1.9040255598721182e-03,
          2.2374357932298246e-03, 1.1345876335392144e-03,
          2.3574878932068236e-02, -4.6889681386980981e-03,
          -1.7229079855355663e-04, -7.6446881345254146e-04,
          6.3374650175605177e-04, -5.3278545376585782e-04,
          -1.6829770902619555e-03, 2.7677138644705973e-03,
          2.4501674773703844e-04, -4.6889681386980990e-03,
          1.3552633833805686e-02 ]
   - !!opencv-matrix
      rows: 9
      cols: 9
      dt: d
      data: [ 6.2846698185723956e-02, 1.4374363153461802e-02,
          8.3451254622457852e-03, 8.4974247450909056e-03,
          1.4731422347344673e-02, 2.4272865960599851e-03,
          -1.3624860602315001e-03, 6.7613227360438094e-03,
          1.7886720475558059e-03, 1.4374363153461802e-02,
          2.0195610498817691e-02, 1.1234712696204460e-02,
          1.4669364023671144e-02, 1.0507431958521850e-02,
          3.8230211627272538e-03, 8.4507957720990484e-03,
          6.6555042114551594e-03, 3.3703595712431724e-03,
          8.3451254622457852e-03, 1.1234712696204460e-02,
          7.8428641022300391e-02, -1.0892268022932072e-04,
          2.6117469323571816e-04, 2.5090446597611604e-03,
          6.2538606856016952e-03, 5.3516177359993122e-03,
          5.3603879672164912e-04, 8.4974247450909056e-03,
          1.4669364023671144e-02, -1.0892268022931943e-04,
          1.5793994520339930e-01, 3.7984579479880952e-02,
          2.8981957086793952e-03, 3.5455043603016731e-03,
          8.3930534697017282e-03, 9.2196637864296067e-03,
          1.4731422347344673e-02, 1.0507431958521852e-02,
          2.6117469323571816e-04, 3.7984579479880952e-02,
          1.9943902072518288e-01, 1.2401938979857720e-03,
          -3.9146406016271045e-03, 7.7625741978087880e-03,
