%YAML:1.0
---
groups:
   - intact
   - CD19
intactGmmnames:
   - "intact.715.0"
   - "intact.715.1"
   - "intact.715.2"
   - "intact.715.3"
   - "intact.715.4"
intactLabels:
   - FSC-A
   - SSC-A
   - CD20
   - CD10
   - CD45
   - CD34
   - SYTO41
   - CD19
   - CD38
intactMu: !!opencv-matrix
   rows: 5
   cols: 9
   dt: d
   data: [ 3.2088639596800843e+00, 3.4945922244622247e+00,
       1.3261721397457766e+00, 1.9195288913636586e+00,
       2.9495285177147945e+00, 1.5641508390609984e+00,
       3.4345787454093220e+00, 1.6839166942074237e+00,
       1.6007790590442792e+00, 2.5852570440208726e+00,
       1.8720253828281328e+00, 1.4330914227317868e+00,
       1.3222058935611389e+00, 2.6708438483625527e+00,
       1.9079831555362807e+00, 3.0770401311265263e+00,
       1.4912800039610117e+00, 1.8509408076111418e+00,
       1.3392484230743913e+00, 5.2681103760332804e-01,
       9.6755021296792232e-01, 1.1093437827540651e+00,
       1.5740257733052314e+00, 1.3499109311929121e+00,
       2.8469386580881118e+00, 1.0608667692611045e+00,
       1.5506781515200398e+00, 2.2306429077844170e+00,
       3.2814293071123548e+00, 1.2973579085548084e+00,
       2.0822012455236552e+00, 3.0345494289741479e+00,
       1.6173822451864739e+00, 3.5208050961642980e+00,
       1.5981727858622841e+00, 1.5969514902535320e+00,
       1.5919169620121565e+00, 4.1677524804181182e-01,
       1.0805642794817285e+00, 9.6970368846924060e-01,
       3.4966764702070825e+00, 1.1993307196011322e+00,
       3.4998409707277669e+00, 1.0498719825233542e+00,
       1.9169782617065381e+00 ]
intactSigma:
   - !!opencv-matrix
      rows: 9
      cols: 9
      dt: d
      data: [ 3.7926714568149894e-01, 6.6257861113173527e-02,
          1.0018097084652598e-02, -2.5033416458295670e-03,
          2.2461782006622456e-02, 1.0604241429479723e-02,
          -7.7514967863844047e-03, 1.0600392106529492e-02,
          3.3049976682707525e-04, 6.6257861113173527e-02,
          3.1056851936139007e-01, 3.6287632259738870e-02,
          7.4463713785413971e-02, 3.7533361457069044e-02,
          3.9275856916210737e-02, -3.6309950896792419e-02,
          7.6311078447383579e-02, -8.1580536130198382e-03,
          1.0018097084652594e-02, 3.6287632259738863e-02,
          4.9938794743523585e-02, 2.6373821356855103e-02,
          1.9341266859638388e-02, 9.6592911200930696e-03,
          1.8512189389427182e-03, 1.0749599064440013e-02,
          -3.2844447499307959e-03, -2.5033416458295652e-03,
          7.4463713785413971e-02, 2.6373821356855103e-02,
          2.2958946481186371e-01, 5.3781554331167242e-02,
          2.0274440279558065e-02, -4.9114368364084685e-03,
          2.5254143535329416e-02, -9.0411689858500965e-03,
          2.2461782006622452e-02, 3.7533361457069044e-02,
          1.9341266859638388e-02, 5.3781554331167242e-02,
          5.2742516752925579e-02, 1.2483111871361922e-02,
          1.6468140720977459e-03, 1.1375001960605837e-02,
          -7.1806196168286898e-03, 1.0604241429479725e-02,
          3.9275856916210730e-02, 9.6592911200930713e-03,
          2.0274440279558069e-02, 1.2483111871361923e-02,
          1.4359080088857479e-01, -3.3867475253225301e-03,
          8.8032187404200220e-03, 1.8837126557622005e-03,
          -7.7514967863844047e-03, -3.6309950896792419e-02,
          1.8512189389427182e-03, -4.9114368364084702e-03,
          1.6468140720977452e-03, -3.3867475253225288e-03,
          6.3393196014178338e-02, -2.3554484267727119e-02,
          2.1080071672428253e-03, 1.0600392106529489e-02,
          7.6311078447383579e-02, 1.0749599064440014e-02,
          2.5254143535329416e-02, 1.1375001960605839e-02,
          8.8032187404200220e-03, -2.3554484267727119e-02,
          3.9396253018455826e-02, -7.0803167213955862e-03,
          3.3049976682707552e-04, -8.1580536130198365e-03,
          -3.2844447499307959e-03, -9.0411689858500965e-03,
          -7.1806196168286898e-03, 1.8837126557621998e-03,
          2.1080071672428249e-03, -7.0803167213955879e-03,
          1.4774422761909685e-02 ]
   - !!opencv-matrix
      rows: 9
      cols: 9
      dt: d
      data: [ 7.2658783170863206e-01, 1.7280772299215080e-01,
          2.6108006415972622e-03, -2.3986379182593959e-02,
          -3.1884233493874162e-02, 8.2034459032771345e-02,
          -3.4542622921603740e-02, 7.1718310092118423e-03,
          -5.8167502483377084e-02, 1.7280772299215080e-01,
          7.6317093090093358e-01, 9.1500644807975443e-02,
          1.6479517544971195e-01, 6.0504244895096398e-02,
          -6.1549850533680804e-02, 8.6424615195873494e-02,
          1.6691439262946228e-01, 9.8320989637000911e-03,
          2.6108006415972566e-03, 9.1500644807975443e-02,
          1.6566926665441511e-01, 8.2880737506841301e-02,
          9.8353289159769611e-02, 4.5395937367972809e-02,
          5.8109336711038809e-02, 7.7863633069686841e-02,
          2.7331131904779003e-02, -2.3986379182593956e-02,
          1.6479517544971198e-01, 8.2880737506841301e-02,
          1.8058014590874796e-01, 8.7651245718653320e-02,
          9.9806982566900196e-03, 5.0634762554902520e-02,
          7.6432162524116207e-02, 3.7888727714635778e-02,
          -3.1884233493874169e-02, 6.0504244895096419e-02,
          9.8353289159769597e-02, 8.7651245718653320e-02,
          4.2879833417088092e-01, 9.1494815617942538e-02,
          9.6967460917864526e-02, 6.6814415432645838e-02,
          1.6196125296088229e-01, 8.2034459032771345e-02,
          -6.1549850533680825e-02, 4.5395937367972795e-02,
          9.9806982566900179e-03, 9.1494815617942565e-02,
          3.0785824126502009e-01, 2.3366312120747879e-03,
          -4.0558315042511263e-03, 3.9001948639786219e-02,
          -3.4542622921603747e-02, 8.6424615195873494e-02,
          5.8109336711038809e-02, 5.0634762554902520e-02,
          9.6967460917864526e-02, 2.3366312120747875e-03,
          1.3577519833407334e-01, 1.7515269716790335e-02,
          6.5453447268588552e-02, 7.1718310092118362e-03,
          1.6691439262946228e-01, 7.7863633069686841e-02,
          7.6432162524116207e-02, 6.6814415432645838e-02,
          -4.0558315042511263e-03, 1.7515269716790335e-02,
          1.0119025935211225e-01, 1.3303692812266128e-02,
          -5.8167502483377070e-02, 9.8320989637000911e-03,
          2.7331131904779003e-02, 3.7888727714635778e-02,
          1.6196125296088229e-01, 3.9001948639786232e-02,
          6.5453447268588552e-02, 1.3303692812266128e-02,
          1.6576570229457285e-01 ]
   - !!opencv-matrix
      rows: 9
      cols: 9
      dt: d
      data: [ 1.7114153563647166e-01, 4.3597056445986923e-02,
          1.5098550802857142e-02, -1.5849563849672722e-02,
          1.0601781648248439e-01, 8.3120821481554752e-02,
          -5.5848129532686509e-02, 2.2400119521666803e-02,
          2.8521579913221391e-03, 4.3597056445986923e-02,
          4.3830911082124911e-02, 2.0729273483015707e-02,
          4.8113118357366435e-03, 5.0728944946063656e-02,
          4.1842581822625603e-02, -1.1231650880326126e-02,
          1.3659762978650696e-02, 1.8463833674610538e-03,
          1.5098550802857139e-02, 2.0729273483015707e-02,
          9.5959509611311319e-02, 2.1556240645362833e-02,
          -1.1748122932793796e-03, -2.2825544153935273e-03,
          3.8499330214890028e-02, 1.8561926071841345e-04,
          4.9380903141206598e-04, -1.5849563849672722e-02,
          4.8113118357366435e-03, 2.1556240645362823e-02,
          1.6434608594610847e-01, -4.1021462699364367e-02,
          -3.9525155758194340e-02, 7.2876955648801367e-02,
          -1.3116323262423247e-02, 5.4897635455173157e-04,
          1.0601781648248439e-01, 5.0728944946063663e-02,
          -1.1748122932793799e-03, -4.1021462699364380e-02,
          2.8346091245348226e-01, 1.4582661580352982e-01,
          -1.3567846519374746e-01, 4.1989909447834615e-02,
