%YAML:1.0
---
groups:
   - intact
   - CD19
   - blast
intactGmmnames:
   - "intact.724.0"
   - "intact.724.1"
   - "intact.724.2"
   - "intact.724.3"
   - "intact.724.4"
intactLabels:
   - FSC-A
   - SSC-A
   - CD20
   - CD10
   - CD45
   - CD34
   - SYTO41
   - CD19
   - CD38
intactMu: !!opencv-matrix
   rows: 5
   cols: 9
   dt: d
   data: [ 9.1187520696439606e-01, 2.5752809777014535e-01,
       8.8870947964144131e-01, 7.7330259081409425e-01,
       3.5287607689688643e+00, 1.0781594699402990e+00,
       3.8123796280515272e+00, 1.0089487262328829e+00,
       1.8694450123667850e+00, 1.1553181742321874e+00,
       4.7050071017494122e-01, 9.7797264355141256e-01,
       9.5613840660440919e-01, 1.3883608048560852e+00,
       1.1489732129527821e+00, 3.5728884563410350e+00,
       9.8663432473411050e-01, 1.6078804192879834e+00,
       2.5646832862708182e+00, 3.5387760412668148e+00,
       1.2841939247772949e+00, 2.8439393926696162e+00,
       3.1901559183457366e+00, 1.2817214540288540e+00,
       3.3840748393609306e+00, 1.6527086964420910e+00,
       1.6188317562400427e+00, 1.5161361909760964e+00,
       3.8943286987529663e-01, 9.7424591430624585e-01,
       8.6464199226430261e-01, 3.6452169908518122e+00,
       1.0823518464811532e+00, 3.5525514028803520e+00,
       1.1383430806523653e+00, 1.8957789636616780e+00,
       2.5739053054867780e+00, 1.6298792230935772e+00,
       1.3452089482778220e+00, 1.3710188480554359e+00,
       2.6008440666825496e+00, 1.4264392180908529e+00,
       3.6171337972901836e+00, 1.2421615703132689e+00,
       2.0150976692719573e+00 ]
intactSigma:
   - !!opencv-matrix
      rows: 9
      cols: 9
      dt: d
      data: [ 5.7387887602538858e-02, 2.1897692498006500e-03,
          6.2132214910783296e-03, 5.9779112612731913e-03,
          1.1798478637546513e-02, -6.7183972153290507e-04,
          -1.4570393214060331e-02, 8.7148210691427551e-03,
          -7.0947919889118938e-03, 2.1897692498006505e-03,
          5.6389519697183175e-03, 6.4086325087337817e-03,
          2.4262360185106249e-03, 1.8919785432689414e-03,
          1.3665103149853731e-03, -5.6324959289619225e-04,
          1.5690466045226929e-03, -2.7557402472714629e-03,
          6.2132214910783313e-03, 6.4086325087337817e-03,
          8.4706502267985984e-02, -4.4356700748212803e-03,
          4.1040050725623337e-03, -3.3621843096492423e-04,
          -1.8707389303891666e-03, 3.0002280293906559e-03,
          -9.6795377263684777e-03, 5.9779112612731921e-03,
          2.4262360185106249e-03, -4.4356700748212803e-03,
          3.0143299100809581e-02, 2.0019382056066528e-03,
          -4.0767482910350839e-03, -2.9901524274200788e-03,
          2.5982079515436706e-03, -3.3886166655299928e-03,
          1.1798478637546513e-02, 1.8919785432689414e-03,
          4.1040050725623337e-03, 2.0019382056066523e-03,
          7.8605028376797469e-03, -1.4584799622269140e-03,
          -3.9480728846039512e-03, 2.6687518655181403e-03,
          -3.9293218052525369e-03, -6.7183972153290474e-04,
          1.3665103149853731e-03, -3.3621843096492379e-04,
          -4.0767482910350839e-03, -1.4584799622269140e-03,
          1.1902274256538502e-01, 2.8669555530970789e-04,
          1.7488747439003704e-03, 1.1320438678656187e-03,
          -1.4570393214060333e-02, -5.6324959289619204e-04,
          -1.8707389303891670e-03, -2.9901524274200788e-03,
          -3.9480728846039512e-03, 2.8669555530970789e-04,
          8.6659722611207874e-03, -5.5703225716634735e-03,
          2.0360186961600277e-03, 8.7148210691427551e-03,
          1.5690466045226929e-03, 3.0002280293906559e-03,
          2.5982079515436702e-03, 2.6687518655181403e-03,
          1.7488747439003704e-03, -5.5703225716634735e-03,
          1.2656808247471328e-02, -3.0376364232508118e-03,
          -7.0947919889118938e-03, -2.7557402472714629e-03,
          -9.6795377263684812e-03, -3.3886166655299928e-03,
          -3.9293218052525360e-03, 1.1320438678656178e-03,
          2.0360186961600273e-03, -3.0376364232508101e-03,
          5.0856408748779697e-02 ]
   - !!opencv-matrix
      rows: 9
      cols: 9
      dt: d
      data: [ 2.7700040386489994e-01, 6.2298522301292833e-02,
          2.8095558057542772e-02, 3.4565948893111847e-02,
          9.6174662471642858e-02, 6.0407425321684291e-02,
          -9.9826157468516807e-02, 3.7664990994131030e-02,
          4.6845974334457424e-03, 6.2298522301292833e-02,
          4.2385398064552354e-02, 2.3226518742310426e-02,
          1.8115554624680976e-02, 3.9102257178367850e-02,
          2.1495058575611778e-02, -8.6145224243000008e-03,
          5.6776562998962594e-03, 5.0347975498084702e-03,
          2.8095558057542772e-02, 2.3226518742310433e-02,
          8.8571712861808788e-02, 6.4975449944129939e-03,
          1.5374181555997417e-02, 5.2234888267290577e-03,
          8.9716108194030381e-03, 8.2803555572064568e-04,
          2.7627003367946285e-03, 3.4565948893111847e-02,
          1.8115554624680980e-02, 6.4975449944129939e-03,
          8.2555302093522492e-02, 3.0530164893017690e-02,
          8.8276546333356815e-03, -3.6182711233376248e-02,
          2.0579759986887845e-02, 1.1973182121752667e-03,
          9.6174662471642858e-02, 3.9102257178367857e-02,
          1.5374181555997417e-02, 3.0530164893017690e-02,
          1.5672109033231821e-01, 4.1339700823175542e-02,
          -8.2365943443937814e-02, 3.2968711393586730e-02,
          1.4395130542227464e-03, 6.0407425321684291e-02,
          2.1495058575611778e-02, 5.2234888267290594e-03,
          8.8276546333356781e-03, 4.1339700823175535e-02,
          7.0316879143978633e-02, -4.7417235463434980e-02,
          1.6501577087789304e-02, 8.4944113272737807e-04,
          -9.9826157468516807e-02, -8.6145224243000008e-03,
          8.9716108194030381e-03, -3.6182711233376241e-02,
          -8.2365943443937814e-02, -4.7417235463434980e-02,
          2.6544760756018432e-01, -1.0228514284818395e-01,
          1.4764594787134447e-02, 3.7664990994131030e-02,
          5.6776562998962585e-03, 8.2803555572064525e-04,
          2.0579759986887845e-02, 3.2968711393586730e-02,
          1.6501577087789304e-02, -1.0228514284818395e-01,
          5.1076426115989566e-02, -7.6000859956339385e-03,
          4.6845974334457441e-03, 5.0347975498084702e-03,
          2.7627003367946290e-03, 1.1973182121752667e-03,
          1.4395130542227464e-03, 8.4944113272737807e-04,
          1.4764594787134447e-02, -7.6000859956339385e-03,
          5.3291776406472402e-03 ]
   - !!opencv-matrix
      rows: 9
      cols: 9
      dt: d
      data: [ 5.6246881362133239e-01, 1.1149586489694212e-01,
          4.7574892851829878e-02, -2.0798971870997215e-02,
          2.8767757558378525e-02, 1.0101960105445010e-02,
          -3.0886095645365017e-02, 2.8068352360730860e-02,
          2.3439495055621769e-03, 1.1149586489694216e-01,
          2.9025437872844406e-01, 2.6417567625841295e-02,
          1.8952171977104106e-02, 1.8752762573341391e-02,
          1.4186957419924373e-02, -2.2942160889385485e-02,
          4.8165075478444598e-02, 3.6928681169767115e-03,
          4.7574892851829892e-02, 2.6417567625841295e-02,
          7.3937737490663444e-02, 6.6924402706330212e-03,
          1.3083246164206901e-02, 3.6611892566650104e-03,
          -3.6027027146054301e-03, 8.8951803989377985e-03,
          -2.7902165314600694e-03, -2.0798971870997208e-02,
          1.8952171977104103e-02, 6.6924402706330212e-03,
          1.0888910982258483e-01, 3.3332173939252384e-02,
          6.4281617215573503e-03, -1.7359651687069565e-02,
          8.3511343539542839e-03, -3.0754648331624270e-03,
          2.8767757558378525e-02, 1.8752762573341387e-02,
          1.3083246164206896e-02, 3.3332173939252384e-02,
          3.9422931088095262e-02, 4.7014624903104190e-03,
          -1.8180178183523771e-02, 1.0733654541746362e-02,
