%YAML:1.0
---
groups:
   - intact
   - CD19
   - blast
intactGmmnames:
   - "intact.736.0"
   - "intact.736.1"
   - "intact.736.2"
   - "intact.736.3"
   - "intact.736.4"
intactLabels:
   - FSC-A
   - SSC-A
   - CD20
   - CD10
   - CD45
   - CD34
   - SYTO41
   - CD19
   - CD38
intactMu: !!opencv-matrix
   rows: 5
   cols: 9
   dt: d
   data: [ 2.2328073646392839e+00, 1.4875362837813715e+00,
       1.3589850856784522e+00, 1.4731611955989645e+00,
       3.0120866996763001e+00, 1.3780377383367211e+00,
       3.4813372735556452e+00, 1.2383139405583017e+00,
       2.1900307447471286e+00, 1.2142521581973544e+00,
       3.8708077640004829e-01, 8.6854824656486818e-01,
       8.3352236400631896e-01, 3.6922055843077146e+00,
       1.1019986585752768e+00, 3.4122706665081202e+00,
       1.1418476826051041e+00, 1.7083737874174296e+00,
       1.8363769044205402e+00, 2.3206285795888859e+00,
       1.1267197862141329e+00, 2.0728066896178130e+00,
       2.6210608402622739e+00, 1.1298098776057324e+00,
       3.5835903086548533e+00, 1.2478614863869393e+00,
       1.6764608608826574e+00, 1.3414156037887799e+00,
       5.7646298529919981e-01, 8.9145053891805026e-01,
       8.8938806515647084e-01, 3.7101631740218388e+00,
       1.1661107824300805e+00, 3.1883235403422936e+00,
       1.2478832751443152e+00, 2.7989492649491754e+00,
       9.1121610920564922e-01, 5.0256820192456875e-01,
       1.0297222833505244e+00, 1.2288587227051833e+00,
       1.5948696057551133e+00, 1.2408904158483451e+00,
       3.2499017462747184e+00, 9.3650005573688622e-01,
       1.5251454411823029e+00 ]
intactSigma:
   - !!opencv-matrix
      rows: 9
      cols: 9
      dt: d
      data: [ 1.2673073001490989e+00, 5.0775447798716311e-01,
          1.8119957698401520e-02, -1.2008333586734406e-01,
          1.7416741960163629e-01, -7.3510541912565813e-02,
          -1.7142756620056848e-01, 1.1869524681618834e-01,
          -9.5290490955373439e-02, 5.0775447798716311e-01,
          1.0147844851262322e+00, 1.9371431057078600e-01,
          9.3181974968648246e-02, -3.8992305216886146e-02,
          -3.0762984579097784e-02, 9.3235094305260044e-03,
          1.8332320165785265e-01, -1.1687849669662448e-01,
          1.8119957698401520e-02, 1.9371431057078600e-01,
          2.8395161551365317e-01, 1.7898239456449902e-01,
          -4.2490493596436293e-02, 8.5919006895993036e-02,
          1.1048085828818745e-02, 1.2786253700777239e-01,
          -1.5589621150853287e-03, -1.2008333586734403e-01,
          9.3181974968648246e-02, 1.7898239456449902e-01,
          4.7792059199589476e-01, -7.6859733929105764e-02,
          1.4112964024937463e-01, -9.8872919542808478e-04,
          1.0629470554439854e-01, -2.7580503208224395e-02,
          1.7416741960163626e-01, -3.8992305216886167e-02,
          -4.2490493596436293e-02, -7.6859733929105764e-02,
          4.8111552414196057e-01, -4.3592748043739478e-02,
          -4.2499199591770745e-02, 6.9124918086398840e-02,
          6.1522867349249354e-02, -7.3510541912565813e-02,
          -3.0762984579097777e-02, 8.5919006895993022e-02,
          1.4112964024937463e-01, -4.3592748043739485e-02,
          2.7501649626977948e-01, 3.4682954111894693e-03,
          4.0657442678016499e-02, 7.2288586921769163e-02,
          -1.7142756620056848e-01, 9.3235094305260009e-03,
          1.1048085828818740e-02, -9.8872919542808478e-04,
          -4.2499199591770731e-02, 3.4682954111894724e-03,
          2.4190646355580780e-01, -1.0531751569808684e-01,
          4.1370439743356469e-02, 1.1869524681618834e-01,
          1.8332320165785265e-01, 1.2786253700777239e-01,
          1.0629470554439854e-01, 6.9124918086398826e-02,
          4.0657442678016499e-02, -1.0531751569808684e-01,
          2.1251010548149352e-01, -2.3169459994410422e-02,
          -9.5290490955373439e-02, -1.1687849669662446e-01,
          -1.5589621150853311e-03, -2.7580503208224402e-02,
          6.1522867349249347e-02, 7.2288586921769163e-02,
          4.1370439743356469e-02, -2.3169459994410418e-02,
          4.5562309756365577e-01 ]
   - !!opencv-matrix
      rows: 9
      cols: 9
      dt: d
      data: [ 1.4873622247720067e-01, 2.3025623209543534e-02,
          1.7564758130607806e-02, 1.1566895048398996e-02,
          3.0331677711062915e-02, -4.4666539842467656e-04,
          -4.3464025902873349e-02, 2.3281421385854633e-02,
          -2.2782000856111057e-02, 2.3025623209543534e-02,
          2.3869595082910582e-02, 1.5934979376733334e-02,
          1.0476680195436594e-02, 1.5689217973508644e-02,
          7.7178023242837626e-04, -2.5555671985337449e-02,
          1.8428309296613481e-02, -1.3882663548534209e-02,
          1.7564758130607806e-02, 1.5934979376733334e-02,
          8.9130019460032628e-02, 9.1225735820961841e-04,
          1.2610694349114524e-02, -2.4568972644975822e-03,
          -1.8527139537744281e-02, 1.4225204796452926e-02,
          -1.4884751907144764e-02, 1.1566895048398996e-02,
          1.0476680195436594e-02, 9.1225735820961809e-04,
          4.4704056645659011e-02, 8.0576818257214310e-03,
          -6.0406382702746630e-03, -1.5711135083133390e-02,
          1.0905043175284195e-02, -6.9432176486011977e-03,
          3.0331677711062915e-02, 1.5689217973508640e-02,
          1.2610694349114524e-02, 8.0576818257214310e-03,
          2.1214080142225929e-02, -1.9711909345212671e-03,
          -2.5691120550905937e-02, 1.7543240580319096e-02,
          -1.4788612905885857e-02, -4.4666539842467634e-04,
          7.7178023242837626e-04, -2.4568972644975835e-03,
          -6.0406382702746621e-03, -1.9711909345212666e-03,
          1.3704926204203705e-01, 9.7168876871507679e-04,
          2.2511719937278402e-03, 3.7266292272550754e-03,
          -4.3464025902873335e-02, -2.5555671985337449e-02,
          -1.8527139537744281e-02, -1.5711135083133390e-02,
          -2.5691120550905937e-02, 9.7168876871507647e-04,
          6.5084813423750359e-02, -3.6202825239301704e-02,
          2.4678735221281937e-02, 2.3281421385854636e-02,
          1.8428309296613481e-02, 1.4225204796452926e-02,
          1.0905043175284195e-02, 1.7543240580319096e-02,
          2.2511719937278398e-03, -3.6202825239301704e-02,
          4.6024548271211593e-02, -1.9088301792414612e-02,
          -2.2782000856111057e-02, -1.3882663548534209e-02,
          -1.4884751907144764e-02, -6.9432176486011951e-03,
          -1.4788612905885857e-02, 3.7266292272550745e-03,
          2.4678735221281937e-02, -1.9088301792414615e-02,
          1.2981770605674364e-01 ]
   - !!opencv-matrix
      rows: 9
      cols: 9
      dt: d
      data: [ 2.9764048395742054e-01, 1.7949804028870114e-01,
          2.6140154341132555e-02, -1.2413709822577458e-02,
          1.2375431151652261e-02, 3.7529608752857602e-03,
          -9.1642501192226878e-03, 3.3607168333213963e-02,
          7.5754913581891903e-03, 1.7949804028870114e-01,
          3.9558719505282541e-01, 4.7784257295248433e-02,
          6.4132371792615106e-02, 2.7339849398701762e-02,
          1.1595770111582774e-02, -5.5581274111985879e-02,
          9.8176375739372365e-02, 1.5098905643580409e-02,
          2.6140154341132555e-02, 4.7784257295248433e-02,
          5.8507130431382129e-02, 3.4632783173201599e-03,
          1.3169372008052485e-03, -4.1918558882175674e-04,
          -3.7140486886311731e-03, 1.1933485266419925e-02,
          2.5461822402061121e-03, -1.2413709822577459e-02,
          6.4132371792615106e-02, 3.4632783173201586e-03,
          1.0651204786616053e-01, 2.9933743818863441e-02,
          1.1399980585087958e-03, -1.9140178080575457e-02,
          2.3163327116006542e-02, -1.1429475349128211e-03,
          1.2375431151652261e-02, 2.7339849398701762e-02,
          1.3169372008052479e-03, 2.9933743818863441e-02,
          4.7732665462355162e-02, -4.7399547934737603e-04,
