%YAML:1.0
---
groups:
   - intact
   - CD19
   - blast
intactGmmnames:
   - "intact.742.0"
   - "intact.742.1"
   - "intact.742.2"
   - "intact.742.3"
   - "intact.742.4"
intactLabels:
   - FSC-A
   - SSC-A
   - CD20
   - CD10
   - CD45
   - CD34
   - SYTO41
   - CD19
   - CD38
intactMu: !!opencv-matrix
   rows: 5
   cols: 9
   dt: d
   data: [ 7.1666019904738076e-01, 2.8767679463761370e-01,
       1.0392202471140002e+00, 9.7325794217342587e-01,
       3.3576831096610551e+00, 1.1519799371958672e+00,
       3.1939189618330084e+00, 9.8357380420818230e-01,
       1.7677334519016448e+00, 1.6212052337955680e+00,
       2.0477807845562110e+00, 1.4439878907210988e+00,
       1.8959976942955805e+00, 2.6281218673449009e+00,
       1.4126967485487436e+00, 2.9051909366889808e+00,
       1.5275713599613578e+00, 1.8035467523641844e+00,
       7.5216235358979400e-01, 4.0727763433416170e-01,
       1.0180772170716816e+00, 1.0543302743809979e+00,
       1.2867076401973678e+00, 1.0359854421259391e+00,
       3.2019620570683669e+00, 7.7062422039774481e-01,
       1.6990286991606736e+00, 1.7886777169499080e+00,
       3.2280930091861491e+00, 1.3653167698382676e+00,
       2.5608106286524164e+00, 3.2149270277402140e+00,
       1.4101967894229843e+00, 3.0628320142566734e+00,
       1.7520918440477113e+00, 1.7374472856298155e+00,
       1.3977174086144750e+00, 5.3553490243833923e-01,
       1.2048206145204168e+00, 1.1649989033471484e+00,
       3.6133778614711609e+00, 1.2290199188086310e+00,
       3.0158917714676949e+00, 1.2803074260914913e+00,
       1.9225099561368082e+00 ]
intactSigma:
   - !!opencv-matrix
      rows: 9
      cols: 9
      dt: d
      data: [ 6.9235184402797550e-02, 6.0077505747845881e-03,
          1.1399627376487474e-02, 4.6266595281329792e-03,
          2.2221508363741347e-02, 2.6310001666636040e-04,
          -6.2574883783824854e-03, 1.1702242254475697e-02,
          -5.9164980382100843e-04, 6.0077505747845881e-03,
          6.0990317900550921e-03, 8.5694130547364737e-03,
          5.3010743815576442e-03, 4.8450532913699414e-03,
          1.9319080642598080e-03, -2.3843790354621964e-03,
          5.9482386280654493e-03, -1.1932445802864179e-03,
          1.1399627376487476e-02, 8.5694130547364737e-03,
          8.4048080350001816e-02, 7.2097910433592104e-04,
          9.3109890865215282e-03, 4.5886488834380639e-03,
          -2.8142010937774573e-03, 1.0975026547347324e-02,
          -3.8833154071522802e-03, 4.6266595281329774e-03,
          5.3010743815576442e-03, 7.2097910433592072e-04,
          6.6189366830055996e-02, 7.2984367956996062e-03,
          -2.3249940074165218e-03, -2.6774023275788457e-03,
          7.6919515480744173e-03, -1.4230801510653689e-03,
          2.2221508363741347e-02, 4.8450532913699414e-03,
          9.3109890865215282e-03, 7.2984367956996062e-03,
          1.7348945267351017e-02, 5.2535171799680520e-04,
          -4.4315116401974263e-03, 9.6743599131874376e-03,
          -1.2700110815470314e-03, 2.6310001666636116e-04,
          1.9319080642598073e-03, 4.5886488834380639e-03,
          -2.3249940074165218e-03, 5.2535171799680499e-04,
          1.2797562479737737e-01, -5.3276273232292235e-04,
          3.6892480932494646e-03, -5.9501823872237873e-05,
          -6.2574883783824854e-03, -2.3843790354621964e-03,
          -2.8142010937774577e-03, -2.6774023275788453e-03,
          -4.4315116401974271e-03, -5.3276273232292235e-04,
          8.3252532147638624e-03, -5.6328741512117093e-03,
          5.9102390010422161e-04, 1.1702242254475696e-02,
          5.9482386280654493e-03, 1.0975026547347324e-02,
          7.6919515480744173e-03, 9.6743599131874376e-03,
          3.6892480932494628e-03, -5.6328741512117093e-03,
          6.3388570171894296e-02, -3.6735698579454051e-03,
          -5.9164980382100864e-04, -1.1932445802864181e-03,
          -3.8833154071522798e-03, -1.4230801510653687e-03,
          -1.2700110815470314e-03, -5.9501823872237791e-05,
          5.9102390010422172e-04, -3.6735698579454046e-03,
          8.6077960760665255e-03 ]
   - !!opencv-matrix
      rows: 9
      cols: 9
      dt: d
      data: [ 7.7408424431033651e-01, 3.9627747285709025e-01,
          1.8419692302232414e-02, 5.3030280977731374e-02,
          1.2409749432526590e-01, -1.4803090509230689e-02,
          5.1128985853263231e-04, 9.9531025688586863e-02,
          -1.8318821852385123e-02, 3.9627747285709036e-01,
          1.1657169860954333e+00, -4.8803148839156985e-02,
          1.8100278634759079e-01, 8.4458705597787398e-02,
          -1.8203385035247308e-02, -7.8936951668313521e-02,
          2.4375504638494594e-01, -7.6524441546512043e-02,
          1.8419692302232425e-02, -4.8803148839156985e-02,
          2.4045152942444678e-01, 9.3010242578576041e-02,
          9.1951187445761494e-03, 6.7433322654946171e-02,
          6.0897602507167609e-02, 4.9388687008536741e-02,
          2.4724158387985657e-02, 5.3030280977731374e-02,
          1.8100278634759076e-01, 9.3010242578576041e-02,
          3.6197645599623846e-01, 9.1044390742420239e-02,
          1.5805435637138519e-02, -4.5077572073384232e-02,
          8.0235413997583771e-02, -1.0360861360456936e-02,
          1.2409749432526590e-01, 8.4458705597787398e-02,
          9.1951187445761546e-03, 9.1044390742420239e-02,
          4.0424940785011315e-01, 8.9847922165943155e-03,
          3.9048845068811906e-02, 4.2068517133332033e-02,
          1.4483975422774463e-02, -1.4803090509230683e-02,
          -1.8203385035247311e-02, 6.7433322654946171e-02,
          1.5805435637138512e-02, 8.9847922165943121e-03,
          2.5216690987285956e-01, 4.8596357992793202e-02,
          1.8832848360026702e-02, 2.5000616921944038e-02,
          5.1128985853263155e-04, -7.8936951668313521e-02,
          6.0897602507167609e-02, -4.5077572073384232e-02,
          3.9048845068811913e-02, 4.8596357992793188e-02,
          1.6769451759452164e-01, -4.5521514241687759e-02,
          3.3414878315139521e-02, 9.9531025688586849e-02,
          2.4375504638494594e-01, 4.9388687008536741e-02,
          8.0235413997583771e-02, 4.2068517133332033e-02,
          1.8832848360026709e-02, -4.5521514241687766e-02,
          1.6987082166790207e-01, 8.0457900628976634e-03,
          -1.8318821852385123e-02, -7.6524441546512015e-02,
          2.4724158387985657e-02, -1.0360861360456936e-02,
          1.4483975422774459e-02, 2.5000616921944038e-02,
          3.3414878315139521e-02, 8.0457900628976634e-03,
          7.1840184313683469e-02 ]
   - !!opencv-matrix
      rows: 9
      cols: 9
      dt: d
      data: [ 1.1872878842923695e-01, 1.6612755882042519e-02,
          1.8838450132033561e-02, -4.8640575802241575e-03,
          -1.0127260917120675e-02, -7.2962705615134597e-05,
          -9.1486763738143368e-03, 8.8784797602559553e-03,
          -1.0084902448465082e-03, 1.6612755882042526e-02,
          2.3321086631482978e-02, 1.6841329802192492e-02,
          1.9405499198913993e-02, 1.8462744616165996e-02,
          3.5229277697033370e-03, 5.5597122096390913e-03,
          6.2525120555906510e-03, 3.0317256210041334e-03,
          1.8838450132033561e-02, 1.6841329802192492e-02,
          8.4066045235333467e-02, 1.0778634373570919e-02,
          1.1697194875136731e-02, 3.3865207556596543e-03,
          3.2463462251842664e-03, 6.2997037667359996e-03,
          2.4868449470895498e-03, -4.8640575802241558e-03,
          1.9405499198913996e-02, 1.0778634373570923e-02,
          1.3160353924200680e-01, 5.4541432107510154e-02,
          5.9660897744846500e-03, 8.0162857877553908e-04,
          1.0927683275737059e-02, 6.7978932580661190e-03,
          -1.0127260917120672e-02, 1.8462744616165996e-02,
          1.1697194875136731e-02, 5.4541432107510154e-02,
          1.5880099104342929e-01, 8.7801930001844049e-04,
          6.9390017162712769e-03, 7.8471952392942645e-03,
