%YAML:1.0
---
groups:
   - intact
   - CD19
   - blast
intactGmmnames:
   - "intact.743.0"
   - "intact.743.1"
   - "intact.743.2"
   - "intact.743.3"
   - "intact.743.4"
intactLabels:
   - FSC-A
   - SSC-A
   - CD20
   - CD10
   - CD45
   - CD34
   - SYTO41
   - CD19
   - CD38
intactMu: !!opencv-matrix
   rows: 5
   cols: 9
   dt: d
   data: [ 6.7706196504258398e-01, 2.4299681387694694e-01,
       9.4044657707496926e-01, 8.6077408829232627e-01,
       3.4912627562504568e+00, 1.1399437042603198e+00,
       3.1957914672207783e+00, 1.1941138757515903e+00,
       1.8504655282468536e+00, 9.1216299570464454e-01,
       3.5012669737965502e-01, 9.5818201399210035e-01,
       1.0716187039495322e+00, 1.2019105040616673e+00,
       1.0434380968554313e+00, 2.8548687085700140e+00,
       9.7365649287526534e-01, 1.4866100337689356e+00,
       1.9771911083536420e+00, 3.3082505881225148e+00,
       1.3228007739251468e+00, 1.9836436597924456e+00,
       3.3461623945563037e+00, 1.4558951578311712e+00,
       2.8007089408250008e+00, 1.8802725992893370e+00,
       1.8626820219417120e+00, 1.7565381397795037e+00,
       1.2477189518281531e+00, 1.5231369544874140e+00,
       1.6449051497030971e+00, 2.5627323037148368e+00,
       1.3527588988425572e+00, 3.1268910292084322e+00,
       1.4509133300447561e+00, 2.0592989828413586e+00,
       1.3169798881143278e+00, 4.1177614712758337e-01,
       1.0324907947146373e+00, 9.1346255209701388e-01,
       3.6845950472391387e+00, 1.1583150388315717e+00,
       2.9735349686090711e+00, 1.2852241543752085e+00,
       2.0475274241381998e+00 ]
intactSigma:
   - !!opencv-matrix
      rows: 9
      cols: 9
      dt: d
      data: [ 4.8081562226990872e-02, 3.7719517058527490e-03,
          7.0956354895802907e-03, 9.4233410930352778e-04,
          1.6592794330876525e-02, -2.7374641013247539e-03,
          -1.2181262479536591e-02, 2.5294542000454702e-03,
          -2.0342445858746662e-03, 3.7719517058527490e-03,
          7.2652030599697163e-03, 8.1175448563584728e-03,
          3.8659929798397948e-03, 3.0509851186056760e-03,
          1.0753372933975667e-03, -1.0272693700000926e-03,
          3.4551759847001409e-03, -3.4920689429741797e-03,
          7.0956354895802933e-03, 8.1175448563584728e-03,
          7.3988655430682670e-02, -2.9915558265609212e-03,
          4.7562084886152477e-03, 1.2019147979671246e-03,
          -5.9024620651992789e-04, 4.8028445893276064e-03,
          -9.4879312832246120e-03, 9.4233410930352800e-04,
          3.8659929798397948e-03, -2.9915558265609212e-03,
          5.2364202746019675e-02, 1.4908976181759129e-03,
          -3.4366589366885284e-03, -4.2362912170860160e-04,
          1.5041620982877127e-03, -3.1998851524356535e-03,
          1.6592794330876525e-02, 3.0509851186056765e-03,
          4.7562084886152468e-03, 1.4908976181759125e-03,
          1.3389864068364550e-02, -2.4740366812513585e-03,
          -4.5336226431120638e-03, 2.3198053928246464e-03,
          -1.3798866867986519e-03, -2.7374641013247548e-03,
          1.0753372933975667e-03, 1.2019147979671248e-03,
          -3.4366589366885279e-03, -2.4740366812513589e-03,
          1.3004375277679142e-01, 1.2879770933476263e-03,
          3.2395592141132050e-03, -1.6815547709896131e-03,
          -1.2181262479536593e-02, -1.0272693700000926e-03,
          -5.9024620651992789e-04, -4.2362912170860150e-04,
          -4.5336226431120629e-03, 1.2879770933476255e-03,
          9.8578150541508876e-03, -1.8783039687591805e-03,
          3.3734327332738973e-04, 2.5294542000454702e-03,
          3.4551759847001409e-03, 4.8028445893276064e-03,
          1.5041620982877120e-03, 2.3198053928246464e-03,
          3.2395592141132041e-03, -1.8783039687591801e-03,
          4.3963074473081336e-02, -3.6562786902304633e-03,
          -2.0342445858746662e-03, -3.4920689429741797e-03,
          -9.4879312832246120e-03, -3.1998851524356539e-03,
          -1.3798866867986515e-03, -1.6815547709896131e-03,
          3.3734327332738973e-04, -3.6562786902304633e-03,
          6.5667071694337775e-02 ]
   - !!opencv-matrix
      rows: 9
      cols: 9
      dt: d
      data: [ 9.1774996109442314e-02, 1.2503913449640944e-02,
          1.3135739537967834e-02, 4.8222703726033701e-03,
          4.6402110340628645e-03, 8.5517436431590730e-04,
          -2.0405911979341756e-02, 4.6719761152377972e-03,
          9.5075801963080751e-04, 1.2503913449640944e-02,
          1.6357180156452440e-02, 1.3149242338552424e-02,
          1.4592372098034581e-02, 7.0472604494686416e-03,
          1.6037427177375517e-03, 6.5583701975173454e-03,
          5.2589183940834391e-03, 2.6160092312216814e-03,
          1.3135739537967834e-02, 1.3149242338552424e-02,
          7.4776127289241490e-02, 7.1133343683426765e-03,
          6.6337138957183947e-03, 1.2958826645774781e-03,
          1.4663034785500307e-02, 4.2283767004235584e-03,
          3.7004739826368349e-03, 4.8222703726033718e-03,
          1.4592372098034585e-02, 7.1133343683426747e-03,
          1.2091025632548531e-01, 1.7655621472292771e-02,
          5.6366847236924195e-04, 2.3890140449170320e-02,
          5.4720258628622445e-03, 9.3091785713529333e-03,
          4.6402110340628662e-03, 7.0472604494686416e-03,
          6.6337138957183938e-03, 1.7655621472292771e-02,
          9.2882080357156172e-02, -1.2719895009009868e-03,
          4.9125922062595185e-03, 1.5966493467568091e-03,
          6.0290457146602314e-03, 8.5517436431590817e-04,
          1.6037427177375517e-03, 1.2958826645774789e-03,
          5.6366847236924129e-04, -1.2719895009009872e-03,
          4.2528503959601886e-02, 3.7514438390945336e-03,
          3.8418757388585168e-04, 1.1915276305283693e-03,
          -2.0405911979341756e-02, 6.5583701975173471e-03,
          1.4663034785500307e-02, 2.3890140449170320e-02,
          4.9125922062595220e-03, 3.7514438390945327e-03,
          1.6219454403564726e-01, -1.7283460754046711e-02,
          9.1172160849617573e-03, 4.6719761152377963e-03,
          5.2589183940834382e-03, 4.2283767004235601e-03,
          5.4720258628622427e-03, 1.5966493467568096e-03,
          3.8418757388585163e-04, -1.7283460754046704e-02,
          2.1441338284523402e-02, -2.3210733944305393e-03,
          9.5075801963080795e-04, 2.6160092312216814e-03,
          3.7004739826368353e-03, 9.3091785713529333e-03,
          6.0290457146602323e-03, 1.1915276305283695e-03,
          9.1172160849617590e-03, -2.3210733944305393e-03,
          8.0023751645195568e-03 ]
   - !!opencv-matrix
      rows: 9
      cols: 9
      dt: d
      data: [ 4.2416831417100831e-01, 1.6144710216478708e-01,
          4.8115440301648389e-02, -8.4411234064552913e-03,
          2.3098816159294728e-02, 2.3513378598345944e-02,
          9.1342143466023439e-03, 1.0490109614852113e-02,
          1.2390428323272834e-02, 1.6144710216478703e-01,
          4.0994279336657163e-01, 4.0524558891513615e-02,
          7.6564584433159083e-02, 3.7640079429052384e-02,
          4.4462556170260979e-02, 1.6162970696519247e-02,
          6.7213221107336601e-02, 8.6922758332321423e-05,
          4.8115440301648389e-02, 4.0524558891513615e-02,
          8.6747883164494971e-02, 1.9313259550628105e-02,
          1.7522768470336493e-02, 2.6743417560001762e-02,
          1.5953275872516888e-02, 1.3969447940825813e-02,
          7.7599812227009306e-03, -8.4411234064552931e-03,
          7.6564584433159083e-02, 1.9313259550628105e-02,
          2.0486089336950658e-01, 2.4664746956800713e-02,
          1.7290805432732145e-02, 5.2894511646137269e-03,
          2.1339962770212158e-02, -4.7480791601602016e-03,
          2.3098816159294728e-02, 3.7640079429052377e-02,
          1.7522768470336493e-02, 2.4664746956800713e-02,
          2.8459796412929311e-02, 1.3725215227642300e-02,
          4.8883790622364330e-03, 1.0378885292321619e-02,
