%YAML:1.0
---
groups:
   - intact
   - CD19
intactGmmnames:
   - "intact.744.0"
   - "intact.744.1"
   - "intact.744.2"
   - "intact.744.3"
   - "intact.744.4"
intactLabels:
   - FSC-A
   - SSC-A
   - CD20
   - CD10
   - CD45
   - CD34
   - SYTO41
   - CD19
   - CD38
intactMu: !!opencv-matrix
   rows: 5
   cols: 9
   dt: d
   data: [ 1.5000413146641287e+00, 4.1526164495936874e-01,
       1.0391717345172531e+00, 9.0326107851757154e-01,
       3.5812179308699288e+00, 1.0982233281516725e+00,
       2.7894224918627981e+00, 1.2997103070996159e+00,
       1.7186614032085032e+00, 1.6809156006522488e+00,
       2.4701824748445427e+00, 1.2657592063418648e+00,
       2.1756705794422357e+00, 3.0724647608328484e+00,
       1.2068154223561822e+00, 2.9607392284619247e+00,
       1.7489657126770946e+00, 1.7866596670281123e+00,
       8.8716049158679611e-01, 2.6443057099592021e-01,
       9.4103301911581538e-01, 8.5364894561671278e-01,
       3.3994696316413786e+00, 1.0679375483325040e+00,
       3.0901874240540850e+00, 1.2089527542443574e+00,
       1.8584313653967461e+00, 1.3974475709132572e+00,
       6.1852748620349396e-01, 9.8315139277738739e-01,
       9.0733297293063164e-01, 3.5792333075450546e+00,
       1.0972978682291792e+00, 2.5247703998773825e+00,
       1.3972594907639728e+00, 2.9708163015902400e+00,
       1.1255750146414878e+00, 5.7008534193819349e-01,
       9.6267148056238583e-01, 9.3059065429785659e-01,
       1.3299019689159859e+00, 1.2144580569071424e+00,
       2.2592965218974714e+00, 1.1311769241182246e+00,
       1.4641765035238836e+00 ]
intactSigma:
   - !!opencv-matrix
      rows: 9
      cols: 9
      dt: d
      data: [ 1.9640813524116704e-01, -7.4386923014362694e-03,
          4.3017504357096316e-03, -1.3213981810724883e-03,
          1.5029357452416275e-02, -5.7110335809189682e-03,
          -1.1312772337677877e-02, -1.9411588956226470e-02,
          -1.6118736816841017e-02, -7.4386923014362694e-03,
          1.9147301121342442e-02, 8.2838118273218797e-03,
          3.4193536415060076e-03, 7.7719906779782971e-03,
          1.7667023198057567e-03, -1.2469685047349417e-02,
          1.3622838589368965e-02, 3.9153239801616689e-03,
          4.3017504357096316e-03, 8.2838118273218797e-03,
          6.8714603862389589e-02, -5.1402459324051807e-03,
          1.9270573426986815e-03, 2.8283029248381093e-03,
          3.9101271681243541e-03, 3.0942400548261621e-03,
          -1.7764619283266113e-03, -1.3213981810724898e-03,
          3.4193536415060084e-03, -5.1402459324051790e-03,
          5.4220478825014386e-02, 4.6310020982719271e-04,
          -3.6255519751989406e-03, -2.3971972746683391e-03,
          3.2069919558925420e-03, -1.1429694292405992e-03,
          1.5029357452416275e-02, 7.7719906779782962e-03,
          1.9270573426986807e-03, 4.6310020982719287e-04,
          1.3315797947775222e-02, -1.7287733942548981e-03,
          -1.3467946536997510e-02, 7.9668336051489756e-03,
          2.0633176218565787e-03, -5.7110335809189691e-03,
          1.7667023198057574e-03, 2.8283029248381097e-03,
          -3.6255519751989393e-03, -1.7287733942548981e-03,
          1.5012556560718576e-01, 2.5071620630798467e-03,
          4.9291447227947415e-03, 2.1992564126357443e-03,
          -1.1312772337677883e-02, -1.2469685047349414e-02,
          3.9101271681243541e-03, -2.3971972746683386e-03,
          -1.3467946536997510e-02, 2.5071620630798498e-03,
          9.5542252755667648e-02, -2.1588565058841269e-02,
          -9.3588698368559395e-04, -1.9411588956226470e-02,
          1.3622838589368965e-02, 3.0942400548261621e-03,
          3.2069919558925411e-03, 7.9668336051489756e-03,
          4.9291447227947432e-03, -2.1588565058841269e-02,
          5.0670123351874659e-02, 2.2786241684133604e-03,
          -1.6118736816841023e-02, 3.9153239801616689e-03,
          -1.7764619283266113e-03, -1.1429694292405994e-03,
          2.0633176218565782e-03, 2.1992564126357443e-03,
          -9.3588698368559395e-04, 2.2786241684133587e-03,
          5.3863152092959513e-02 ]
   - !!opencv-matrix
      rows: 9
      cols: 9
      dt: d
      data: [ 8.3700035445932885e-01, 4.3151748340087498e-01,
          9.0974340634945965e-03, 6.5019527120274770e-02,
          2.2746943953798351e-02, -9.4799697057472291e-04,
          -3.1391628686702727e-02, 2.4545769713496559e-02,
          -2.2509944228827948e-03, 4.3151748340087498e-01,
          1.2991592300812584e+00, -6.1310406323224556e-02,
          5.4451154773220223e-01, -1.6335684548297438e-01,
          -3.4597410335086634e-02, -1.0654281370922000e-01,
          1.4078718982597263e-01, -1.7485388949235681e-01,
          9.0974340634945999e-03, -6.1310406323224535e-02,
          1.7830384205211677e-01, -5.8790217860205399e-02,
          4.5167586933926404e-02, 2.6880967270275672e-02,
          2.1839983422052282e-02, 5.3867367493200820e-02,
          3.9823268501890240e-02, 6.5019527120274784e-02,
          5.4451154773220223e-01, -5.8790217860205399e-02,
          4.5255813671781514e-01, -7.8800675896909422e-02,
          -2.3306498775203372e-02, -7.6090145497740139e-02,
          5.9851063205220260e-02, -1.2434162660453491e-01,
          2.2746943953798351e-02, -1.6335684548297438e-01,
          4.5167586933926404e-02, -7.8800675896909422e-02,
          1.2759791917823882e-01, 4.8796011302286077e-05,
          2.2328498028678808e-02, -7.7479140705961225e-03,
          3.2512478085017275e-02, -9.4799697057472735e-04,
          -3.4597410335086627e-02, 2.6880967270275672e-02,
          -2.3306498775203372e-02, 4.8796011302285664e-05,
          1.3360953500223885e-01, 1.1630383074839042e-02,
          5.4560281119810086e-03, 3.9953984805204859e-02,
          -3.1391628686702727e-02, -1.0654281370921997e-01,
          2.1839983422052282e-02, -7.6090145497740153e-02,
          2.2328498028678808e-02, 1.1630383074839047e-02,
          8.7190803412225820e-02, -1.2953168568755315e-02,
          2.0440014391202490e-02, 2.4545769713496559e-02,
          1.4078718982597263e-01, 5.3867367493200820e-02,
          5.9851063205220260e-02, -7.7479140705961182e-03,
          5.4560281119810086e-03, -1.2953168568755315e-02,
          8.5603600017978065e-02, -1.0432274971947977e-02,
          -2.2509944228827948e-03, -1.7485388949235681e-01,
          3.9823268501890240e-02, -1.2434162660453491e-01,
          3.2512478085017275e-02, 3.9953984805204859e-02,
          2.0440014391202486e-02, -1.0432274971947977e-02,
          1.6133827555888811e-01 ]
   - !!opencv-matrix
      rows: 9
      cols: 9
      dt: d
      data: [ 1.0666203364244013e-01, 3.8173330385584269e-03,
          9.3746068151332185e-03, 1.0924620914114231e-03,
          2.6813728927832743e-02, -4.7427626458688239e-03,
          -3.2053426588593989e-02, -1.3359591622284636e-03,
          -8.9502681882601791e-03, 3.8173330385584256e-03,
          6.3257306671472783e-03, 5.8748522343225482e-03,
          2.4084960754480267e-03, 2.4732967932208512e-03,
          4.0931790370807698e-04, -1.4431401986244588e-03,
          2.8634445566110855e-03, -3.0279640114960035e-03,
          9.3746068151332185e-03, 5.8748522343225482e-03,
          6.6239730599120306e-02, -7.1176875513131533e-03,
          3.8602043123236980e-03, -2.2802128706723800e-04,
          -2.5852967625943466e-03, 4.6251880442116531e-03,
          -9.3041680463851716e-03, 1.0924620914114242e-03,
          2.4084960754480267e-03, -7.1176875513131533e-03,
          4.7041534104028698e-02, 1.1043940058535640e-03,
          -3.5314528534711015e-03, -1.0972300976974036e-03,
          1.7558173849282590e-03, -2.7063276579168474e-03,
          2.6813728927832743e-02, 2.4732967932208512e-03,
          3.8602043123236989e-03, 1.1043940058535638e-03,
          1.3972558254136102e-02, -2.5090131084422257e-03,
