%YAML:1.0
---
groups:
   - intact
   - CD19
   - blast
intactGmmnames:
   - "intact.759.0"
   - "intact.759.1"
   - "intact.759.2"
   - "intact.759.3"
   - "intact.759.4"
intactLabels:
   - FSC-A
   - SSC-A
   - CD20
   - CD10
   - CD45
   - CD34
   - SYTO41
   - CD19
   - CD38
intactMu: !!opencv-matrix
   rows: 5
   cols: 9
   dt: d
   data: [ 2.0998699349772432e+00, 6.2405937177087434e-01,
       1.0961371493722420e+00, 9.0178456286833497e-01,
       3.7382238963400374e+00, 1.0993860109822973e+00,
       2.7545714385802857e+00, 1.2093852124131861e+00,
       1.4725796054736133e+00, 2.8529681995281182e+00,
       3.3839903641940783e+00, 1.1560519828436140e+00,
       1.9561311072600231e+00, 2.8283499435900126e+00,
       1.1566275774419577e+00, 3.2792977916974273e+00,
       1.5576059721214914e+00, 1.6182877770259920e+00,
       1.0338761583995302e+00, 6.0861203058346636e-01,
       1.0157624809493928e+00, 1.0649290410487648e+00,
       1.7038092069701420e+00, 1.1489080483775778e+00,
       3.1608740723507460e+00, 9.0739062022614203e-01,
       1.8038645744856669e+00, 2.3167187471341197e+00,
       7.5003738461077929e-01, 9.2920929924648321e-01,
       8.6709837457919192e-01, 3.6551151939090523e+00,
       1.1199448142152399e+00, 2.5725234078801771e+00,
       1.2091110565881511e+00, 2.8400319644318857e+00,
       1.2731180060740734e+00, 3.2959528566522101e-01,
       9.8308600266161228e-01, 8.3364717403258848e-01,
       3.4563748334101416e+00, 1.0877055245462222e+00,
       3.3739279614794686e+00, 9.1341155268276719e-01,
       1.6086033510662554e+00 ]
intactSigma:
   - !!opencv-matrix
      rows: 9
      cols: 9
      dt: d
      data: [ 2.3150475471161383e-01, 2.5078141416245672e-03,
          -4.9636823779584853e-03, -1.1948011233344177e-03,
          8.9056648602961960e-03, 4.2179478856931374e-03,
          -2.4268112084075430e-03, -6.8159422086045227e-03,
          1.9735041726444197e-03, 2.5078141416245664e-03,
          2.2173208196846154e-02, 5.0260330532611178e-03,
          5.4330973969308289e-03, 7.9648547127289630e-03,
          2.4718109283751177e-03, -1.1381021010223463e-02,
          9.5953397298241486e-03, 2.6310759647604240e-03,
          -4.9636823779584853e-03, 5.0260330532611178e-03,
          7.6102145423808637e-02, -8.9692117514072398e-03,
          1.4975704815777807e-04, -9.7935219503519737e-04,
          3.8854984058014543e-03, 6.0226470012983719e-03,
          1.0141366911179864e-04, -1.1948011233344161e-03,
          5.4330973969308289e-03, -8.9692117514072398e-03,
          5.1510103397412701e-02, 2.1912901633549865e-03,
          -5.3995644431072123e-03, -5.1313816117877307e-03,
          2.5160900626902084e-03, -3.0000147448697246e-03,
          8.9056648602961960e-03, 7.9648547127289630e-03,
          1.4975704815777807e-04, 2.1912901633549860e-03,
          1.2067965266139005e-02, -2.7243923244522558e-03,
          -1.1099521857585143e-02, 4.7323068795135674e-03,
          -1.7755760581021523e-03, 4.2179478856931340e-03,
          2.4718109283751160e-03, -9.7935219503519823e-04,
          -5.3995644431072140e-03, -2.7243923244522563e-03,
          1.7773807260008925e-01, 2.3375814341294338e-03,
          2.8224345631174918e-03, 4.0293198552932424e-03,
          -2.4268112084075417e-03, -1.1381021010223463e-02,
          3.8854984058014526e-03, -5.1313816117877307e-03,
          -1.1099521857585143e-02, 2.3375814341294304e-03,
          7.2772924208028514e-02, -1.4369618032915117e-02,
          2.6399994689690338e-03, -6.8159422086045245e-03,
          9.5953397298241469e-03, 6.0226470012983728e-03,
          2.5160900626902093e-03, 4.7323068795135682e-03,
          2.8224345631174931e-03, -1.4369618032915117e-02,
          5.0608915796393532e-02, -5.9137282454200238e-03,
          1.9735041726444214e-03, 2.6310759647604240e-03,
          1.0141366911179833e-04, -3.0000147448697246e-03,
          -1.7755760581021521e-03, 4.0293198552932450e-03,
          2.6399994689690347e-03, -5.9137282454200220e-03,
          5.2059291617901356e-02 ]
   - !!opencv-matrix
      rows: 9
      cols: 9
      dt: d
      data: [ 7.7518899889992643e-01, 1.6627103278002195e-01,
          4.3057913172877028e-02, -1.5722625517497573e-02,
          6.6240214603677502e-02, 8.8603939550180588e-03,
          2.0696033661869614e-02, 2.9227025842300112e-02,
          4.2181485239034325e-02, 1.6627103278002195e-01,
          3.3687658073222432e-01, 3.0669849874548617e-02,
          5.8190945224032634e-02, 3.5627081931529511e-02,
          9.6685984422968368e-03, -7.7384703085172672e-03,
          7.0029621193646766e-02, 8.2626458562005782e-03,
          4.3057913172877028e-02, 3.0669849874548617e-02,
          6.7938862644679285e-02, 2.5471356843282408e-04,
          7.1470557083324442e-03, 2.1602395950495296e-03,
          3.1529930602458658e-03, 9.2580864164521787e-03,
          4.3048926537873535e-03, -1.5722625517497566e-02,
          5.8190945224032634e-02, 2.5471356843282370e-04,
          1.8299825583461574e-01, 5.6867484525304865e-02,
          3.5034299768772481e-03, 4.5274529923418324e-03,
          1.0257766527591375e-02, -5.2551772089445755e-05,
          6.6240214603677516e-02, 3.5627081931529511e-02,
          7.1470557083324459e-03, 5.6867484525304851e-02,
          8.5737081293042292e-02, 1.5960624464701296e-03,
          2.6609807280068853e-02, 1.7187428333336125e-03,
          1.0460916400971368e-02, 8.8603939550180588e-03,
          9.6685984422968368e-03, 2.1602395950495287e-03,
          3.5034299768772485e-03, 1.5960624464701296e-03,
          6.5673300059054751e-02, 1.8272716005249289e-03,
          9.9569517988079429e-04, 8.4396125107489661e-04,
          2.0696033661869610e-02, -7.7384703085172655e-03,
          3.1529930602458658e-03, 4.5274529923418324e-03,
          2.6609807280068856e-02, 1.8272716005249289e-03,
          8.5546296905718272e-02, -2.0871961882493680e-02,
          1.1259761957204999e-02, 2.9227025842300112e-02,
          7.0029621193646766e-02, 9.2580864164521787e-03,
          1.0257766527591375e-02, 1.7187428333336125e-03,
          9.9569517988079385e-04, -2.0871961882493680e-02,
          4.4100491543665139e-02, -6.6992531778897668e-03,
          4.2181485239034325e-02, 8.2626458562005782e-03,
          4.3048926537873535e-03, -5.2551772089445240e-05,
          1.0460916400971368e-02, 8.4396125107489661e-04,
          1.1259761957204999e-02, -6.6992531778897668e-03,
          3.8359138512973318e-02 ]
   - !!opencv-matrix
      rows: 9
      cols: 9
      dt: d
      data: [ 6.0350323831310348e-01, 2.5405257498425482e-01,
          8.0040510106012083e-02, 6.5579544116581512e-02,
          2.4563057478006109e-01, 4.3828523813238048e-02,
          -2.1848986204387230e-01, 1.2616894695422268e-01,
          1.0474353487360294e-01, 2.5405257498425482e-01,
          2.5047039889020778e-01, 8.7520874167285753e-02,
          6.4907692895710550e-02, 1.8438205095181262e-01,
          3.8753301098081783e-02, -3.3820084620479141e-02,
          9.0476699754130863e-02, 1.0522050396841641e-01,
          8.0040510106012083e-02, 8.7520874167285767e-02,
          1.5809554842180601e-01, 5.7621733082540573e-02,
          8.3536443142945269e-02, 3.4142770983280481e-02,
          2.8972140005415817e-02, 4.5352883673471005e-02,
          5.0148812266542199e-02, 6.5579544116581512e-02,
          6.4907692895710550e-02, 5.7621733082540580e-02,
          1.5634197362688976e-01, 7.7428639639644789e-02,
          2.4557046671980384e-02, 5.3991548274460359e-04,
          4.5205418764581042e-02, 4.9210422929525315e-02,
          2.4563057478006109e-01, 1.8438205095181262e-01,
          8.3536443142945269e-02, 7.7428639639644775e-02,
          3.9330946490666546e-01, 4.0316996705296586e-02,
          -2.1266373724802756e-03, 8.5870727385840076e-02,
