%YAML:1.0
---
groups:
   - intact
   - CD19
intactGmmnames:
   - "intact.769.0"
   - "intact.769.1"
   - "intact.769.2"
   - "intact.769.3"
   - "intact.769.4"
intactLabels:
   - FSC-A
   - SSC-A
   - CD20
   - CD10
   - CD45
   - CD34
   - SYTO41
   - CD19
   - CD38
intactMu: !!opencv-matrix
   rows: 5
   cols: 9
   dt: d
   data: [ 2.1978290734841135e+00, 3.6319122207452468e+00,
       1.2374202604519284e+00, 1.7287467476542246e+00,
       2.6795772130710036e+00, 1.0850495337168244e+00,
       3.2790838229985853e+00, 1.5878532941863170e+00,
       1.6039098815735839e+00, 1.0522989276465995e+00,
       3.6032720352605535e-01, 9.1600378358008072e-01,
       8.0483765029333565e-01, 3.5859414200960704e+00,
       1.0420098092400869e+00, 3.4299710194397637e+00,
       1.0418518735258824e+00, 1.9171688191000773e+00,
       1.7176082249111588e+00, 1.8542128340970607e+00,
       1.3201397127213275e+00, 1.1307992187538074e+00,
       2.7946787065597913e+00, 1.3053295420996973e+00,
       3.4590143403298921e+00, 1.2122011266727968e+00,
       2.4587972911440730e+00, 1.4608437402477166e+00,
       1.0480510909703864e+00, 9.8826816279605145e-01,
       9.4536388433528118e-01, 2.1409763900367755e+00,
       1.4758736493208149e+00, 2.4998221535143936e+00,
       1.2408821343414607e+00, 1.5355171215921226e+00,
       7.4636538968004418e-01, 3.4798284932679979e-01,
       8.7287328648426565e-01, 8.5467805278443187e-01,
       1.4698114117634944e+00, 1.0193173963905817e+00,
       3.3078785915770377e+00, 9.2619722162027684e-01,
       1.5505157500511084e+00 ]
intactSigma:
   - !!opencv-matrix
      rows: 9
      cols: 9
      dt: d
      data: [ 3.3229796691159869e-01, 4.9852988195460961e-02,
          2.6738618339969100e-02, -9.3791999425913181e-02,
          -2.4271297650360357e-02, -7.0797384478765496e-04,
          -5.8847769398580945e-03, 1.6471156014272570e-02,
          3.0124186330641980e-02, 4.9852988195460968e-02,
          2.9440388502754344e-01, 2.6707104765071474e-02,
          5.6406516402241876e-02, 1.0747670564284283e-02,
          6.4654041675767156e-03, -4.1352785416342915e-02,
          6.1412691525392263e-02, -8.3226140837929334e-03,
          2.6738618339969100e-02, 2.6707104765071467e-02,
          5.1525442091869024e-02, -1.1584340325911919e-02,
          -1.0770198451012715e-03, 1.9491170410187387e-03,
          -3.8342719962950519e-03, 6.6027310181694153e-03,
          1.1392002683787650e-02, -9.3791999425913181e-02,
          5.6406516402241869e-02, -1.1584340325911926e-02,
          1.9110309794819264e-01, 3.7077766467956991e-02,
          5.0105851673589346e-03, -1.4769916185030561e-02,
          1.2508155222464325e-02, -3.1522963718210180e-02,
          -2.4271297650360353e-02, 1.0747670564284280e-02,
          -1.0770198451012713e-03, 3.7077766467956991e-02,
          3.7568540926647159e-02, -1.7476725760894659e-03,
          -7.4861797688599600e-03, 4.0776277114056830e-03,
          -5.2432705412619766e-03, -7.0797384478765539e-04,
          6.4654041675767122e-03, 1.9491170410187390e-03,
          5.0105851673589346e-03, -1.7476725760894650e-03,
          6.2572756228679818e-02, 4.7132874062746064e-04,
          1.4877783131694432e-03, 3.6681995872271244e-04,
          -5.8847769398580928e-03, -4.1352785416342894e-02,
          -3.8342719962950519e-03, -1.4769916185030565e-02,
          -7.4861797688599583e-03, 4.7132874062746021e-04,
          7.3114981268670068e-02, -2.6903761434859539e-02,
          2.7520992921185937e-03, 1.6471156014272566e-02,
          6.1412691525392249e-02, 6.6027310181694145e-03,
          1.2508155222464320e-02, 4.0776277114056830e-03,
          1.4877783131694426e-03, -2.6903761434859539e-02,
          3.4217532531864318e-02, -9.0690800022408969e-03,
          3.0124186330641987e-02, -8.3226140837929334e-03,
          1.1392002683787652e-02, -3.1522963718210180e-02,
          -5.2432705412619766e-03, 3.6681995872271244e-04,
          2.7520992921185945e-03, -9.0690800022408969e-03,
          1.0132569238700657e-01 ]
   - !!opencv-matrix
      rows: 9
      cols: 9
      dt: d
      data: [ 6.9347137942015025e-02, 1.1629282057162373e-02,
          7.9832948324991340e-03, 8.5287900458734592e-03,
          1.3727763036199856e-02, -9.7400293106460553e-05,
          -3.7539025975020283e-02, 1.7423340827996778e-02,
          -1.6220719796799416e-02, 1.1629282057162375e-02,
          1.8636362950672569e-02, 1.0667021637729307e-02,
          7.2979134647913517e-03, 1.0853208009456997e-02,
          2.3311145896301750e-03, -2.8305099139677204e-02,
          1.4986936202232648e-02, -1.3529060422025953e-02,
          7.9832948324991375e-03, 1.0667021637729306e-02,
          7.5153075843700470e-02, -1.9366985145273191e-03,
          7.1636155104397164e-03, 1.8927015604215916e-04,
          -1.5132009074143376e-02, 9.6646645374037776e-03,
          -2.8129573074511475e-02, 8.5287900458734592e-03,
          7.2979134647913526e-03, -1.9366985145273204e-03,
          3.8747541318839153e-02, 6.0004774922058973e-03,
          -7.7363980389590446e-03, -2.1797699715174597e-02,
          1.1265181611222527e-02, -1.1873324109799074e-02,
          1.3727763036199856e-02, 1.0853208009456999e-02,
          7.1636155104397156e-03, 6.0004774922058990e-03,
          1.6199551538677234e-02, -1.8974080982096864e-03,
          -2.4908872300506688e-02, 1.3390437772433560e-02,
          -1.9328575006281885e-02, -9.7400293106460960e-05,
          2.3311145896301754e-03, 1.8927015604216038e-04,
          -7.7363980389590420e-03, -1.8974080982096871e-03,
          1.7453663118942522e-01, -4.1501225681316615e-03,
          4.6068209853369069e-03, 1.3665498926594379e-02,
          -3.7539025975020283e-02, -2.8305099139677204e-02,
          -1.5132009074143374e-02, -2.1797699715174593e-02,
          -2.4908872300506691e-02, -4.1501225681316607e-03,
          1.0018484800124403e-01, -4.4758934036528940e-02,
          4.2602418436013617e-02, 1.7423340827996788e-02,
          1.4986936202232648e-02, 9.6646645374037776e-03,
          1.1265181611222527e-02, 1.3390437772433560e-02,
          4.6068209853369077e-03, -4.4758934036528933e-02,
          4.0648228095736365e-02, -2.5013290936955011e-02,
          -1.6220719796799409e-02, -1.3529060422025953e-02,
          -2.8129573074511475e-02, -1.1873324109799068e-02,
          -1.9328575006281885e-02, 1.3665498926594379e-02,
          4.2602418436013617e-02, -2.5013290936955021e-02,
          3.4176935252682644e-01 ]
   - !!opencv-matrix
      rows: 9
      cols: 9
      dt: d
      data: [ 6.1571489665321621e-01, 5.1777501765663059e-01,
          9.7247334251300013e-02, 7.9579051210584631e-02,
          2.4350170778730161e-02, 2.8487013891565261e-02,
          3.7406947140185255e-02, 5.3605469351401182e-02,
          -3.4177959660563438e-02, 5.1777501765663048e-01,
          1.3468440107296433e+00, 1.0949567117131724e-01,
          2.2302703625500334e-01, 4.3300159923028804e-02,
          5.8173399866073700e-02, 6.1951613780324183e-02,
          1.1618252915276063e-01, -9.5893437198767820e-02,
          9.7247334251299999e-02, 1.0949567117131724e-01,
          2.0619932946111291e-01, 6.8427457440042513e-02,
          2.1908459473377537e-02, 1.2088752295878460e-02,
          5.4932177969594367e-03, 8.8192740590983504e-02,
          -1.3254430555930244e-02, 7.9579051210584603e-02,
          2.2302703625500322e-01, 6.8427457440042500e-02,
          1.9390937276237691e-01, 1.4850610728606601e-02,
          3.5060514783580563e-03, -2.3857328407771012e-02,
          5.6952587293537901e-02, -5.2626760499383904e-02,
          2.4350170778730140e-02, 4.3300159923028825e-02,
          2.1908459473377551e-02, 1.4850610728606594e-02,
          5.2489350493130982e-01, 2.6055982886049014e-02,
