%YAML:1.0
---
groups:
   - intact
   - CD19
   - blast
intactGmmnames:
   - "intact.778.0"
   - "intact.778.1"
   - "intact.778.2"
   - "intact.778.3"
   - "intact.778.4"
intactLabels:
   - FSC-A
   - SSC-A
   - CD20
   - CD10
   - CD45
   - CD34
   - SYTO41
   - CD19
   - CD38
intactMu: !!opencv-matrix
   rows: 5
   cols: 9
   dt: d
   data: [ 9.4814279452176153e-01, 4.5726545593455453e-01,
       1.0963774552954952e+00, 1.0929665038885241e+00,
       1.5958864181950969e+00, 1.1063481664249062e+00,
       3.1412865097473275e+00, 1.0190498139505590e+00,
       1.6025771617568065e+00, 1.6809905090948714e+00,
       4.5686179422047618e-01, 1.0902479374000076e+00,
       1.0285867408457077e+00, 3.6846011647987624e+00,
       1.1174032003146377e+00, 3.2013985258469364e+00,
       1.1520061928972432e+00, 2.0574899580656534e+00,
       9.3577404132573061e-01, 2.6635700677476298e-01,
       1.0221182768205139e+00, 9.7154038886872085e-01,
       3.5662721400185808e+00, 1.1094025142300787e+00,
       3.6561059720897591e+00, 9.3469373252033106e-01,
       1.8963789239638806e+00, 2.1673074466160678e+00,
       2.3891802970332896e+00, 1.6140087919934505e+00,
       1.4157871259385573e+00, 2.9214963825996234e+00,
       1.3635505051523833e+00, 3.3028248731372183e+00,
       1.4478955687326656e+00, 2.2699276050565578e+00,
       1.5210814317530130e+00, 1.0775413784125003e+00,
       1.2276212608956361e+00, 1.1472667354138533e+00,
       2.2547997937021953e+00, 1.6318750732521707e+00,
       2.4487079464890233e+00, 1.2712938770718762e+00,
       1.6872810147645976e+00 ]
intactSigma:
   - !!opencv-matrix
      rows: 9
      cols: 9
      dt: d
      data: [ 9.9706980893431052e-02, 2.4608460789880708e-02,
          1.9900246590691981e-02, 9.3967054836108475e-03,
          1.7393271159899876e-02, 4.7374242239605858e-03,
          -2.7298602490635735e-02, 1.2400359109743539e-02,
          4.8641485319077613e-03, 2.4608460789880708e-02,
          2.6432136515237774e-02, 2.1783356355045986e-02,
          7.2892006054723650e-03, 2.8756509307304043e-02,
          4.0455865358871830e-03, 8.6784197033152634e-03,
          5.2021475123345253e-03, 7.5308864305873059e-03,
          1.9900246590691981e-02, 2.1783356355045986e-02,
          9.0632073346102876e-02, 3.0706107836306956e-03,
          2.7356451420578971e-02, 3.5020789597772447e-03,
          2.2195590129313963e-02, 2.9544748187052237e-03,
          7.9992453120226199e-03, 9.3967054836108475e-03,
          7.2892006054723667e-03, 3.0706107836306956e-03,
          2.6392553033193510e-02, 1.5456757794467051e-02,
          9.2217299552433969e-04, -1.5497090203723196e-02,
          9.0838798456836737e-03, 1.3368979706469902e-03,
          1.7393271159899873e-02, 2.8756509307304036e-02,
          2.7356451420578971e-02, 1.5456757794467049e-02,
          2.0850646398281769e-01, -1.1931551869726501e-04,
          2.8686517221468678e-02, 6.8388682844705831e-03,
          2.2753230287987269e-02, 4.7374242239605841e-03,
          4.0455865358871822e-03, 3.5020789597772447e-03,
          9.2217299552433969e-04, -1.1931551869726611e-04,
          4.2670337807560708e-02, 1.1478080230020607e-03,
          1.1241159928238561e-03, 9.0432087923289701e-04,
          -2.7298602490635735e-02, 8.6784197033152616e-03,
          2.2195590129313963e-02, -1.5497090203723196e-02,
          2.8686517221468678e-02, 1.1478080230020616e-03,
          2.7378161477560087e-01, -7.1972805344362872e-02,
          2.1404150039779524e-02, 1.2400359109743539e-02,
          5.2021475123345245e-03, 2.9544748187052250e-03,
          9.0838798456836737e-03, 6.8388682844705813e-03,
          1.1241159928238563e-03, -7.1972805344362872e-02,
          3.7339815569666694e-02, -5.0829187166060615e-03,
          4.8641485319077613e-03, 7.5308864305873059e-03,
          7.9992453120226181e-03, 1.3368979706469902e-03,
          2.2753230287987269e-02, 9.0432087923289722e-04,
          2.1404150039779524e-02, -5.0829187166060615e-03,
          1.5336280125944825e-02 ]
   - !!opencv-matrix
      rows: 9
      cols: 9
      dt: d
      data: [ 2.6480103512176428e-01, -4.4734771284804364e-03,
          -8.7782962710478954e-04, -1.1084421757997511e-04,
          7.9698062931429260e-03, -3.8605404831457977e-03,
          -5.4295393639480313e-02, 1.5908356600011758e-02,
          -8.1657044260879386e-03, -4.4734771284804364e-03,
          2.5628081633506796e-02, 1.0072535821707827e-02,
          4.5244484369150227e-03, 3.2318464772483845e-03,
          6.0487763864722792e-03, -1.6891230197428098e-02,
          8.4798554368863115e-03, 3.1817922936897829e-02,
          -8.7782962710478889e-04, 1.0072535821707827e-02,
          1.0207045084446206e-01, 1.3099887071783924e-03,
          3.0755576687348579e-03, -8.1075227396390712e-03,
          3.9361865019523715e-03, 2.5339934591573484e-03,
          -2.8912497435893313e-02, -1.1084421757997488e-04,
          4.5244484369150219e-03, 1.3099887071783924e-03,
          2.0131160367425276e-02, 1.1948456068981441e-03,
          -4.9023233726878225e-03, -5.9770098865280846e-03,
          2.4493690233840554e-03, -1.2178107060887258e-03,
          7.9698062931429260e-03, 3.2318464772483836e-03,
          3.0755576687348592e-03, 1.1948456068981447e-03,
          1.8151984771736875e-02, -4.6158112184784151e-03,
          -1.2929647758471772e-02, 7.5273309186238988e-03,
          -2.4404905985108624e-02, -3.8605404831457998e-03,
          6.0487763864722774e-03, -8.1075227396390712e-03,
          -4.9023233726878199e-03, -4.6158112184784160e-03,
          1.9426304219104032e-01, -9.7485452641722160e-04,
          2.2048264432229753e-03, 1.8309794461597573e-02,
          -5.4295393639480313e-02, -1.6891230197428102e-02,
          3.9361865019523715e-03, -5.9770098865280837e-03,
          -1.2929647758471770e-02, -9.7485452641721693e-04,
          1.4004028450970851e-01, -3.9334213594138738e-02,
          -4.4969483633985591e-02, 1.5908356600011758e-02,
          8.4798554368863115e-03, 2.5339934591573489e-03,
          2.4493690233840554e-03, 7.5273309186238962e-03,
          2.2048264432229744e-03, -3.9334213594138738e-02,
          4.1445274035663442e-02, 5.7610057241105671e-03,
          -8.1657044260879438e-03, 3.1817922936897822e-02,
          -2.8912497435893317e-02, -1.2178107060887261e-03,
          -2.4404905985108621e-02, 1.8309794461597573e-02,
          -4.4969483633985584e-02, 5.7610057241105671e-03,
          3.8376203191892233e-01 ]
   - !!opencv-matrix
      rows: 9
      cols: 9
      dt: d
      data: [ 8.7960459632983642e-02, 2.4585394066506268e-03,
          6.3015587384707781e-03, 6.0762125160153425e-03,
          8.3431932855697524e-03, -3.5013320195002367e-03,
          -3.2532462330801863e-02, 2.0702134571730691e-02,
          -6.8946075621749503e-03, 2.4585394066506268e-03,
          5.4951357618939827e-03, 7.8081135755341050e-03,
          2.1307887569133386e-03, 2.3328902755973958e-03,
          1.3813168254738560e-03, -6.4858730998691933e-04,
          2.0181342453511443e-03, -4.6313234596130444e-03,
          6.3015587384707781e-03, 7.8081135755341050e-03,
          9.5186935242070739e-02, 5.7520869687577682e-04,
          5.0677398792010088e-03, 3.8838187338615620e-03,
          -3.0498720781056671e-04, 4.4755610738453694e-03,
          -1.2645681451677852e-02, 6.0762125160153417e-03,
          2.1307887569133386e-03, 5.7520869687577639e-04,
          1.7948695397372753e-02, 1.6564045492503197e-03,
          -2.8106958126341108e-03, -4.2041528052675246e-03,
          3.5768834075126715e-03, -3.9899015451376639e-03,
          8.3431932855697524e-03, 2.3328902755973954e-03,
          5.0677398792010088e-03, 1.6564045492503193e-03,
          6.8470972277916431e-03, -1.8274435872615601e-03,
          -4.0224327964351811e-03, 3.4989372664704162e-03,
