%YAML:1.0
---
groups:
   - intact
   - CD19
   - blast
intactGmmnames:
   - "intact.798.0"
   - "intact.798.1"
   - "intact.798.2"
   - "intact.798.3"
   - "intact.798.4"
intactLabels:
   - FSC-A
   - SSC-A
   - CD20
   - CD10
   - CD45
   - CD34
   - SYTO41
   - CD19
   - CD38
intactMu: !!opencv-matrix
   rows: 5
   cols: 9
   dt: d
   data: [ 6.2847582990644080e-01, 2.3952488323816506e-01,
       8.2465270569384563e-01, 7.8458453944693873e-01,
       3.1584259680714100e+00, 1.0435167958298328e+00,
       3.0885534914488382e+00, 1.4142389589024016e+00,
       1.7996059648843790e+00, 6.7707187024783932e-01,
       3.8515135012108215e-01, 9.1146728005200728e-01,
       9.2512609676720092e-01, 1.3066894531374875e+00,
       1.0905793719733707e+00, 2.3308871169930780e+00,
       1.0831308167458757e+00, 1.5544024600457838e+00,
       1.4804873710435411e+00, 1.1057471866812485e+00,
       1.2444590568601659e+00, 1.1872157484007395e+00,
       2.7957258813754939e+00, 1.2925724662979881e+00,
       2.9843657085706927e+00, 1.6885862247109158e+00,
       2.1027984761907499e+00, 9.5825222108859343e-01,
       4.7425081722482132e-01, 9.1311519615552295e-01,
       8.6961393862339476e-01, 3.3655914371025970e+00,
       1.0304859864524614e+00, 2.6705913976552598e+00,
       1.7021539264891614e+00, 2.1067154984045366e+00,
       1.3050331998972613e+00, 2.4052090019793040e+00,
       9.8486912892821299e-01, 1.6418398583117508e+00,
       2.1946750045751537e+00, 1.1975331554881974e+00,
       2.6327299234656327e+00, 1.6250755345385897e+00,
       1.6844377491549096e+00 ]
intactSigma:
   - !!opencv-matrix
      rows: 9
      cols: 9
      dt: d
      data: [ 5.7142993901872122e-02, -2.7139062584026208e-03,
          4.1060811566590912e-03, 2.9976029225007397e-03,
          4.0074054749407607e-03, -1.3328441577283064e-05,
          -1.5338225578501636e-02, 3.1982561486874187e-03,
          7.9796608934370734e-04, -2.7139062584026217e-03,
          1.0751743565424890e-02, 2.5367209128777397e-03,
          2.8424130534563945e-03, 1.9952759778129542e-03,
          1.2510381447873415e-03, -2.1376666441125721e-04,
          4.5961970540842386e-03, -9.3510740299877109e-04,
          4.1060811566590912e-03, 2.5367209128777388e-03,
          1.8173274907712773e-02, -2.7419098074801425e-03,
          2.1458919401645964e-03, 6.7197148417802281e-04,
          -3.7598316303563890e-03, 3.8347794428950214e-03,
          -8.2548907978381226e-04, 2.9976029225007405e-03,
          2.8424130534563945e-03, -2.7419098074801425e-03,
          2.5855130934038292e-02, 1.5318000499966000e-03,
          -2.4468456420765187e-03, -3.8065153946332266e-03,
          2.9963241751450776e-03, -6.6946030507521995e-04,
          4.0074054749407607e-03, 1.9952759778129547e-03,
          2.1458919401645964e-03, 1.5318000499966000e-03,
          8.8782735926040204e-03, -4.7678741756314677e-04,
          -2.8249886428920968e-03, 6.8745691299330596e-03,
          3.4453462668250100e-04, -1.3328441577283563e-05,
          1.2510381447873415e-03, 6.7197148417802314e-04,
          -2.4468456420765187e-03, -4.7678741756314666e-04,
          9.4437808560356620e-02, 4.8021556126932429e-04,
          -5.2508704381503638e-04, 9.1364933725323840e-05,
          -1.5338225578501636e-02, -2.1376666441125721e-04,
          -3.7598316303563890e-03, -3.8065153946332266e-03,
          -2.8249886428920968e-03, 4.8021556126932429e-04,
          1.3570722447430843e-02, -4.7237817734742575e-03,
          -1.3687440639692552e-04, 3.1982561486874183e-03,
          4.5961970540842386e-03, 3.8347794428950210e-03,
          2.9963241751450776e-03, 6.8745691299330596e-03,
          -5.2508704381503638e-04, -4.7237817734742575e-03,
          4.1015723628489875e-02, -3.1980671769964966e-03,
          7.9796608934370658e-04, -9.3510740299877087e-04,
          -8.2548907978381215e-04, -6.6946030507521962e-04,
          3.4453462668250105e-04, 9.1364933725323529e-05,
          -1.3687440639692546e-04, -3.1980671769964958e-03,
          1.4697640438834366e-02 ]
   - !!opencv-matrix
      rows: 9
      cols: 9
      dt: d
      data: [ 1.4219411271519150e-01, -3.0831753505394560e-04,
          -2.5978471210967701e-03, -3.3985983578986470e-04,
          1.3300120013290700e-02, 1.0392667025000944e-02,
          -1.4515934867771527e-01, 7.0005767283318277e-03,
          -4.6278259667338192e-03, -3.0831753505394571e-04,
          5.2682215657123853e-02, 1.1291896682020037e-02,
          9.8145659495236671e-03, 1.1875235155872058e-02,
          4.1705208581848492e-03, 4.3283412037907434e-02,
          1.4354206458584370e-02, 6.3957456095389310e-03,
          -2.5978471210967710e-03, 1.1291896682020035e-02,
          2.7965101705356151e-02, 2.2957137228213124e-03,
          3.4340492176252531e-03, -1.3773985411730737e-03,
          2.3096561061646897e-03, 8.4006879672868223e-03,
          6.1291968619093965e-04, -3.3985983578986416e-04,
          9.8145659495236671e-03, 2.2957137228213119e-03,
          3.5503136988576912e-02, 9.0213127910697948e-03,
          -1.6633794971348422e-03, -3.0493251793642533e-03,
          7.8298484362406325e-03, 2.3129024301302725e-03,
          1.3300120013290700e-02, 1.1875235155872058e-02,
          3.4340492176252531e-03, 9.0213127910697948e-03,
          4.5430215852213164e-02, 6.2226434480244456e-03,
          -3.8005443783103087e-03, 3.0472530864098304e-03,
          5.7020518983387112e-03, 1.0392667025000945e-02,
          4.1705208581848492e-03, -1.3773985411730731e-03,
          -1.6633794971348422e-03, 6.2226434480244456e-03,
          3.9651070134665033e-02, -2.9827682369280950e-03,
          -4.6561659317880726e-04, 6.7068713756507684e-04,
          -1.4515934867771527e-01, 4.3283412037907434e-02,
          2.3096561061646897e-03, -3.0493251793642516e-03,
          -3.8005443783103061e-03, -2.9827682369280963e-03,
          4.3522171288548911e-01, -1.5258669203790430e-02,
          1.9296675458408925e-02, 7.0005767283318277e-03,
          1.4354206458584370e-02, 8.4006879672868240e-03,
          7.8298484362406325e-03, 3.0472530864098291e-03,
          -4.6561659317880758e-04, -1.5258669203790430e-02,
          2.8762593568607470e-02, -1.0311196909552265e-03,
          -4.6278259667338192e-03, 6.3957456095389302e-03,
          6.1291968619093986e-04, 2.3129024301302725e-03,
          5.7020518983387112e-03, 6.7068713756507706e-04,
          1.9296675458408925e-02, -1.0311196909552265e-03,
          5.3099828528158175e-03 ]
   - !!opencv-matrix
      rows: 9
      cols: 9
      dt: d
      data: [ 1.2601617394628581e+00, 7.5226843160717302e-02,
          2.5714219273972782e-02, -2.2091880025314658e-02,
          3.2865669173858225e-01, -8.2249187798797516e-02,
          -2.6960231495080667e-01, 1.7348706572053993e-01,
          1.9035600148732523e-01, 7.5226843160717302e-02,
          8.3381492398925960e-01, 1.7728575576593000e-01,
          1.8460374348681688e-01, -1.0905951026915453e-02,
          5.2638924451936908e-02, 1.0592062010515738e-01,
          2.4210486344945717e-01, 5.4907985183130946e-03,
          2.5714219273972785e-02, 1.7728575576592998e-01,
          3.6793244118820867e-01, 1.9987655706970522e-01,
          -7.0489901677145250e-02, 2.8488282523802446e-02,
          -3.7253538057132510e-02, 1.8246174771799040e-01,
          -3.6284533807950492e-02, -2.2091880025314637e-02,
          1.8460374348681688e-01, 1.9987655706970520e-01,
          3.3711850462374587e-01, -4.0837948762800017e-02,
          2.1163980874045394e-02, -3.8054803538202751e-02,
          1.2773868428783156e-01, -2.8715538565080981e-02,
          3.2865669173858231e-01, -1.0905951026915439e-02,
          -7.0489901677145250e-02, -4.0837948762800017e-02,
          5.2963161949911197e-01, -3.3069276745474947e-02,
