%YAML:1.0
---
groups:
   - intact
   - CD19
   - blast
intactGmmnames:
   - "intact.798.0"
   - "intact.798.1"
   - "intact.798.2"
   - "intact.798.3"
   - "intact.798.4"
intactLabels:
   - FSC-A
   - SSC-A
   - CD20
   - CD10
   - CD45
   - CD34
   - SYTO41
   - CD19
   - CD38
intactMu: !!opencv-matrix
   rows: 5
   cols: 9
   dt: d
   data: [ 6.2847582990644080e-01, 2.3952488323816506e-01,
       8.2465270569384563e-01, 7.8458453944693873e-01,
       3.1584259680714100e+00, 1.0435167958298328e+00,
       3.0885534914488382e+00, 1.4142389589024016e+00,
       1.7996059648843790e+00, 6.7707187024783932e-01,
       3.8515135012108215e-01, 9.1146728005200728e-01,
       9.2512609676720092e-01, 1.3066894531374875e+00,
       1.0905793719733707e+00, 2.3308871169930780e+00,
       1.0831308167458757e+00, 1.5544024600457838e+00,
       1.4804873710435411e+00, 1.1057471866812485e+00,
       1.2444590568601659e+00, 1.1872157484007395e+00,
       2.7957258813754939e+00, 1.2925724662979881e+00,
       2.9843657085706927e+00, 1.6885862247109158e+00,
       2.1027984761907499e+00, 9.5825222108859343e-01,
       4.7425081722482132e-01, 9.1311519615552295e-01,
       8.6961393862339476e-01, 3.3655914371025970e+00,
       1.0304859864524614e+00, 2.6705913976552598e+00,
       1.7021539264891614e+00, 2.1067154984045366e+00,
       1.3050331998972613e+00, 2.4052090019793040e+00,
       9.8486912892821299e-01, 1.6418398583117508e+00,
       2.1946750045751537e+00, 1.1975331554881974e+00,
       2.6327299234656327e+00, 1.6250755345385897e+00,
       1.6844377491549096e+00 ]
intactSigma:
   - !!opencv-matrix
      rows: 9
      cols: 9
      dt: d
      data: [ 5.7142993901872122e-02, -2.7139062584026208e-03,
          4.1060811566590912e-03, 2.9976029225007397e-03,
          4.0074054749407607e-03, -1.3328441577283064e-05,
          -1.5338225578501636e-02, 3.1982561486874187e-03,
          7.9796608934370734e-04, -2.7139062584026217e-03,
          1.0751743565424890e-02, 2.5367209128777397e-03,
          2.8424130534563945e-03, 1.9952759778129542e-03,
          1.2510381447873415e-03, -2.1376666441125721e-04,
          4.5961970540842386e-03, -9.3510740299877109e-04,
          4.1060811566590912e-03, 2.5367209128777388e-03,
          1.8173274907712773e-02, -2.7419098074801425e-03,
          2.1458919401645964e-03, 6.7197148417802281e-04,
          -3.7598316303563890e-03, 3.8347794428950214e-03,
          -8.2548907978381226e-04, 2.9976029225007405e-03,
          2.8424130534563945e-03, -2.7419098074801425e-03,
          2.5855130934038292e-02, 1.5318000499966000e-03,
          -2.4468456420765187e-03, -3.8065153946332266e-03,
          2.9963241751450776e-03, -6.6946030507521995e-04,
          4.0074054749407607e-03, 1.9952759778129547e-03,
          2.1458919401645964e-03, 1.5318000499966000e-03,
          8.8782735926040204e-03, -4.7678741756314677e-04,
          -2.8249886428920968e-03, 6.8745691299330596e-03,
          3.4453462668250100e-04, -1.3328441577283563e-05,
          1.2510381447873415e-03, 6.7197148417802314e-04,
          -2.4468456420765187e-03, -4.7678741756314666e-04,
          9.4437808560356620e-02, 4.8021556126932429e-04,
          -5.2508704381503638e-04, 9.1364933725323840e-05,
          -1.5338225578501636e-02, -2.1376666441125721e-04,
          -3.7598316303563890e-03, -3.8065153946332266e-03,
          -2.8249886428920968e-03, 4.8021556126932429e-04,
          1.3570722447430843e-02, -4.7237817734742575e-03,
          -1.3687440639692552e-04, 3.1982561486874183e-03,
          4.5961970540842386e-03, 3.8347794428950210e-03,
          2.9963241751450776e-03, 6.8745691299330596e-03,
          -5.2508704381503638e-04, -4.7237817734742575e-03,
          4.1015723628489875e-02, -3.1980671769964966e-03,
          7.9796608934370658e-04, -9.3510740299877087e-04,
          -8.2548907978381215e-04, -6.6946030507521962e-04,
          3.4453462668250105e-04, 9.1364933725323529e-05,
          -1.3687440639692546e-04, -3.1980671769964958e-03,
          1.4697640438834366e-02 ]
   - !!opencv-matrix
      rows: 9
      cols: 9
      dt: d
      data: [ 1.4219411271519150e-01, -3.0831753505394560e-04,
          -2.5978471210967701e-03, -3.3985983578986470e-04,
          1.3300120013290700e-02, 1.0392667025000944e-02,
          -1.4515934867771527e-01, 7.0005767283318277e-03,
          -4.6278259667338192e-03, -3.0831753505394571e-04,
          5.2682215657123853e-02, 1.1291896682020037e-02,
          9.8145659495236671e-03, 1.1875235155872058e-02,
          4.1705208581848492e-03, 4.3283412037907434e-02,
          1.4354206458584370e-02, 6.3957456095389310e-03,
          -2.5978471210967710e-03, 1.1291896682020035e-02,
          2.7965101705356151e-02, 2.2957137228213124e-03,
          3.4340492176252531e-03, -1.3773985411730737e-03,
          2.3096561061646897e-03, 8.4006879672868223e-03,
          6.1291968619093965e-04, -3.3985983578986416e-04,
          9.8145659495236671e-03, 2.2957137228213119e-03,
          3.5503136988576912e-02, 9.0213127910697948e-03,
          -1.6633794971348422e-03, -3.0493251793642533e-03,
          7.8298484362406325e-03, 2.3129024301302725e-03,
          1.3300120013290700e-02, 1.1875235155872058e-02,
          3.4340492176252531e-03, 9.0213127910697948e-03,
          4.5430215852213164e-02, 6.2226434480244456e-03,
          -3.8005443783103087e-03, 3.0472530864098304e-03,
          5.7020518983387112e-03, 1.0392667025000945e-02,
          4.1705208581848492e-03, -1.3773985411730731e-03,
          -1.6633794971348422e-03, 6.2226434480244456e-03,
          3.9651070134665033e-02, -2.9827682369280950e-03,
          -4.6561659317880726e-04, 6.7068713756507684e-04,
          -1.4515934867771527e-01, 4.3283412037907434e-02,
          2.3096561061646897e-03, -3.0493251793642516e-03,
          -3.8005443783103061e-03, -2.9827682369280963e-03,
          4.3522171288548911e-01, -1.5258669203790430e-02,
          1.9296675458408925e-02, 7.0005767283318277e-03,
          1.4354206458584370e-02, 8.4006879672868240e-03,
          7.8298484362406325e-03, 3.0472530864098291e-03,
          -4.6561659317880758e-04, -1.5258669203790430e-02,
          2.8762593568607470e-02, -1.0311196909552265e-03,
          -4.6278259667338192e-03, 6.3957456095389302e-03,
          6.1291968619093986e-04, 2.3129024301302725e-03,
          5.7020518983387112e-03, 6.7068713756507706e-04,
          1.9296675458408925e-02, -1.0311196909552265e-03,
          5.3099828528158175e-03 ]
   - !!opencv-matrix
      rows: 9
      cols: 9
      dt: d
      data: [ 1.2601617394628581e+00, 7.5226843160717302e-02,
          2.5714219273972782e-02, -2.2091880025314658e-02,
          3.2865669173858225e-01, -8.2249187798797516e-02,
          -2.6960231495080667e-01, 1.7348706572053993e-01,
          1.9035600148732523e-01, 7.5226843160717302e-02,
          8.3381492398925960e-01, 1.7728575576593000e-01,
          1.8460374348681688e-01, -1.0905951026915453e-02,
          5.2638924451936908e-02, 1.0592062010515738e-01,
          2.4210486344945717e-01, 5.4907985183130946e-03,
          2.5714219273972785e-02, 1.7728575576592998e-01,
          3.6793244118820867e-01, 1.9987655706970522e-01,
          -7.0489901677145250e-02, 2.8488282523802446e-02,
          -3.7253538057132510e-02, 1.8246174771799040e-01,
          -3.6284533807950492e-02, -2.2091880025314637e-02,
          1.8460374348681688e-01, 1.9987655706970520e-01,
          3.3711850462374587e-01, -4.0837948762800017e-02,
          2.1163980874045394e-02, -3.8054803538202751e-02,
          1.2773868428783156e-01, -2.8715538565080981e-02,
          3.2865669173858231e-01, -1.0905951026915439e-02,
          -7.0489901677145250e-02, -4.0837948762800017e-02,
          5.2963161949911197e-01, -3.3069276745474947e-02,
          -4.1489546522332110e-02, 1.3447243522773678e-01,
          1.0920125692971321e-01, -8.2249187798797516e-02,
          5.2638924451936908e-02, 2.8488282523802429e-02,
          2.1163980874045394e-02, -3.3069276745474947e-02,
          2.9823909618201666e-01, 3.6530002687979908e-02,
          -5.3893787272370278e-03, 1.6762702858871645e-02,
          -2.6960231495080667e-01, 1.0592062010515738e-01,
          -3.7253538057132496e-02, -3.8054803538202758e-02,
          -4.1489546522332096e-02, 3.6530002687979915e-02,
          3.3711729620900355e-01, -5.7715558179729905e-02,
          -6.7067560521176142e-02, 1.7348706572053987e-01,
          2.4210486344945717e-01, 1.8246174771799034e-01,
          1.2773868428783156e-01, 1.3447243522773678e-01,
          -5.3893787272370260e-03, -5.7715558179729905e-02,
          2.8069808191810769e-01, 3.1949817573416986e-02,
          1.9035600148732523e-01, 5.4907985183130946e-03,
          -3.6284533807950485e-02, -2.8715538565080981e-02,
          1.0920125692971322e-01, 1.6762702858871645e-02,
          -6.7067560521176128e-02, 3.1949817573416986e-02,
          2.3103676630025180e-01 ]
   - !!opencv-matrix
      rows: 9
      cols: 9
      dt: d
      data: [ 1.0353053847950494e-01, -7.8121999985571160e-03,
          1.3405332438275696e-03, -2.0010409942059050e-03,
          -6.8914260056054878e-04, -2.0865243924488979e-04,
          -1.3005482247699072e-02, -1.5538133467398049e-03,
          -1.6160450834574690e-02, -7.8121999985571160e-03,
          2.9603105424383869e-02, 6.8250041571022609e-03,
          7.3959770595027350e-03, 7.9240696553349622e-03,
          4.3547338351213847e-04, -1.9077010223247891e-02,
          1.3636388949974312e-02, 2.1877296864995552e-02,
          1.3405332438275702e-03, 6.8250041571022617e-03,
          2.1485171634019057e-02, -7.1029761193689290e-04,
          4.2603099056563315e-03, 1.4360677952982581e-04,
          -1.4357428135464612e-02, 7.0100597327113698e-03,
          2.4524160903009800e-03, -2.0010409942059055e-03,
          7.3959770595027350e-03, -7.1029761193689290e-04,
          3.0886512190548495e-02, 3.6951268878646195e-03,
          -6.5227102342692630e-03, -1.6659796379493646e-02,
          7.7892796279768108e-03, 3.4757491794410447e-03,
          -6.8914260056054889e-04, 7.9240696553349605e-03,
          4.2603099056563324e-03, 3.6951268878646195e-03,
          2.0744369706872733e-02, -1.7635499280200335e-04,
          -1.7347134151851674e-02, 2.2477878687079452e-02,
          -4.1921707830496948e-03, -2.0865243924489039e-04,
          4.3547338351213955e-04, 1.4360677952982552e-04,
          -6.5227102342692647e-03, -1.7635499280200308e-04,
          1.3370262672046063e-01, 4.4132622419467433e-03,
          -1.2799519039169613e-03, 7.3415700211596577e-03,
          -1.3005482247699067e-02, -1.9077010223247891e-02,
          -1.4357428135464612e-02, -1.6659796379493646e-02,
          -1.7347134151851674e-02, 4.4132622419467433e-03,
          9.9340372035097879e-02, -2.7950336631589117e-02,
          -3.1251423843199795e-02, -1.5538133467398057e-03,
          1.3636388949974314e-02, 7.0100597327113698e-03,
          7.7892796279768108e-03, 2.2477878687079452e-02,
          -1.2799519039169616e-03, -2.7950336631589117e-02,
          5.4198417752493545e-02, -2.8004365091008521e-03,
          -1.6160450834574694e-02, 2.1877296864995548e-02,
          2.4524160903009800e-03, 3.4757491794410447e-03,
          -4.1921707830496948e-03, 7.3415700211596595e-03,
          -3.1251423843199802e-02, -2.8004365091008521e-03,
          1.5636853142769330e-01 ]
   - !!opencv-matrix
      rows: 9
      cols: 9
      dt: d
      data: [ 5.9378258947358464e-01, 3.3763450278922864e-02,
          2.4272885196781970e-02, -4.1995580022943513e-02,
          1.4843633826602403e-02, 3.5485958443959742e-02,
          -7.0356198377865373e-02, 1.1396878116481469e-02,
          2.0978290462964791e-03, 3.3763450278922851e-02,
          1.0899616398005370e+00, 5.1659094645771460e-02,
          3.4693766574633172e-01, 3.8201683195596470e-01,
          1.5020262440239136e-02, 2.0237495950584455e-01,
          2.4996059746402860e-01, 8.2439367020448462e-02,
          2.4272885196781970e-02, 5.1659094645771453e-02,
          3.2751681808292611e-02, 2.5019434700090687e-02,
          3.0304913971411891e-02, 2.5406352077055757e-03,
          -6.2985229404756322e-03, 1.7576159771429980e-02,
          5.0163758829553226e-03, -4.1995580022943527e-02,
          3.4693766574633167e-01, 2.5019434700090687e-02,
          3.5376005742396993e-01, 2.9351731434521561e-01,
          2.3380485886457542e-03, 1.2362835937190286e-01,
          9.9378848549444510e-02, 4.9718488784295307e-02,
          1.4843633826602403e-02, 3.8201683195596470e-01,
          3.0304913971411895e-02, 2.9351731434521561e-01,
          4.0148613225764801e-01, 2.2851039505224702e-02,
          1.5161543351693924e-01, 1.1276056822667573e-01,
          6.5806533819855448e-02, 3.5485958443959742e-02,
          1.5020262440239133e-02, 2.5406352077055766e-03,
          2.3380485886457521e-03, 2.2851039505224706e-02,
          8.3530094642024710e-02, 3.2067815479609053e-02,
          4.1104318954791538e-03, 6.0382720095510664e-03,
          -7.0356198377865373e-02, 2.0237495950584455e-01,
          -6.2985229404756322e-03, 1.2362835937190286e-01,
          1.5161543351693924e-01, 3.2067815479609053e-02,
          2.6681743646782979e-01, 3.3364064315283187e-02,
          3.8854002442750488e-02, 1.1396878116481469e-02,
          2.4996059746402860e-01, 1.7576159771429980e-02,
          9.9378848549444510e-02, 1.1276056822667573e-01,
          4.1104318954791538e-03, 3.3364064315283187e-02,
          8.7970673811297209e-02, 1.8649453536323735e-02,
          2.0978290462964799e-03, 8.2439367020448462e-02,
          5.0163758829553226e-03, 4.9718488784295307e-02,
          6.5806533819855448e-02, 6.0382720095510664e-03,
          3.8854002442750488e-02, 1.8649453536323728e-02,
          2.3141361588341864e-02 ]
intactC: !!opencv-matrix
   rows: 1
   cols: 5
   dt: d
   data: [ 3.4171432747946268e-01, 4.4497812861766919e-02,
       2.5179708141172250e-02, 1.9160506401648233e-01,
       7.8048960768073161e-02 ]
intactNumEvents: 182980.
intactMaxVals: !!opencv-matrix
   rows: 1
   cols: 9
   dt: d
   data: [ 4.5000000000000000e+00, 4.5000000000000000e+00,
       4.5000000000000000e+00, 4.5000000000000000e+00,
       4.5000000000000000e+00, 4.5000000000000000e+00,
       4.5000000000000000e+00, 4.5000000000000000e+00,
       4.5000000000000000e+00 ]
intactScales: !!opencv-matrix
   rows: 1
   cols: 9
   dt: d
   data: [ 1., 1., 1., 1., 1., 1., 1., 1., 1. ]
CD19Gmmnames:
   - "CD19.798.0"
   - "CD19.798.1"
CD19Labels:
   - FSC-A
   - SSC-A
   - CD20
   - CD10
   - CD45
   - CD34
   - SYTO41
   - CD19
   - CD38
CD19Mu: !!opencv-matrix
   rows: 2
   cols: 9
   dt: d
   data: [ 6.9511086779859466e-01, 2.9112506051561798e-01,
       2.6497845864552811e+00, 8.5315622542244818e-01,
       3.1805318368869746e+00, 1.0738813387415187e+00,
       2.7704273784320463e+00, 3.0922496904459464e+00,
       1.7693980777488929e+00, 1.0104712844401169e+00,
       4.9628136713805637e-01, 2.7612512054922029e+00,
       9.3357410329257740e-01, 3.2728802342618084e+00,
       1.1354905770086050e+00, 2.7354565311085941e+00,
       3.1929490205943605e+00, 1.8649395613176296e+00 ]
CD19Sigma:
   - !!opencv-matrix
      rows: 9
      cols: 9
      dt: d
      data: [ 3.5666022460256720e-02, 1.5997949481358809e-03,
          4.6945630626089841e-04, 3.1272661513660699e-03,
          6.8186954888565824e-03, -1.4911023713394377e-03,
          -2.3375004219354713e-02, 1.5705420295790880e-03,
          4.8150904464773524e-04, 1.5997949481358809e-03,
          1.3656734816465937e-02, 4.7807332309251667e-03,
          3.8807193569874178e-03, 4.2745768602871215e-03,
          1.1499301523351361e-05, -1.2592053369833817e-02,
          4.9676343458264546e-03, 1.1630784757080135e-03,
          4.6945630626089803e-04, 4.7807332309251667e-03,
          2.9486802057808955e-02, 5.6524329133367517e-04,
          2.8902107125552893e-03, 1.2687273553189785e-03,
          -1.5815640750359905e-02, 1.0750473890049168e-02,
          2.0388342595686316e-03, 3.1272661513660708e-03,
          3.8807193569874178e-03, 5.6524329133367539e-04,
          6.3735236335582549e-02, 2.8630699527440791e-03,
          -1.7036172762605558e-03, -1.3099152474665551e-02,
          1.7413364411559829e-03, 1.3877510476863219e-03,
          6.8186954888565824e-03, 4.2745768602871206e-03,
          2.8902107125552893e-03, 2.8630699527440796e-03,
          1.3514930319172766e-02, -3.0178150614296070e-04,
          -1.5042672038652971e-02, 3.8495963092624007e-03,
          3.3868481220716428e-03, -1.4911023713394373e-03,
          1.1499301523351247e-05, 1.2687273553189777e-03,
          -1.7036172762605563e-03, -3.0178150614296103e-04,
          1.0251770916012966e-01, 2.1182921535627501e-03,
          1.0956756415065150e-03, 2.1038662228071345e-03,
          -2.3375004219354713e-02, -1.2592053369833817e-02,
          -1.5815640750359905e-02, -1.3099152474665553e-02,
          -1.5042672038652971e-02, 2.1182921535627488e-03,
          8.0877355916675775e-02, -1.4504720560229147e-02,
          -3.5377539550558675e-03, 1.5705420295790884e-03,
          4.9676343458264546e-03, 1.0750473890049170e-02,
          1.7413364411559824e-03, 3.8495963092623998e-03,
          1.0956756415065132e-03, -1.4504720560229143e-02,
          2.8778129910838030e-02, -1.8951550524806335e-03,
          4.8150904464773546e-04, 1.1630784757080135e-03,
          2.0388342595686316e-03, 1.3877510476863221e-03,
          3.3868481220716428e-03, 2.1038662228071341e-03,
          -3.5377539550558675e-03, -1.8951550524806335e-03,
          3.1420116595985231e-02 ]
   - !!opencv-matrix
      rows: 9
      cols: 9
      dt: d
      data: [ 3.1070783768114874e-01, -6.2934265840472350e-04,
          1.5293219550005444e-02, -5.6696033352719071e-03,
          2.3293515594515573e-02, -3.5056596393977305e-03,
          -3.8393015719934420e-02, 1.0130281436019312e-02,
          4.9764491545763109e-03, -6.2934265840472383e-04,
          4.6131241086034579e-02, 1.3361927959866930e-02,
          4.9358332733116777e-03, 1.4533855289393605e-02,
          3.8300021805388568e-03, 2.2267205741810514e-02,
          1.1908514051991481e-02, 1.2055855339536303e-02,
          1.5293219550005449e-02, 1.3361927959866930e-02,
          1.0026173666332910e-01, 9.5199656770798098e-04,
          2.3744847802452538e-02, 4.3057122098821080e-03,
          -6.7888608250824900e-03, 5.3302378469343589e-02,
          -1.1254298720984345e-03, -5.6696033352719071e-03,
          4.9358332733116760e-03, 9.5199656770798044e-04,
          1.3903604269672620e-01, -3.8557205459015744e-03,
          -3.7320839264085694e-03, -3.1083305435007889e-02,
          -7.2378339484446890e-03, 5.5769238991759881e-03,
          2.3293515594515580e-02, 1.4533855289393601e-02,
          2.3744847802452538e-02, -3.8557205459015744e-03,
          5.3881022669049566e-02, 9.7781490388416199e-04,
          2.3306590739606087e-02, 1.6806543823071732e-02,
          2.2019880283205284e-02, -3.5056596393977318e-03,
          3.8300021805388568e-03, 4.3057122098821088e-03,
          -3.7320839264085711e-03, 9.7781490388416134e-04,
          1.6636993147692944e-01, 1.2377593662112803e-02,
          2.4958420434526714e-03, 5.1137697103276515e-03,
          -3.8393015719934413e-02, 2.2267205741810514e-02,
          -6.7888608250824900e-03, -3.1083305435007889e-02,
          2.3306590739606087e-02, 1.2377593662112808e-02,
          2.3104949341213993e-01, 5.8791665640454838e-03,
          3.5866714570329451e-02, 1.0130281436019314e-02,
          1.1908514051991479e-02, 5.3302378469343603e-02,
          -7.2378339484446864e-03, 1.6806543823071732e-02,
          2.4958420434526710e-03, 5.8791665640454838e-03,
          6.4827897492865064e-02, -8.8097084975128856e-04,
          4.9764491545763109e-03, 1.2055855339536303e-02,
          -1.1254298720984332e-03, 5.5769238991759864e-03,
          2.2019880283205288e-02, 5.1137697103276524e-03,
          3.5866714570329451e-02, -8.8097084975128661e-04,
          8.3059593111863200e-02 ]
CD19C: !!opencv-matrix
   rows: 1
   cols: 2
   dt: d
   data: [ 2.7459296024978969e-01, 4.4145292285802502e-02 ]
CD19NumEvents: 85637.
CD19MaxVals: !!opencv-matrix
   rows: 1
   cols: 9
   dt: d
   data: [ 4.5000000000000000e+00, 4.5000000000000000e+00,
       4.5000000000000000e+00, 4.5000000000000000e+00,
       4.5000000000000000e+00, 4.5000000000000000e+00,
       4.5000000000000000e+00, 4.5000000000000000e+00,
       4.5000000000000000e+00 ]
CD19Scales: !!opencv-matrix
   rows: 1
   cols: 9
   dt: d
   data: [ 1., 1., 1., 1., 1., 1., 1., 1., 1. ]
blastGmmnames:
   - "blast.798.0"
blastLabels:
   - FSC-A
   - SSC-A
   - CD20
   - CD10
   - CD45
   - CD34
   - SYTO41
   - CD19
   - CD38
blastMu: !!opencv-matrix
   rows: 1
   cols: 9
   dt: d
   data: [ 8.9202330441310484e-01, 5.4917683041301268e-01,
       1.4123710126712403e+00, 3.1647821294850318e+00,
       2.6122608719200922e+00, 1.5182039013196682e+00,
       2.7707612185642638e+00, 3.5462203108031174e+00,
       1.9070914038296403e+00 ]
blastSigma:
   - !!opencv-matrix
      rows: 9
      cols: 9
      dt: d
      data: [ 1.6773212154165557e-01, 1.4153110229404017e-02,
          -5.3182974689022999e-02, -8.7985733848034385e-04,
          -3.6300824758789936e-02, 4.4638395896293023e-02,
          -5.2119733542831483e-02, 1.1585453333848115e-02,
          -1.8889869930199542e-02, 1.4153110229404017e-02,
          3.3750475927940067e-02, 1.5419187114400924e-02,
          -5.3779758530054528e-03, 2.7874393372307418e-02,
          -1.8494060119524699e-03, -1.1283297085528346e-02,
          2.0588319736650845e-02, 9.3602980184583670e-04,
          -5.3182974689022999e-02, 1.5419187114400924e-02,
          4.4889756533881175e-01, -1.7717584247744268e-02,
          3.3212933876350970e-01, -1.8084686951241649e-01,
          -7.9184196503422066e-02, -2.0386717642563383e-02,
          -3.4308830897439219e-02, -8.7985733848034385e-04,
          -5.3779758530054528e-03, -1.7717584247744268e-02,
          5.8976658500511397e-02, -1.3428023236548054e-02,
          3.7095142636189064e-02, -2.6529151347404372e-03,
          -7.3566583126265439e-03, 1.1075995015643807e-03,
          -3.6300824758789936e-02, 2.7874393372307418e-02,
          3.3212933876350970e-01, -1.3428023236548054e-02,
          5.4617706254532183e-01, -8.5221620641229845e-02,
          -9.5558315133205743e-02, 2.2980665173611706e-02,
          1.6181492491909828e-02, 4.4638395896293023e-02,
          -1.8494060119524699e-03, -1.8084686951241649e-01,
          3.7095142636189064e-02, -8.5221620641229845e-02,
          3.0783100753312304e-01, 3.7314779272475461e-03,
          1.6203428651074936e-02, 8.4491837691891645e-03,
          -5.2119733542831483e-02, -1.1283297085528346e-02,
          -7.9184196503422066e-02, -2.6529151347404372e-03,
          -9.5558315133205743e-02, 3.7314779272475461e-03,
          9.2723934788667361e-02, -1.4314640408665034e-02,
          3.0569355915404967e-02, 1.1585453333848115e-02,
          2.0588319736650845e-02, -2.0386717642563383e-02,
          -7.3566583126265439e-03, 2.2980665173611706e-02,
          1.6203428651074936e-02, -1.4314640408665034e-02,
          3.9491313326072086e-02, 6.2700650483406338e-04,
          -1.8889869930199542e-02, 9.3602980184583670e-04,
          -3.4308830897439219e-02, 1.1075995015643807e-03,
          1.6181492491909828e-02, 8.4491837691891645e-03,
          3.0569355915404967e-02, 6.2700650483406338e-04,
          1.3698595213856204e-01 ]
blastC: !!opencv-matrix
   rows: 1
   cols: 1
   dt: d
   data: [ 2.1587419745045113e-04 ]
blastNumEvents: 58.
blastMaxVals: !!opencv-matrix
   rows: 1
   cols: 9
   dt: d
   data: [ 4.5000000000000000e+00, 4.5000000000000000e+00,
       4.5000000000000000e+00, 4.5000000000000000e+00,
       4.5000000000000000e+00, 4.5000000000000000e+00,
       4.5000000000000000e+00, 4.5000000000000000e+00,
       4.5000000000000000e+00 ]
blastScales: !!opencv-matrix
   rows: 1
   cols: 9
   dt: d
   data: [ 1., 1., 1., 1., 1., 1., 1., 1., 1. ]
