%YAML:1.0
---
groups:
   - intact
   - CD19
intactGmmnames:
   - "intact.813.0"
   - "intact.813.1"
   - "intact.813.2"
   - "intact.813.3"
   - "intact.813.4"
intactLabels:
   - FSC-A
   - SSC-A
   - CD20
   - CD10
   - CD45
   - CD34
   - SYTO41
   - CD19
   - CD38
intactMu: !!opencv-matrix
   rows: 5
   cols: 9
   dt: d
   data: [ 9.2346657266716781e-01, 3.6825053385950046e-01,
       8.1804806650341189e-01, 8.3206681213505029e-01,
       3.3265715336907546e+00, 1.0869495746908993e+00,
       2.7710523340306001e+00, 1.5585516217161757e+00,
       1.9938942737943428e+00, 4.9771623069534393e-01,
       3.4059538951487883e-01, 6.9225108494219434e-01,
       7.6461253554277442e-01, 1.3600604670789009e+00,
       1.1106906198292181e+00, 3.1206167623088015e+00,
       1.1324829651466022e+00, 1.5752135672756824e+00,
       2.1757132859059491e+00, 2.5063885713249436e+00,
       8.4894723837639940e-01, 1.4260290868684418e+00,
       2.2012460875086464e+00, 1.1365194923771618e+00,
       3.0604092140507571e+00, 1.5345387663276373e+00,
       1.7072016683002911e+00, 1.8835491065896726e+00,
       1.5250733280353597e+00, 1.0898007340057778e+00,
       1.0438914941575015e+00, 2.0946376649771490e+00,
       1.3780883545352187e+00, 2.4632970377328940e+00,
       1.4392279373345016e+00, 1.6735799702499901e+00,
       1.5190979247844845e+00, 1.3018036674439459e+00,
       1.1713129888200911e+00, 1.2876775195091656e+00,
       2.7081712084314469e+00, 1.3457971162706202e+00,
       2.9365769613153239e+00, 1.5700208582729958e+00,
       2.3049345217774220e+00 ]
intactSigma:
   - !!opencv-matrix
      rows: 9
      cols: 9
      dt: d
      data: [ 1.1326906994114549e-01, 1.4493933697283691e-02,
          1.3695758393103403e-02, 9.9091818254942749e-03,
          1.9752142464940094e-02, -2.4136716497273956e-03,
          -3.9413201455092084e-02, 1.8879675865668969e-02,
          7.9579155857709208e-03, 1.4493933697283691e-02,
          1.8625752570145794e-02, 5.3365055736212643e-03,
          2.9789618065350263e-03, 7.3563941954317485e-03,
          5.1021979940468369e-05, -7.8722830451501743e-03,
          8.0445242296940857e-03, 6.6140268982872227e-03,
          1.3695758393103403e-02, 5.3365055736212643e-03,
          1.5063943155519916e-02, -5.2517868861433849e-05,
          5.0324918582687625e-03, -9.1813191389294351e-04,
          -8.9849769572119959e-03, 4.9886737623287374e-03,
          1.2264081216795705e-03, 9.9091818254942766e-03,
          2.9789618065350263e-03, -5.2517868861433862e-05,
          2.5727575969944176e-02, 3.3193583333618326e-03,
          -4.1641022991474276e-03, -7.3314748914018396e-03,
          2.7608572273800755e-03, 9.2372606780876461e-04,
          1.9752142464940094e-02, 7.3563941954317494e-03,
          5.0324918582687625e-03, 3.3193583333618330e-03,
          1.7753048316096177e-02, 2.6406021145038079e-04,
          -1.0840723423341237e-02, 1.3669054377322472e-02,
          4.9293303249007304e-03, -2.4136716497273978e-03,
          5.1021979940468369e-05, -9.1813191389294351e-04,
          -4.1641022991474276e-03, 2.6406021145038096e-04,
          9.7002784302650302e-02, 4.6394447604453879e-04,
          6.3750164691343120e-04, 3.9756429635841263e-03,
          -3.9413201455092084e-02, -7.8722830451501743e-03,
          -8.9849769572119959e-03, -7.3314748914018405e-03,
          -1.0840723423341237e-02, 4.6394447604453814e-04,
          3.6826412740461889e-02, -1.0639525955997185e-02,
          -6.8832297903021790e-03, 1.8879675865668969e-02,
          8.0445242296940857e-03, 4.9886737623287374e-03,
          2.7608572273800755e-03, 1.3669054377322472e-02,
          6.3750164691343120e-04, -1.0639525955997185e-02,
          2.7429927902598752e-02, 3.6136420077033759e-03,
          7.9579155857709173e-03, 6.6140268982872227e-03,
          1.2264081216795705e-03, 9.2372606780876483e-04,
          4.9293303249007304e-03, 3.9756429635841263e-03,
          -6.8832297903021807e-03, 3.6136420077033755e-03,
          7.0899821980778141e-02 ]
   - !!opencv-matrix
      rows: 9
      cols: 9
      dt: d
      data: [ 3.8746816289398994e-02, 9.1727060670537056e-03,
          7.0224435200791713e-03, 6.7132354107578892e-03,
          3.1644290215510087e-03, -5.6560455776117713e-04,
          -1.1124965868471733e-02, 3.0520188054069695e-03,
          1.0426258684896950e-03, 9.1727060670537056e-03,
          1.7464391051615919e-02, 6.3609726055564170e-04,
          1.1088947032402109e-03, 3.8774286848254442e-03,
          2.1424230876366376e-03, 6.9003888122719870e-03,
          1.4713141502038438e-03, 2.0028215197051718e-03,
          7.0224435200791730e-03, 6.3609726055564191e-04,
          1.8939042194194677e-02, 5.2857331757399607e-03,
          7.8190158093479972e-04, -2.0087088144662849e-03,
          -1.6132261188513131e-02, 3.4516225848011737e-03,
          -6.3426743946606487e-04, 6.7132354107578892e-03,
          1.1088947032402109e-03, 5.2857331757399616e-03,
          3.1404402176001919e-02, 2.3264432587600027e-03,
          -1.9148774259343925e-03, -1.4833827147619751e-02,
          3.7552804422187574e-03, -1.9983807223494113e-04,
          3.1644290215510087e-03, 3.8774286848254438e-03,
          7.8190158093479972e-04, 2.3264432587600022e-03,
          8.7430638124486541e-03, 9.4502796990639714e-04,
          7.8714720801743735e-04, 5.0596407570652701e-04,
          1.3127401763771420e-03, -5.6560455776117735e-04,
          2.1424230876366376e-03, -2.0087088144662849e-03,
          -1.9148774259343932e-03, 9.4502796990639714e-04,
          1.6922937800085396e-02, 4.6254484558930584e-03,
          -3.7421202638252097e-04, 8.5418487437638262e-04,
          -1.1124965868471733e-02, 6.9003888122719870e-03,
          -1.6132261188513131e-02, -1.4833827147619749e-02,
          7.8714720801743735e-04, 4.6254484558930584e-03,
          4.1663109294692871e-02, -6.6011003228521109e-03,
          2.6442605146482705e-03, 3.0520188054069695e-03,
          1.4713141502038438e-03, 3.4516225848011737e-03,
          3.7552804422187583e-03, 5.0596407570652722e-04,
          -3.7421202638252064e-04, -6.6011003228521109e-03,
          8.1545482529507517e-03, -1.0521957614649726e-03,
          1.0426258684896952e-03, 2.0028215197051718e-03,
          -6.3426743946606466e-04, -1.9983807223494113e-04,
          1.3127401763771420e-03, 8.5418487437638262e-04,
          2.6442605146482705e-03, -1.0521957614649726e-03,
          2.3027092230680011e-03 ]
   - !!opencv-matrix
      rows: 9
      cols: 9
      dt: d
      data: [ 7.0753162103852518e-01, 5.1385958490210459e-01,
          5.2095985644373739e-02, 9.3395436257919393e-02,
          1.2023678679620900e-01, -4.6007858938436090e-03,
          -5.6578851889895664e-02, 1.0452609432387774e-01,
          7.5097473666771676e-03, 5.1385958490210459e-01,
          8.4040802409263848e-01, 6.9153815843180255e-02,
          2.1884912333814530e-01, 2.1586877548723879e-01,
          -1.1564259460438019e-03, -8.7968845192562539e-02,
          1.6069868644326601e-01, 1.1977947448472690e-02,
          5.2095985644373739e-02, 6.9153815843180255e-02,
          2.5333321364448786e-02, 1.9916357918212037e-02,
          2.0825740968546329e-02, -1.2398388781172322e-03,
          -1.4352636154731629e-02, 1.5099164288041917e-02,
          1.8979805870271750e-03, 9.3395436257919393e-02,
          2.1884912333814530e-01, 1.9916357918212037e-02,
          2.2498641680309073e-01, 1.1533949654486733e-01,
          1.2512031801397986e-04, -4.1787114677935840e-02,
          4.8376202898134033e-02, 1.1794795126838001e-03,
          1.2023678679620900e-01, 2.1586877548723879e-01,
          2.0825740968546332e-02, 1.1533949654486733e-01,
          1.3112022475805887e-01, 1.7493142717180097e-03,
          -3.8911577846626424e-02, 5.1286515812196773e-02,
