%YAML:1.0
---
groups:
   - intact
   - CD19
   - blast
intactGmmnames:
   - "intact.Bln031.0"
   - "intact.Bln031.1"
   - "intact.Bln031.2"
   - "intact.Bln031.3"
   - "intact.Bln031.4"
intactLabels:
   - FSC-A
   - SSC-A
   - CD20
   - CD10
   - CD45
   - CD34
   - SYTO41
   - CD19
   - CD38
intactMu: !!opencv-matrix
   rows: 5
   cols: 9
   dt: d
   data: [ 1.0549482426499586e+00, 4.9293626635785120e-01,
       5.5759463901119366e-01, 7.8313376554670311e-01,
       5.4737628832591334e-01, 6.4567302566529605e-01,
       3.0394601072073000e+00, 5.0376047979868899e-01,
       1.5398957227544667e+00, 2.5641367005864670e+00,
       3.1669456626982284e+00, 6.7519642678565461e-01,
       1.5958386610352904e+00, 1.5233394270383072e+00,
       7.5450267300827933e-01, 2.8407194128177067e+00,
       5.5239082906957260e-01, 2.1453548697459963e+00,
       1.2307540230110507e+00, 3.6785540988482968e-01,
       5.5665913316604543e-01, 6.0024673509440507e-01,
       2.1651111941418528e+00, 5.6595173820020972e-01,
       2.8534966317563089e+00, 5.0672137612756052e-01,
       1.4035622904427230e+00, 1.8902681446852529e+00,
       1.4736454049408589e+00, 1.4695708579843016e+00,
       9.9241691606891447e-01, 1.9323082388594843e+00,
       8.3436574381320394e-01, 2.7899992657393509e+00,
       6.6628644014376048e-01, 1.5537078887633402e+00,
       1.7377717713184728e+00, 1.1241325959079795e+00,
       8.0276929617003911e-01, 8.5740558847680814e-01,
       1.6430873582587326e+00, 6.7231579031900834e-01,
       2.8553723111984359e+00, 5.2079338758384897e-01,
       2.0807998073217244e+00 ]
intactSigma:
   - !!opencv-matrix
      rows: 9
      cols: 9
      dt: d
      data: [ 1.0594050924445729e-01, 3.4377225591758272e-02,
          2.9981597336570551e-03, 1.7706215656063975e-02,
          -5.8667097358414636e-03, 4.6992121888010992e-03,
          2.3780517220587365e-02, -7.0574727404474279e-04,
          4.9106551430506670e-02, 3.4377225591758272e-02,
          3.1253711163674494e-02, 2.6696284237630037e-03,
          1.8290524179291806e-02, -4.1665000830716477e-03,
          5.1963592260238283e-03, 1.9696470469243117e-02,
          -5.1379353196285215e-04, 5.2765356830825665e-02,
          2.9981597336570542e-03, 2.6696284237630037e-03,
          4.9918472156617131e-03, 2.1288288766849396e-03,
          3.5555137960176280e-04, 6.2943209281765523e-04,
          2.2597574567311675e-03, -1.2024149924422250e-04,
          8.8028225176462298e-03, 1.7706215656063975e-02,
          1.8290524179291806e-02, 2.1288288766849405e-03,
          6.2645263162336040e-02, -2.6463980494008509e-03,
          5.1879023304485473e-03, 1.2514946454857940e-02,
          -5.3731731839291473e-04, 5.4299315850524103e-02,
          -5.8667097358414636e-03, -4.1665000830716486e-03,
          3.5555137960176280e-04, -2.6463980494008514e-03,
          5.1372869061765601e-02, -3.4277180950972861e-03,
          -3.9144341533785890e-02, -5.5682523277425261e-04,
          4.8158392314196739e-03, 4.6992121888010992e-03,
          5.1963592260238283e-03, 6.2943209281765534e-04,
          5.1879023304485473e-03, -3.4277180950972861e-03,
          5.7215746810625164e-03, 5.7863943786409201e-03,
          -6.0670234404082445e-04, 1.1337644422749310e-02,
          2.3780517220587365e-02, 1.9696470469243117e-02,
          2.2597574567311679e-03, 1.2514946454857940e-02,
          -3.9144341533785890e-02, 5.7863943786409201e-03,
          5.9189028283604318e-02, 2.8360701161766528e-04,
          3.4967402217255403e-02, -7.0574727404474301e-04,
          -5.1379353196285215e-04, -1.2024149924422246e-04,
          -5.3731731839291473e-04, -5.5682523277425261e-04,
          -6.0670234404082413e-04, 2.8360701161766534e-04,
          3.5976778055399109e-03, -1.6823869537216144e-03,
          4.9106551430506670e-02, 5.2765356830825678e-02,
          8.8028225176462298e-03, 5.4299315850524089e-02,
          4.8158392314196731e-03, 1.1337644422749314e-02,
          3.4967402217255403e-02, -1.6823869537216137e-03,
          2.4612027412007745e-01 ]
   - !!opencv-matrix
      rows: 9
      cols: 9
      dt: d
      data: [ 2.8116220180588691e-01, 1.7800610943651674e-01,
          1.0967897640453467e-02, 1.3991982859157600e-03,
          7.2983586307096421e-03, 1.0460221288915753e-02,
          4.7152091647508143e-03, 2.1493876712600220e-03,
          2.6365350029759125e-02, 1.7800610943651674e-01,
          3.7016272580563819e-01, 1.6181717100437695e-02,
          3.6073179066298443e-02, 1.5924529212111915e-02,
          1.8573379990093918e-02, 5.6300213779001997e-03,
          6.1213185093984025e-03, 4.3673001714524269e-02,
          1.0967897640453467e-02, 1.6181717100437688e-02,
          1.0595359898105401e-02, -7.8898565868587361e-04,
          -5.3427890045302433e-04, 1.7285901062083187e-03,
          1.8483682523786603e-03, 5.0374885831544925e-04,
          7.9818460408759857e-03, 1.3991982859157613e-03,
          3.6073179066298443e-02, -7.8898565868587350e-04,
          1.0858539787990806e-01, 2.4487167375552652e-02,
          8.4677138220804679e-03, -1.3311369244251991e-03,
          2.1079704618443451e-03, -8.2962372946812444e-03,
          7.2983586307096447e-03, 1.5924529212111915e-02,
          -5.3427890045302455e-04, 2.4487167375552652e-02,
          2.5816075969633007e-02, 2.3473217332971117e-03,
          -3.1375508795572480e-03, 8.7706103210696536e-04,
          -2.7659552983061932e-03, 1.0460221288915749e-02,
          1.8573379990093914e-02, 1.7285901062083183e-03,
          8.4677138220804679e-03, 2.3473217332971117e-03,
          9.4535094756002247e-03, 1.9905981502782249e-03,
          -4.7980586006119742e-04, 4.0122086648721493e-03,
          4.7152091647508151e-03, 5.6300213779001988e-03,
          1.8483682523786598e-03, -1.3311369244251991e-03,
          -3.1375508795572480e-03, 1.9905981502782244e-03,
          1.2012664325283025e-02, 3.3627335407085683e-04,
          3.0946892226843561e-03, 2.1493876712600228e-03,
          6.1213185093984017e-03, 5.0374885831544925e-04,
          2.1079704618443451e-03, 8.7706103210696568e-04,
          -4.7980586006119780e-04, 3.3627335407085672e-04,
          8.3843239039798432e-03, 1.2569643127287036e-03,
          2.6365350029759125e-02, 4.3673001714524276e-02,
          7.9818460408759857e-03, -8.2962372946812444e-03,
          -2.7659552983061927e-03, 4.0122086648721493e-03,
          3.0946892226843561e-03, 1.2569643127287036e-03,
          3.7399992293221315e-02 ]
   - !!opencv-matrix
      rows: 9
      cols: 9
      dt: d
      data: [ 9.8321223119495454e-02, 4.2426740619556031e-03,
          -1.5323544738588585e-03, 1.8232796915487138e-03,
          6.3461809247576497e-03, -2.0022390310929492e-03,
          1.3197634456025501e-03, -3.8467884884610301e-04,
          -3.4081421566766877e-02, 4.2426740619556031e-03,
          1.7089280399465542e-02, 6.0086900966149499e-04,
          1.8920990512833399e-03, 1.0758007457487803e-02,
          8.2853478185133565e-04, 6.4567289153271068e-03,
          -2.4884187167030963e-04, 4.2643935412973177e-03,
          -1.5323544738588585e-03, 6.0086900966149456e-04,
          4.6738249532720638e-03, 2.7367605787682458e-04,
          7.3783075773744319e-04, 1.6478330960977231e-04,
          1.2914675362849506e-03, -9.0580791512906910e-05,
          1.1560162843837854e-02, 1.8232796915487134e-03,
          1.8920990512833399e-03, 2.7367605787682468e-04,
          7.3885181505359485e-03, 1.7221838441177370e-03,
          2.0641271855423001e-04, 1.5663622928150638e-03,
          1.3078721125761908e-04, 3.5552902573750738e-04,
          6.3461809247576497e-03, 1.0758007457487803e-02,
          7.3783075773744340e-04, 1.7221838441177377e-03,
          2.3060594406949346e-02, 8.2498899378725889e-04,
