%YAML:1.0
---
groups:
   - intact
   - CD19
   - blast
intactGmmnames:
   - "intact.Bln049.0"
   - "intact.Bln049.1"
   - "intact.Bln049.2"
   - "intact.Bln049.3"
   - "intact.Bln049.4"
intactLabels:
   - FSC-A
   - SSC-A
   - CD20
   - CD10
   - CD45
   - CD34
   - SYTO41
   - CD19
   - CD38
intactMu: !!opencv-matrix
   rows: 5
   cols: 9
   dt: d
   data: [ 9.7542095407004958e-01, 4.0062864375721469e-01,
       8.0019086424038388e-01, 8.4952353024523863e-01,
       2.5629593606780623e+00, 1.0431209526971328e+00,
       2.5382787908745224e+00, 7.6003493881870310e-01,
       2.4730403747312488e+00, 2.8309877988999577e+00,
       2.0580379503505317e+00, 1.1308595461744630e+00,
       1.5580892808812461e+00, 2.2460794373887434e+00,
       1.4224006868869974e+00, 2.6081866521760491e+00,
       1.0271826494727825e+00, 2.4978096230561060e+00,
       1.1468227179765986e+00, 5.6514984256589629e-01,
       1.0474114272375592e+00, 9.9285229771176564e-01,
       6.9817507122119504e-01, 1.0760115842030551e+00,
       2.7760967292373495e+00, 7.9676255175881738e-01,
       1.0475297702040667e+00, 1.1583980327897756e+00,
       4.7470883205469661e-01, 8.0406490875174919e-01,
       8.7054510444807487e-01, 2.5528392507283031e+00,
       9.0507002174614837e-01, 2.3977274276636695e+00,
       6.9191606394165073e-01, 1.9983250082070181e+00,
       1.1897012124297124e+00, 6.5037528297549152e-01,
       9.4306408394936658e-01, 8.8050899759072232e-01,
       2.5426054215211740e+00, 1.1065667864274282e+00,
       2.5025356605260867e+00, 8.4786095235885561e-01,
       3.1398713629657888e+00 ]
intactSigma:
   - !!opencv-matrix
      rows: 9
      cols: 9
      dt: d
      data: [ 3.9165480294142616e-02, 1.5433743483673793e-03,
          -5.1252577433306794e-03, 4.4858932842918386e-05,
          3.3458232575338098e-03, -1.6081025320466409e-02,
          -1.1798352737327166e-02, 1.3147891254631060e-04,
          8.5774928980355408e-04, 1.5433743483673791e-03,
          7.5175575284024757e-03, 2.1602970753416225e-03,
          1.5420802705491353e-03, 3.3136962919411523e-03,
          5.2411925655577061e-03, 1.2573969513800479e-03,
          3.0549308018629918e-03, -7.2911273573872523e-03,
          -5.1252577433306794e-03, 2.1602970753416225e-03,
          9.2698983396826959e-02, 1.7484161557537012e-03,
          3.5973916966211051e-04, 4.6536709904410351e-03,
          5.3976914930012679e-03, -1.9081928984675046e-03,
          -1.1255133102600210e-02, 4.4858932842918284e-05,
          1.5420802705491358e-03, 1.7484161557537001e-03,
          1.3437041328107656e-02, 7.3363175500377358e-04,
          2.9710917704832123e-03, 2.4074633817558586e-03,
          5.6510602544780652e-04, -3.8054390618813775e-03,
          3.3458232575338098e-03, 3.3136962919411528e-03,
          3.5973916966211029e-04, 7.3363175500377358e-04,
          8.9925328466986861e-03, -7.8919591509494721e-04,
          -1.8575763689670144e-03, 6.0049206370271562e-04,
          -5.5947264368953311e-03, -1.6081025320466409e-02,
          5.2411925655577079e-03, 4.6536709904410334e-03,
          2.9710917704832106e-03, -7.8919591509494711e-04,
          4.8916067403600140e-02, 1.7039218271550246e-02,
          -3.8721684723412595e-03, -1.0717297968234552e-02,
          -1.1798352737327166e-02, 1.2573969513800479e-03,
          5.3976914930012670e-03, 2.4074633817558586e-03,
          -1.8575763689670146e-03, 1.7039218271550246e-02,
          3.0530491805477560e-02, 3.4684159450285900e-03,
          -6.6178127946308419e-03, 1.3147891254631055e-04,
          3.0549308018629918e-03, -1.9081928984675041e-03,
          5.6510602544780609e-04, 6.0049206370271584e-04,
          -3.8721684723412582e-03, 3.4684159450285900e-03,
          8.3024282332290839e-02, -5.7620609088454228e-03,
          8.5774928980355452e-04, -7.2911273573872523e-03,
          -1.1255133102600208e-02, -3.8054390618813771e-03,
          -5.5947264368953337e-03, -1.0717297968234552e-02,
          -6.6178127946308419e-03, -5.7620609088454219e-03,
          1.2204878814122484e-01 ]
   - !!opencv-matrix
      rows: 9
      cols: 9
      dt: d
      data: [ 7.7253629000633905e-01, 4.7274489570757566e-01,
          5.0324761904386658e-02, 7.3343840714557452e-03,
          6.6791501630471178e-02, -1.1182995719785314e-02,
          2.3162667233871420e-02, 5.4661572022649775e-03,
          1.1044465957453324e-01, 4.7274489570757566e-01,
          1.0247819007495556e+00, 1.2414468457671290e-01,
          1.9150484627083092e-01, -6.4975067268578518e-02,
          3.7221137794269624e-02, 3.1897309891776061e-02,
          4.6489942133288248e-02, -1.0167882910713434e-01,
          5.0324761904386624e-02, 1.2414468457671290e-01,
          2.9974340664262855e-01, 3.1583111203356537e-02,
          -1.3960502416982382e-02, 5.1744435312895569e-02,
          -6.1292417760442849e-04, 9.3646169747287789e-02,
          2.7579499028079296e-02, 7.3343840714557461e-03,
          1.9150484627083092e-01, 3.1583111203356544e-02,
          2.7030164672535256e-01, -2.3978731452826467e-02,
          3.2849512912979183e-02, -1.8738850200266985e-02,
          6.2270888777824933e-02, -1.1055055066681134e-01,
          6.6791501630471178e-02, -6.4975067268578518e-02,
          -1.3960502416982391e-02, -2.3978731452826467e-02,
          1.9702126576745441e-01, 9.0949095621665425e-03,
          1.9070588785443987e-02, 1.4994807526502996e-02,
          1.6158904781655828e-01, -1.1182995719785312e-02,
          3.7221137794269624e-02, 5.1744435312895569e-02,
          3.2849512912979183e-02, 9.0949095621665442e-03,
          1.8429687563627892e-01, 1.7267225643237707e-02,
          6.2355569445324333e-02, 4.9661818717315273e-02,
          2.3162667233871403e-02, 3.1897309891776068e-02,
          -6.1292417760442828e-04, -1.8738850200266978e-02,
          1.9070588785443987e-02, 1.7267225643237707e-02,
          6.5475553751733362e-02, 7.6454519896594665e-03,
          4.4836183779089878e-02, 5.4661572022649835e-03,
          4.6489942133288234e-02, 9.3646169747287775e-02,
          6.2270888777824933e-02, 1.4994807526502996e-02,
          6.2355569445324326e-02, 7.6454519896594682e-03,
          2.3452605017206857e-01, 2.8776462602226108e-02,
          1.1044465957453324e-01, -1.0167882910713438e-01,
          2.7579499028079296e-02, -1.1055055066681137e-01,
          1.6158904781655828e-01, 4.9661818717315273e-02,
          4.4836183779089878e-02, 2.8776462602226112e-02,
          6.9238919855075354e-01 ]
   - !!opencv-matrix
      rows: 9
      cols: 9
      dt: d
      data: [ 5.0712366066322079e-01, 1.6591191714945541e-01,
          4.5473326001386184e-02, 6.0513273032980194e-02,
          4.1687581725687296e-02, 8.6463835767605315e-02,
          2.8607636010634062e-02, 6.4640890688027475e-02,
          4.0238518973103696e-02, 1.6591191714945538e-01,
          1.6193986321549703e-01, 4.8628028191558093e-02,
          5.2071974382826548e-02, -5.1178520350817431e-03,
          7.2843655336368496e-02, 3.7607115037937691e-02,
          4.8818065113647634e-02, 7.8509395925048894e-02,
          4.5473326001386184e-02, 4.8628028191558093e-02,
          1.0606873693893215e-01, 2.5525559169134925e-02,
          -2.5113895267151982e-02, 4.5948298311234287e-02,
          3.8158535413492199e-02, 2.5223135793116518e-02,
          5.9748628673451230e-02, 6.0513273032980194e-02,
          5.2071974382826548e-02, 2.5525559169134928e-02,
          5.3908466450471516e-02, 1.2273922963420451e-02,
          6.0780814313815705e-02, 1.0990554400751191e-02,
          2.5492482247081980e-02, 4.0436211826407033e-02,
          4.1687581725687303e-02, -5.1178520350817431e-03,
          -2.5113895267151985e-02, 1.2273922963420451e-02,
          1.5405120923637783e-01, 8.7498226221004970e-03,
          -1.2796638981744574e-01, -2.0202611469356636e-02,
          2.7396018969127648e-04, 8.6463835767605315e-02,
          7.2843655336368510e-02, 4.5948298311234301e-02,
          6.0780814313815705e-02, 8.7498226221005004e-03,
          1.3216765372339506e-01, 2.3713893965332494e-02,
          4.2976502300805706e-02, 6.0855532567032349e-02,
          2.8607636010634062e-02, 3.7607115037937691e-02,
          3.8158535413492206e-02, 1.0990554400751189e-02,
          -1.2796638981744576e-01, 2.3713893965332494e-02,
          1.6923336612431508e-01, 3.0497174700250245e-02,
          1.0132438567858008e-02, 6.4640890688027502e-02,
          4.8818065113647634e-02, 2.5223135793116518e-02,
          2.5492482247081984e-02, -2.0202611469356636e-02,
          4.2976502300805706e-02, 3.0497174700250245e-02,
          9.1187326369771948e-02, 4.0600780559105744e-02,
          4.0238518973103689e-02, 7.8509395925048894e-02,
          5.9748628673451230e-02, 4.0436211826407033e-02,
          2.7396018969127968e-04, 6.0855532567032335e-02,
          1.0132438567858009e-02, 4.0600780559105730e-02,
          2.4485384624685524e-01 ]
   - !!opencv-matrix
      rows: 9
      cols: 9
      dt: d
      data: [ 7.0270319957100230e-02, 5.9687167493524177e-05,
          -3.4876444057625852e-04, -1.3682370887050689e-03,
          -2.2054935197661106e-03, -3.8988343540734514e-03,
          1.8491134578627092e-03, 5.5181200271202224e-03,
          -1.5881472347684094e-03, 5.9687167493524421e-05,
          1.4610241178183337e-02, 1.7152005562763210e-04,
          1.9665675793197222e-03, 5.8847992992084805e-03,
          4.7611890002027518e-03, 8.6476696919487867e-03,
          1.1998561308064393e-03, -1.2677906836643267e-03,
          -3.4876444057625863e-04, 1.7152005562763223e-04,
          4.9296478167685218e-02, 1.4246085361198410e-03,
          5.2595604527851689e-04, 1.8385568035089923e-03,
          3.0862630144848744e-03, -9.3371655236581513e-03,
          -2.5565609846532108e-03, -1.3682370887050691e-03,
          1.9665675793197226e-03, 1.4246085361198407e-03,
          2.5991506294686256e-02, 1.8378959354383411e-03,
          2.6140780683654116e-03, 4.6222932701879644e-03,
          1.0156234452187781e-03, 3.6758340267749991e-03,
          -2.2054935197661106e-03, 5.8847992992084796e-03,
          5.2595604527851721e-04, 1.8378959354383411e-03,
          1.8797249870759737e-02, 5.8830203455182721e-03,
          7.5122645716978248e-03, 1.2217967889739886e-03,
          1.5899666942190107e-02, -3.8988343540734527e-03,
          4.7611890002027518e-03, 1.8385568035089919e-03,
          2.6140780683654116e-03, 5.8830203455182729e-03,
          4.9274987023746303e-02, 1.2221856926734236e-02,
          -9.6760612550835252e-03, 3.3002465273425423e-02,
          1.8491134578627090e-03, 8.6476696919487867e-03,
          3.0862630144848744e-03, 4.6222932701879653e-03,
          7.5122645716978248e-03, 1.2221856926734238e-02,
          3.3820448232632187e-02, 1.9745412210619936e-03,
          5.2831784591836663e-03, 5.5181200271202232e-03,
          1.1998561308064390e-03, -9.3371655236581513e-03,
          1.0156234452187776e-03, 1.2217967889739875e-03,
          -9.6760612550835217e-03, 1.9745412210619940e-03,
          6.1783441209800755e-02, -1.1072494718021009e-02,
          -1.5881472347684124e-03, -1.2677906836643289e-03,
          -2.5565609846532117e-03, 3.6758340267750017e-03,
          1.5899666942190114e-02, 3.3002465273425409e-02,
          5.2831784591836645e-03, -1.1072494718021015e-02,
          6.0944256366433880e-01 ]
   - !!opencv-matrix
      rows: 9
      cols: 9
      dt: d
      data: [ 8.7165961837885414e-02, 3.0666544445457831e-02,
          -1.5026299135268675e-02, 5.2932082168130152e-03,
          3.9437257489696896e-03, 6.5945340751507797e-03,
          9.7680277128960515e-03, -6.4458178197314975e-03,
          5.5552096229979357e-02, 3.0666544445457827e-02,
          4.7166528210036744e-02, -1.0329614082019746e-02,
          8.3238251992491571e-03, 1.7166685197104143e-02,
          2.3814724606677870e-02, 2.1064469657396979e-02,
          -1.0222340557522448e-02, 6.3730317707038256e-02,
          -1.5026299135268671e-02, -1.0329614082019749e-02,
          3.9203166697730446e-01, 6.0384401190048788e-03,
          1.7664872675802828e-02, -1.6217630514983794e-03,
          5.0345500304150859e-03, 3.7232988270848692e-02,
          -9.4143482266246248e-02, 5.2932082168130161e-03,
          8.3238251992491553e-03, 6.0384401190048788e-03,
          2.8487482664049414e-02, 6.9309562106669867e-03,
          1.0937916775942930e-02, 7.3403244837222520e-03,
          -5.7084726033801946e-04, 1.7741859492057224e-02,
          3.9437257489696887e-03, 1.7166685197104143e-02,
          1.7664872675802828e-02, 6.9309562106669841e-03,
          5.8344262357522124e-02, 1.9174620902878196e-02,
          2.1035373138802958e-02, 8.4141720397876221e-03,
          1.1294289756884925e-02, 6.5945340751507840e-03,
          2.3814724606677874e-02, -1.6217630514983802e-03,
          1.0937916775942930e-02, 1.9174620902878189e-02,
          7.8885976288037007e-02, 2.7605677209699107e-02,
          -5.5672449013659635e-03, 6.3653275606145324e-02,
          9.7680277128960481e-03, 2.1064469657396986e-02,
          5.0345500304150850e-03, 7.3403244837222520e-03,
          2.1035373138802955e-02, 2.7605677209699104e-02,
          5.0976329557837069e-02, 2.7839205835725063e-03,
          4.4953986069497329e-03, -6.4458178197314957e-03,
          -1.0222340557522448e-02, 3.7232988270848692e-02,
          -5.7084726033801924e-04, 8.4141720397876221e-03,
          -5.5672449013659652e-03, 2.7839205835725042e-03,
          1.0079815640338649e-01, -6.1172304361507703e-02,
          5.5552096229979357e-02, 6.3730317707038256e-02,
          -9.4143482266246248e-02, 1.7741859492057227e-02,
          1.1294289756884925e-02, 6.3653275606145324e-02,
          4.4953986069497338e-03, -6.1172304361507703e-02,
          6.1155985139776758e-01 ]
intactC: !!opencv-matrix
   rows: 1
   cols: 5
   dt: d
   data: [ 5.2775923338815434e-01, 7.5113275759561865e-02,
       2.4113917005421780e-02, 1.3479616723355728e-01,
       7.7504842268512869e-02 ]
intactNumEvents: 43533.
intactMaxVals: !!opencv-matrix
   rows: 1
   cols: 9
   dt: d
   data: [ 4.5000000000000000e+00, 4.5000000000000000e+00,
       4.5000000000000000e+00, 4.5000000000000000e+00,
       4.5000000000000000e+00, 4.5000000000000000e+00,
       4.5000000000000000e+00, 4.5000000000000000e+00,
       4.5000000000000000e+00 ]
intactScales: !!opencv-matrix
   rows: 1
   cols: 9
   dt: d
   data: [ 1., 1., 1., 1., 1., 1., 1., 1., 1. ]
CD19Gmmnames:
   - "CD19.Bln049.0"
   - "CD19.Bln049.1"
CD19Labels:
   - FSC-A
   - SSC-A
   - CD20
   - CD10
   - CD45
   - CD34
   - SYTO41
   - CD19
   - CD38
CD19Mu: !!opencv-matrix
   rows: 2
   cols: 9
   dt: d
   data: [ 8.8187041190125248e-01, 2.7888790455137985e-01,
       3.3390239779461179e+00, 9.4045980311678756e-01,
       2.3597290948381553e+00, 9.2986803446279487e-01,
       2.3927248912966448e+00, 2.8808086144133522e+00,
       2.2069262541827079e+00, 1.1019771298328491e+00,
       3.7775907214483173e-01, 3.4285608733510897e+00,
       7.7935695261215143e-01, 2.4452558201028598e+00,
       9.6970405561281048e-01, 2.4209838896063109e+00,
       2.9594307425861710e+00, 9.0408025380853929e-01 ]
CD19Sigma:
   - !!opencv-matrix
      rows: 9
      cols: 9
      dt: d
      data: [ 3.0891271096172113e-02, 4.9244512125295719e-03,
          7.5104953047192688e-03, 3.0832112880137845e-03,
          1.5214816625002691e-02, -1.0841179867754347e-02,
          -1.5036712902655028e-02, 1.1080381335834732e-02,
          1.3078809794575581e-02, 4.9244512125295728e-03,
          3.3608068587378621e-03, 2.9740131354631335e-03,
          -6.4355482611178527e-04, 4.3556150104902816e-03,
          -8.2401604017960195e-04, -1.4716065258799831e-03,
          3.7218864059698127e-03, 4.4629478006431500e-03,
          7.5104953047192688e-03, 2.9740131354631326e-03,
          2.2279666083687068e-02, 6.3937583741175627e-03,
          6.9915898330078271e-03, -2.3014361166496166e-04,
          -3.1000863396929436e-03, 8.5746233569795795e-03,
          5.1154123840556351e-03, 3.0832112880137849e-03,
          -6.4355482611178538e-04, 6.3937583741175627e-03,
          1.7548817368156064e-01, -7.5540371846283625e-03,
          -6.0077507377366661e-03, -3.9541294056851086e-03,
          -1.1129499684384404e-02, 4.1704515965816306e-02,
          1.5214816625002691e-02, 4.3556150104902816e-03,
          6.9915898330078288e-03, -7.5540371846283625e-03,
          2.1963436270858561e-02, -6.7284443468812478e-03,
          -8.5847177360916724e-03, 1.1165000511382410e-02,
          1.1239648462531702e-02, -1.0841179867754347e-02,
          -8.2401604017960206e-04, -2.3014361166496137e-04,
          -6.0077507377366661e-03, -6.7284443468812478e-03,
          4.3554446303286080e-02, 1.0490491651256477e-02,
          -3.5830877320490407e-03, -5.6824045663768884e-03,
          -1.5036712902655030e-02, -1.4716065258799831e-03,
          -3.1000863396929436e-03, -3.9541294056851094e-03,
          -8.5847177360916724e-03, 1.0490491651256477e-02,
          3.0722202765217605e-02, -4.5324089512726136e-03,
          -9.4474272749682613e-03, 1.1080381335834732e-02,
          3.7218864059698122e-03, 8.5746233569795813e-03,
          -1.1129499684384404e-02, 1.1165000511382410e-02,
          -3.5830877320490407e-03, -4.5324089512726136e-03,
          3.5215075040025051e-02, 5.5116471124341216e-03,
          1.3078809794575581e-02, 4.4629478006431517e-03,
          5.1154123840556369e-03, 4.1704515965816320e-02,
          1.1239648462531702e-02, -5.6824045663768910e-03,
          -9.4474272749682613e-03, 5.5116471124341199e-03,
          1.1192859930002967e-01 ]
   - !!opencv-matrix
      rows: 9
      cols: 9
      dt: d
      data: [ 1.1598122196358439e-01, 2.9224507673073052e-02,
          8.5493921528914305e-04, 2.2468182590507424e-02,
          3.5434025140186787e-02, 1.5728928112004451e-02,
          4.9505909314361994e-03, 1.1699863802171157e-02,
          1.2930515608839152e-01, 2.9224507673073052e-02,
          1.9377631196764632e-02, 6.9531392496663897e-03,
          8.2332608058068319e-03, 1.4263755599310387e-02,
          9.8726612731458874e-03, 5.7905508292513978e-03,
          9.2137606895732697e-03, 5.8530548385144467e-02,
          8.5493921528914326e-04, 6.9531392496663897e-03,
          7.7927134663326639e-02, -2.2387529728866741e-02,
          1.9596369900224515e-02, -4.3327798282523132e-03,
          -1.6242060445574372e-03, 3.9809791606456209e-02,
          -1.0211579065008086e-01, 2.2468182590507424e-02,
          8.2332608058068319e-03, -2.2387529728866741e-02,
          9.7558915652523365e-02, -6.7569800911485261e-04,
          2.6691876392435279e-02, 9.7542379791461260e-03,
          -2.4767073714330234e-02, 1.0518818557933217e-01,
          3.5434025140186787e-02, 1.4263755599310387e-02,
          1.9596369900224515e-02, -6.7569800911485305e-04,
          4.8713472867910480e-02, 6.3562821186343094e-04,
          2.4645871819514889e-03, 1.9091728270140513e-02,
          -5.6967476095266378e-03, 1.5728928112004451e-02,
          9.8726612731458874e-03, -4.3327798282523132e-03,
          2.6691876392435279e-02, 6.3562821186343137e-04,
          8.8534282380036855e-02, 1.5199608451850340e-02,
          -6.6617980952144917e-03, 3.9994520873742098e-02,
          4.9505909314361985e-03, 5.7905508292513978e-03,
          -1.6242060445574380e-03, 9.7542379791461225e-03,
          2.4645871819514889e-03, 1.5199608451850340e-02,
          4.1145243948673783e-02, -2.2028274284841168e-03,
          3.8578347370355079e-02, 1.1699863802171159e-02,
          9.2137606895732679e-03, 3.9809791606456209e-02,
          -2.4767073714330231e-02, 1.9091728270140513e-02,
          -6.6617980952144908e-03, -2.2028274284841168e-03,
          6.3646690913143761e-02, -6.8893549003620019e-02,
          1.2930515608839152e-01, 5.8530548385144467e-02,
          -1.0211579065008086e-01, 1.0518818557933217e-01,
          -5.6967476095266360e-03, 3.9994520873742091e-02,
          3.8578347370355093e-02, -6.8893549003620019e-02,
          1.6275448922438478e+00 ]
CD19C: !!opencv-matrix
   rows: 1
   cols: 2
   dt: d
   data: [ 1.1959033031529553e-01, 3.9329255564517267e-02 ]
CD19NumEvents: 8243.
CD19MaxVals: !!opencv-matrix
   rows: 1
   cols: 9
   dt: d
   data: [ 4.5000000000000000e+00, 4.5000000000000000e+00,
       4.5000000000000000e+00, 4.5000000000000000e+00,
       4.5000000000000000e+00, 4.5000000000000000e+00,
       4.5000000000000000e+00, 4.5000000000000000e+00,
       4.5000000000000000e+00 ]
CD19Scales: !!opencv-matrix
   rows: 1
   cols: 9
   dt: d
   data: [ 1., 1., 1., 1., 1., 1., 1., 1., 1. ]
blastGmmnames:
   - "blast.Bln049.0"
blastLabels:
   - FSC-A
   - SSC-A
   - CD20
   - CD10
   - CD45
   - CD34
   - SYTO41
   - CD19
   - CD38
blastMu: !!opencv-matrix
   rows: 1
   cols: 9
   dt: d
   data: [ 1.9169381203189975e+00, 8.0447669183054282e-01,
       8.6488709490626092e-01, 3.2409629360322030e+00,
       1.8310360267598143e+00, 9.8257601128951200e-01,
       2.3725435144157823e+00, 3.5167221766646195e+00,
       3.3434536341697942e+00 ]
blastSigma:
   - !!opencv-matrix
      rows: 9
      cols: 9
      dt: d
      data: [ 1.7778812741586902e-01, 6.3117293343396552e-02,
          -1.4985967564647627e-02, 1.5659119766499075e-02,
          2.5258868028756959e-02, -5.2515764588874358e-03,
          1.5685476994719821e-02, 5.0990341314055887e-02,
          5.0460688302122220e-02, 6.3117293343396552e-02,
          5.3239907622155393e-02, 2.8301777368263007e-02,
          1.1776840559460105e-02, 2.3526202855939985e-02,
          -1.7396877390347603e-02, 1.4592174044384312e-02,
          3.2834804114243138e-02, 3.1201411406024802e-02,
          -1.4985967564647627e-02, 2.8301777368263007e-02,
          1.7289433353468779e+00, 1.8877017032048877e-02,
          7.8867814325611893e-02, 6.9778152336552199e-02,
          5.6970445516516290e-02, -3.5796566096419243e-02,
          1.6185195769836451e-02, 1.5659119766499075e-02,
          1.1776840559460105e-02, 1.8877017032048877e-02,
          4.0704200790664197e-02, 1.0634424143301841e-02,
          1.4796142044264216e-02, 3.8317039117149489e-03,
          7.8318265245016158e-03, 4.2084975226239982e-02,
          2.5258868028756959e-02, 2.3526202855939985e-02,
          7.8867814325611893e-02, 1.0634424143301841e-02,
          4.2458877989192900e-02, -3.4928920249087531e-02,
          1.3330517287542464e-02, 2.0832116303935503e-02,
          1.3544360125990073e-02, -5.2515764588874358e-03,
          -1.7396877390347603e-02, 6.9778152336552199e-02,
          1.4796142044264216e-02, -3.4928920249087531e-02,
          4.4278522047225094e-01, 8.0540927286609186e-03,
          -3.0461089592940704e-02, 1.0947241720727485e-02,
          1.5685476994719821e-02, 1.4592174044384312e-02,
          5.6970445516516290e-02, 3.8317039117149489e-03,
          1.3330517287542464e-02, 8.0540927286609186e-03,
          3.4015048770163196e-02, 6.7903827075506597e-03,
          8.2500683327028004e-03, 5.0990341314055887e-02,
          3.2834804114243138e-02, -3.5796566096419243e-02,
          7.8318265245016158e-03, 2.0832116303935503e-02,
          -3.0461089592940704e-02, 6.7903827075506597e-03,
          5.3080336595680226e-02, 3.7439135521489413e-02,
          5.0460688302122220e-02, 3.1201411406024802e-02,
          1.6185195769836451e-02, 4.2084975226239982e-02,
          1.3544360125990073e-02, 1.0947241720727485e-02,
          8.2500683327028004e-03, 3.7439135521489413e-02,
          1.8208498601430867e-01 ]
blastC: !!opencv-matrix
   rows: 1
   cols: 1
   dt: d
   data: [ 1.7929784649790862e-03 ]
blastNumEvents: 93.
blastMaxVals: !!opencv-matrix
   rows: 1
   cols: 9
   dt: d
   data: [ 4.5000000000000000e+00, 4.5000000000000000e+00,
       4.5000000000000000e+00, 4.5000000000000000e+00,
       4.5000000000000000e+00, 4.5000000000000000e+00,
       4.5000000000000000e+00, 4.5000000000000000e+00,
       4.5000000000000000e+00 ]
blastScales: !!opencv-matrix
   rows: 1
   cols: 9
   dt: d
   data: [ 1., 1., 1., 1., 1., 1., 1., 1., 1. ]
