%YAML:1.0
---
groups:
   - intact
   - CD19
   - blast
intactGmmnames:
   - "intact.Bln066.0"
   - "intact.Bln066.1"
   - "intact.Bln066.2"
   - "intact.Bln066.3"
   - "intact.Bln066.4"
intactLabels:
   - FSC-A
   - SSC-A
   - CD20
   - CD10
   - CD45
   - CD34
   - SYTO41
   - CD19
   - CD38
intactMu: !!opencv-matrix
   rows: 5
   cols: 9
   dt: d
   data: [ 1.2178545780518146e+00, 4.0476289317314862e-01,
       8.4027532785275805e-01, 8.8776557870657014e-01,
       2.4954548788884860e+00, 7.7598987075612380e-01,
       2.3261405735569083e+00, 7.1340378884359512e-01,
       2.2310230542708669e+00, 7.8777503004073235e-01,
       5.0919632308083784e-01, 8.6275179832345128e-01,
       8.7856382782572828e-01, 8.2803382031944506e-01,
       1.0224591425273193e+00, 2.6421513442470315e+00,
       6.5218484084487227e-01, 1.3116289996001036e+00,
       2.9600446726885119e+00, 3.7189548663006078e+00,
       1.0290505805143522e+00, 2.3263838849343652e+00,
       2.1768076620374344e+00, 1.0843571038692223e+00,
       2.4468680340889959e+00, 9.0523781870268782e-01,
       2.3487005027481387e+00, 2.1629964455744290e+00,
       1.2395975873773450e+00, 1.0129268729568039e+00,
       1.1619320125156323e+00, 1.6890040139990046e+00,
       1.4256851327799231e+00, 2.5823697095889884e+00,
       9.2601833151379498e-01, 2.3279947892797588e+00,
       1.3759704347797319e+00, 6.8217839915382972e-01,
       9.3583859843181272e-01, 8.9219851245383752e-01,
       2.5958881040754669e+00, 7.4706038430327315e-01,
       2.2497965491768745e+00, 7.2226797993783742e-01,
       2.1774182669253404e+00 ]
intactSigma:
   - !!opencv-matrix
      rows: 9
      cols: 9
      dt: d
      data: [ 6.3012989695940283e-02, 6.3327192040201086e-03,
          -8.6948667631442779e-04, 1.7396434080585801e-03,
          8.9346711551681317e-03, -1.0225352029640616e-02,
          -1.6298728412142919e-02, 4.2839296888146682e-03,
          -2.4744658208347252e-02, 6.3327192040201104e-03,
          6.4780745263392650e-03, 1.2415798730158368e-04,
          1.2284147794413679e-03, 4.5348082646014748e-03,
          7.7765411500453922e-04, -2.2204436111443928e-03,
          1.1715550752412699e-03, -1.1690942973734552e-02,
          -8.6948667631442801e-04, 1.2415798730158360e-04,
          1.5667335025390510e-02, 1.8854945809145695e-04,
          3.0501173273060156e-04, 2.4389395023803256e-04,
          1.2738717663662118e-03, -9.5153719852160846e-04,
          -6.0308952938348936e-03, 1.7396434080585801e-03,
          1.2284147794413679e-03, 1.8854945809145695e-04,
          4.8830834299534035e-03, 1.3779884638275900e-03,
          6.0313429035353415e-04, 3.4641587478342455e-04,
          4.1456869347613413e-04, -2.2842508567486688e-03,
          8.9346711551681317e-03, 4.5348082646014766e-03,
          3.0501173273060156e-04, 1.3779884638275897e-03,
          9.4364932628140767e-03, -2.0339974449717628e-04,
          -1.8058292605919251e-03, 1.8852669027301526e-03,
          -7.0910823936319858e-03, -1.0225352029640616e-02,
          7.7765411500453901e-04, 2.4389395023803232e-04,
          6.0313429035353415e-04, -2.0339974449717644e-04,
          3.0888691397671413e-02, 7.7908215325707070e-03,
          -4.2656954432459104e-03, 4.2424533069306001e-03,
          -1.6298728412142919e-02, -2.2204436111443932e-03,
          1.2738717663662118e-03, 3.4641587478342461e-04,
          -1.8058292605919251e-03, 7.7908215325707070e-03,
          1.6129190331965148e-02, 5.0987640577342575e-04,
          8.6205369837771481e-03, 4.2839296888146673e-03,
          1.1715550752412699e-03, -9.5153719852160824e-04,
          4.1456869347613408e-04, 1.8852669027301526e-03,
          -4.2656954432459078e-03, 5.0987640577342607e-04,
          6.5635976390511344e-02, -6.7541038298858944e-03,
          -2.4744658208347252e-02, -1.1690942973734552e-02,
          -6.0308952938348970e-03, -2.2842508567486692e-03,
          -7.0910823936319884e-03, 4.2424533069306001e-03,
          8.6205369837771481e-03, -6.7541038298858918e-03,
          2.6098242321401433e-01 ]
   - !!opencv-matrix
      rows: 9
      cols: 9
      dt: d
      data: [ 5.6149141189828375e-02, 1.9163920775563413e-02,
          2.3766897040600001e-04, 2.6525038206866849e-03,
          4.0939521277302869e-03, 8.2792573447914056e-04,
          -3.7121090506648251e-03, 1.4044055137685594e-03,
          2.4800278363492176e-02, 1.9163920775563420e-02,
          2.2049235885285789e-02, 8.2969350017952947e-04,
          3.3560958917495682e-03, 2.8742579591007364e-04,
          1.0451121290657337e-02, 8.4015194350400748e-03,
          2.7812394264780894e-03, 2.6248289252933075e-02,
          2.3766897040600017e-04, 8.2969350017952936e-04,
          9.6844543658162231e-03, 4.9785684564824324e-04,
          -4.0075929374408297e-04, -8.2800481019859845e-04,
          1.6477326859789133e-03, -1.0940912164187574e-03,
          -1.5753516090302572e-03, 2.6525038206866866e-03,
          3.3560958917495682e-03, 4.9785684564824324e-04,
          1.4973821517189446e-02, -1.0723407874340526e-03,
          1.9682880659044949e-03, 2.6860249903087178e-03,
          3.6325628706149904e-04, 7.6097408858454042e-03,
          4.0939521277302869e-03, 2.8742579591007364e-04,
          -4.0075929374408297e-04, -1.0723407874340526e-03,
          5.0040345375378459e-03, -5.1629923811022417e-03,
          -8.4295586280564039e-03, -1.0635430125705125e-03,
          7.9323690612837872e-04, 8.2792573447914056e-04,
          1.0451121290657336e-02, -8.2800481019859888e-04,
          1.9682880659044953e-03, -5.1629923811022417e-03,
          5.2940331504221116e-02, 2.1458746738241347e-02,
          -4.1704484111744931e-03, 2.5616668424109805e-02,
          -3.7121090506648242e-03, 8.4015194350400731e-03,
          1.6477326859789133e-03, 2.6860249903087178e-03,
          -8.4295586280564039e-03, 2.1458746738241347e-02,
          3.4738822274407506e-02, 3.7950878241403700e-03,
          1.7611535258386671e-02, 1.4044055137685599e-03,
          2.7812394264780894e-03, -1.0940912164187579e-03,
          3.6325628706149958e-04, -1.0635430125705122e-03,
          -4.1704484111744922e-03, 3.7950878241403709e-03,
          6.8494395864185237e-02, 5.5937480675071743e-03,
          2.4800278363492176e-02, 2.6248289252933078e-02,
          -1.5753516090302577e-03, 7.6097408858454034e-03,
          7.9323690612837839e-04, 2.5616668424109805e-02,
          1.7611535258386671e-02, 5.5937480675071743e-03,
          1.3090007699201384e-01 ]
   - !!opencv-matrix
      rows: 9
      cols: 9
      dt: d
      data: [ 3.0808346388455454e-01, 6.6528406199173107e-02,
          7.9150815944293625e-03, -8.5827439462696539e-02,
          -2.4460057158721866e-02, 1.7224869611736762e-02,
          -7.7921463230285152e-03, -9.2017700429742159e-03,
          3.2817266441374698e-02, 6.6528406199173107e-02,
          2.7146352298057019e-01, 1.2891416883711936e-02,
          8.9939439936530891e-02, 4.2135384009465697e-02,
          1.5389386253682566e-02, -3.3788476580450238e-03,
          1.4060994023184887e-02, 1.2556337327436390e-02,
          7.9150815944293608e-03, 1.2891416883711931e-02,
          2.4348457551574818e-02, 8.8236658896177038e-03,
          3.6112095532643421e-03, 6.7586619508415383e-03,
          3.7234140896993946e-03, 5.2352547493847166e-03,
          4.5374728872855418e-03, -8.5827439462696539e-02,
          8.9939439936530891e-02, 8.8236658896177055e-03,
          3.6328726975016795e-01, 1.1870048656955265e-01,
          -2.0123140204629113e-02, -1.1391335380776722e-02,
          3.5176040880839726e-02, -7.6778955479410466e-02,
          -2.4460057158721866e-02, 4.2135384009465683e-02,
          3.6112095532643417e-03, 1.1870048656955265e-01,
          6.2272587173430032e-02, 1.4398224933063800e-04,
