%YAML:1.0
---
groups:
   - intact
   - CD19
   - blast
intactGmmnames:
   - "intact.Bln021.0"
   - "intact.Bln021.1"
   - "intact.Bln021.2"
   - "intact.Bln021.3"
   - "intact.Bln021.4"
intactLabels:
   - FSC-A
   - SSC-A
   - CD20
   - CD10
   - CD45
   - CD34
   - SYTO41
   - CD19
   - CD38
intactMu: !!opencv-matrix
   rows: 5
   cols: 9
   dt: d
   data: [ 3.1260815544904030e+00, 3.2800466880366228e+00,
       6.0638252799076764e-01, 1.2689959435158431e+00,
       1.5234911242002376e+00, 7.5853411744855415e-01,
       2.3732181216192720e+00, 5.5722767982012145e-01,
       1.9813795160372487e+00, 9.8598358033258482e-01,
       3.5677409307122571e-01, 5.2942793441948011e-01,
       6.0216624955608655e-01, 2.1159305626136193e+00,
       5.9600039146789863e-01, 2.2963550194159410e+00,
       5.4858985562439533e-01, 1.6237378925553638e+00,
       2.0117409882356325e+00, 1.5487813739601295e+00,
       7.9232474018011612e-01, 1.0397994654912908e+00,
       1.8816087198899145e+00, 9.4542005072368673e-01,
       2.4810830348144899e+00, 7.0675296983135427e-01,
       2.2684608606941703e+00, 8.4753710657393999e-01,
       4.2199902760034902e-01, 5.4092589525346291e-01,
       8.9975611514110332e-01, 8.1250660771055583e-01,
       7.3157783800956055e-01, 2.5221032099282428e+00,
       5.4826016881519590e-01, 1.5214742016912415e+00,
       2.6836177765800544e+00, 3.5806315471113441e+00,
       6.1724048577926516e-01, 1.9621907834145675e+00,
       1.5515977532538796e+00, 8.3088146977517718e-01,
       2.4257950940240534e+00, 5.9604121939496568e-01,
       1.9613605701010983e+00 ]
intactSigma:
   - !!opencv-matrix
      rows: 9
      cols: 9
      dt: d
      data: [ 3.1053162857232974e-01, 1.0376306999469961e-01,
          1.0287046336925730e-02, -7.9582220128930153e-02,
          -2.6902888323561153e-02, 8.6337522709065799e-03,
          4.8285506371691447e-03, 1.1629018761451229e-04,
          5.6521824205649190e-02, 1.0376306999469959e-01,
          3.5476483868101066e-01, 5.2992008904925551e-03,
          7.4020570985144599e-02, 3.0294147371840850e-02,
          1.4107835491759056e-02, 9.1928455370506850e-03,
          2.5603583734254984e-03, 1.8529911343970976e-02,
          1.0287046336925728e-02, 5.2992008904925551e-03,
          8.7391456415006029e-03, -3.2201575589189649e-03,
          -5.9612711894009346e-04, 1.8209874222837995e-03,
          2.3579766421316720e-03, -3.9999882237511282e-04,
          3.6871680665048223e-03, -7.9582220128930153e-02,
          7.4020570985144613e-02, -3.2201575589189640e-03,
          2.2647601359034578e-01, 6.0128343174334908e-02,
          5.9116644108118937e-03, 1.0653292931393377e-02,
          -1.3470253279766733e-03, -7.2273863940504793e-02,
          -2.6902888323561160e-02, 3.0294147371840850e-02,
          -5.9612711894009302e-04, 6.0128343174334908e-02,
          3.7722331009146626e-02, 3.7159273958080521e-03,
          3.1377957434715695e-03, -1.6966146926589702e-04,
          -1.8528810818333828e-02, 8.6337522709065816e-03,
          1.4107835491759053e-02, 1.8209874222837995e-03,
          5.9116644108118963e-03, 3.7159273958080521e-03,
          8.5801363884962616e-03, 3.6672287388585935e-03,
          -1.0080782409910625e-03, 2.5626972868231256e-03,
          4.8285506371691465e-03, 9.1928455370506850e-03,
          2.3579766421316715e-03, 1.0653292931393381e-02,
          3.1377957434715695e-03, 3.6672287388585935e-03,
          1.3849428754566542e-02, 7.5192578520422919e-04,
          1.7360063975605574e-03, 1.1629018761451282e-04,
          2.5603583734254997e-03, -3.9999882237511271e-04,
          -1.3470253279766736e-03, -1.6966146926589710e-04,
          -1.0080782409910621e-03, 7.5192578520422897e-04,
          8.5509417415322881e-03, 1.4443659930398680e-03,
          5.6521824205649190e-02, 1.8529911343970983e-02,
          3.6871680665048223e-03, -7.2273863940504793e-02,
          -1.8528810818333828e-02, 2.5626972868231252e-03,
          1.7360063975605574e-03, 1.4443659930398682e-03,
          8.2239462423282575e-02 ]
   - !!opencv-matrix
      rows: 9
      cols: 9
      dt: d
      data: [ 5.8030224460206191e-02, 1.3026891691127664e-02,
          2.8618252491585542e-04, 1.1640597287752171e-03,
          4.1827940630829235e-03, -2.2186152954442465e-03,
          -1.3541343996390846e-02, -6.0906324895448340e-04,
          -1.1547436912708131e-02, 1.3026891691127664e-02,
          1.6761064202971097e-02, 8.2604236041915061e-04,
          2.5096480565808478e-03, 5.8792203122156363e-03,
          2.6088852860006023e-04, -9.4452457569977721e-04,
          -1.1981862494536257e-04, -9.7097363991899416e-03,
          2.8618252491585498e-04, 8.2604236041915061e-04,
          6.2232705039215247e-03, 4.0674076341154132e-05,
          1.0524004718452955e-03, -5.4807395786961973e-05,
          4.5771131883738680e-04, -2.7213915824276163e-04,
          -2.0691835386754619e-03, 1.1640597287752171e-03,
          2.5096480565808487e-03, 4.0674076341154085e-05,
          9.5198479511798949e-03, 1.7102660875168026e-03,
          2.5865301620639210e-04, 1.6255923891563737e-03,
          9.5281446411313400e-06, -2.9888672416753300e-03,
          4.1827940630829244e-03, 5.8792203122156354e-03,
          1.0524004718452953e-03, 1.7102660875168026e-03,
          2.8718976574014312e-02, 1.1684040645699395e-03,
          3.3314067041781076e-03, -2.1815230706816679e-04,
          1.8662559581964566e-02, -2.2186152954442465e-03,
          2.6088852860006029e-04, -5.4807395786962048e-05,
          2.5865301620639210e-04, 1.1684040645699391e-03,
          3.4847273724034344e-03, 3.0749933571427791e-03,
          -4.1760372644036219e-04, 3.3985216442171994e-03,
          -1.3541343996390846e-02, -9.4452457569977721e-04,
          4.5771131883738669e-04, 1.6255923891563737e-03,
          3.3314067041781076e-03, 3.0749933571427778e-03,
          2.1493684881405073e-02, 4.3053123070627738e-04,
          -4.2730360055261802e-03, -6.0906324895448373e-04,
          -1.1981862494536252e-04, -2.7213915824276163e-04,
          9.5281446411314433e-06, -2.1815230706816695e-04,
          -4.1760372644036219e-04, 4.3053123070627738e-04,
          7.7225701968807701e-03, 1.0719085487193077e-03,
          -1.1547436912708131e-02, -9.7097363991899416e-03,
          -2.0691835386754628e-03, -2.9888672416753296e-03,
          1.8662559581964566e-02, 3.3985216442171994e-03,
          -4.2730360055261776e-03, 1.0719085487193073e-03,
          4.3176470601143496e-01 ]
   - !!opencv-matrix
      rows: 9
      cols: 9
      dt: d
      data: [ 8.4036836129509163e-01, 8.2825485022878254e-01,
          5.4382692814670744e-02, 2.2514721599834533e-01,
          2.5356397208135907e-02, 1.1007931743573969e-01,
          8.9609598233107185e-02, 1.3742512752429747e-01,
          8.1409463573003327e-02, 8.2825485022878265e-01,
          1.5113910989467236e+00, 9.1125472600157173e-02,
          3.8497379413930644e-01, 7.1954372621618856e-02,
          1.3002370494222742e-01, 6.0902815445618631e-02,
          1.8242233401038030e-01, 1.9167456652921605e-01,
          5.4382692814670744e-02, 9.1125472600157173e-02,
          1.4391830439431033e-01, 2.0807020359832871e-02,
          7.0373535899948297e-02, 2.0464259543723485e-02,
          -1.5220507232677519e-03, 8.5567073693526910e-02,
          4.7073188237178001e-02, 2.2514721599834533e-01,
          3.8497379413930644e-01, 2.0807020359832871e-02,
          2.3082410850218321e-01, 2.7877666225384922e-03,
          5.3680785433635726e-02, 4.1047639672274129e-02,
          5.9740215049442040e-02, -1.1593704121576225e-02,
          2.5356397208135907e-02, 7.1954372621618856e-02,
          7.0373535899948297e-02, 2.7877666225384901e-03,
          3.5987131729144889e-01, 3.4976203928316241e-02,
