%YAML:1.0
---
groups:
   - intact
   - CD19
   - blast
intactGmmnames:
   - "intact.Bln079.0"
   - "intact.Bln079.1"
   - "intact.Bln079.2"
   - "intact.Bln079.3"
   - "intact.Bln079.4"
intactLabels:
   - FSC-A
   - SSC-A
   - CD20
   - CD10
   - CD45
   - CD34
   - SYTO41
   - CD19
   - CD38
intactMu: !!opencv-matrix
   rows: 5
   cols: 9
   dt: d
   data: [ 1.3380161840663387e+00, 3.1605271005067748e-01,
       6.6050023497848909e-01, 8.7985241076056953e-01,
       2.3294955299254636e+00, 7.0582743620344746e-01,
       2.2065296198809228e+00, 7.7007365593549459e-01,
       2.2385006696487779e+00, 3.3994939575418961e+00,
       2.9557213363279722e+00, 1.0248795226691221e+00,
       2.3169967900373161e+00, 1.9957755197177935e+00,
       1.1984611185728993e+00, 2.2107620967195785e+00,
       9.2651797622120879e-01, 2.5188311573457494e+00,
       2.9494328159705758e+00, 2.1356000842223271e+00,
       1.0824885687809609e+00, 1.7917560179005649e+00,
       1.8303022827275550e+00, 1.2344695608967955e+00,
       2.3606789730214670e+00, 1.0215314790053118e+00,
       2.4674080479171128e+00, 2.1474996748518449e+00,
       7.5273241109786904e-01, -8.8023151189064189e-02,
       9.8066634598254510e-01, 2.4871192333288685e+00,
       1.0091071052804452e+00, 2.3701434389732414e+00,
       8.4225025498176287e-01, 3.5620719855905363e+00,
       2.0252618252062726e+00, 3.0310992745647497e-01,
       8.1885622801969493e-01, 8.9058513973110998e-01,
       1.6864719548380245e+00, 7.8770850084051769e-01,
       2.3420209654696462e+00, 7.7769662044433296e-01,
       1.3688143658091922e+00 ]
intactSigma:
   - !!opencv-matrix
      rows: 9
      cols: 9
      dt: d
      data: [ 4.4488564490972722e-02, 3.8949625003813237e-03,
          7.5906297049902198e-04, 7.8283774207732330e-04,
          6.1111916239521931e-03, 6.6724480402992293e-04,
          2.9503239055748876e-03, -1.9296182192550962e-03,
          8.0446200735140323e-03, 3.8949625003813233e-03,
          9.7107566765610252e-03, 5.3237642486060202e-03,
          1.0832271796637483e-03, 5.2621719277434736e-03,
          1.6226696258303010e-03, 3.8569482181678651e-03,
          8.4086733977157245e-04, -1.6732298342424214e-02,
          7.5906297049902318e-04, 5.3237642486060202e-03,
          1.3119442669931855e-01, 1.2934773525499225e-03,
          2.3624991953576434e-03, -1.8894991728805970e-03,
          4.7284598742824242e-03, -5.1773329497294338e-03,
          -1.0146763374753021e-01, 7.8283774207732340e-04,
          1.0832271796637483e-03, 1.2934773525499219e-03,
          7.2467339399163834e-03, 1.3487054842189268e-03,
          -6.9846326522634184e-04, 1.4268618269189595e-03,
          6.4204188165209518e-04, -8.5218665706939651e-04,
          6.1111916239521931e-03, 5.2621719277434736e-03,
          2.3624991953576438e-03, 1.3487054842189271e-03,
          1.8668232539573705e-02, 1.6867470218319537e-03,
          6.0334840027603817e-03, 7.2778680828840725e-04,
          2.1239342850459860e-02, 6.6724480402992272e-04,
          1.6226696258303003e-03, -1.8894991728805970e-03,
          -6.9846326522634194e-04, 1.6867470218319539e-03,
          2.6804256746787703e-02, 2.1766218069071749e-03,
          -3.9565643369868691e-03, 6.6218102353580235e-03,
          2.9503239055748884e-03, 3.8569482181678651e-03,
          4.7284598742824242e-03, 1.4268618269189595e-03,
          6.0334840027603826e-03, 2.1766218069071753e-03,
          1.6678632091507651e-02, 2.8921917723803589e-04,
          -9.0323145903424291e-03, -1.9296182192550975e-03,
          8.4086733977157180e-04, -5.1773329497294338e-03,
          6.4204188165209507e-04, 7.2778680828840725e-04,
          -3.9565643369868691e-03, 2.8921917723803643e-04,
          5.8129210917127049e-02, -6.6462779428201905e-04,
          8.0446200735140323e-03, -1.6732298342424214e-02,
          -1.0146763374753023e-01, -8.5218665706939683e-04,
          2.1239342850459857e-02, 6.6218102353580235e-03,
          -9.0323145903424239e-03, -6.6462779428201797e-04,
          4.9951988363629440e-01 ]
   - !!opencv-matrix
      rows: 9
      cols: 9
      dt: d
      data: [ 2.6290918384474699e-01, 1.4094006931697911e-01,
          5.8048553344980632e-03, -1.6732513194270913e-03,
          -2.1461205634067370e-04, 1.6942000952555433e-02,
          2.2905874021461672e-03, 1.9052766483081795e-03,
          1.9611794893469005e-02, 1.4094006931697908e-01,
          3.2883607233468198e-01, 1.4018639627436835e-02,
          3.4248058356043325e-02, 1.1502505847814691e-02,
          4.6148310809456021e-02, 1.0806140656555765e-02,
          1.2063815601130004e-02, 4.6298401209013136e-02,
          5.8048553344980632e-03, 1.4018639627436835e-02,
          8.0045657132035777e-02, 9.8468124792548736e-03,
          4.4438199345067557e-03, 7.8379398979417734e-03,
          6.4050506423625796e-03, 5.4642833501558651e-04,
          2.8814586811832947e-05, -1.6732513194270913e-03,
          3.4248058356043332e-02, 9.8468124792548736e-03,
          1.0625974681933238e-01, 2.1175080845678953e-02,
          1.3039172728253789e-02, 5.3018156527768479e-03,
          1.2612113920258161e-02, 8.0004723883962715e-03,
          -2.1461205634067386e-04, 1.1502505847814690e-02,
          4.4438199345067575e-03, 2.1175080845678960e-02,
          2.1248661684738903e-02, 8.5875420016338286e-03,
          3.3970351619130377e-03, 6.7600098760148232e-03,
          1.8196618773832490e-04, 1.6942000952555433e-02,
          4.6148310809456035e-02, 7.8379398979417751e-03,
          1.3039172728253785e-02, 8.5875420016338268e-03,
          7.3558881091164041e-02, 9.7250963642332051e-03,
          -7.7526878472794465e-03, 1.2159042756516950e-02,
          2.2905874021461668e-03, 1.0806140656555765e-02,
          6.4050506423625779e-03, 5.3018156527768479e-03,
          3.3970351619130369e-03, 9.7250963642332051e-03,
          1.2642102217329721e-02, 3.6348478543830770e-03,
          4.8777450339468108e-03, 1.9052766483081804e-03,
          1.2063815601130004e-02, 5.4642833501558706e-04,
          1.2612113920258161e-02, 6.7600098760148214e-03,
          -7.7526878472794483e-03, 3.6348478543830765e-03,
          1.1875234426782200e-01, 5.9918446526113596e-03,
          1.9611794893469005e-02, 4.6298401209013136e-02,
          2.8814586811833482e-05, 8.0004723883962715e-03,
          1.8196618773832490e-04, 1.2159042756516950e-02,
          4.8777450339468125e-03, 5.9918446526113578e-03,
          3.8077178805121265e-02 ]
   - !!opencv-matrix
      rows: 9
      cols: 9
      dt: d
      data: [ 7.8778232886746047e-01, 5.0848673356088492e-01,
          -3.7415902373991651e-02, 1.0153058490693580e-01,
          7.7600700738522321e-02, -1.6480149317249646e-02,
          -2.8746063808249622e-02, 4.8786503005965034e-03,
          6.0510541600661889e-02, 5.0848673356088492e-01,
          7.6049740445351499e-01, 7.9146508351718142e-03,
          1.8848981379851404e-01, 8.3382985455603423e-02,
          -5.0238931165077659e-04, -5.4183615290636852e-03,
          2.0170394357616354e-02, 2.0086783489726374e-02,
          -3.7415902373991644e-02, 7.9146508351718246e-03,
          2.9313270124618696e-01, 7.2473500429701895e-02,
          1.3735728693119084e-02, 7.2450745861531440e-02,
          2.4348605110957874e-02, 9.5334705217009624e-02,
          -1.0486693775674323e-02, 1.0153058490693580e-01,
          1.8848981379851407e-01, 7.2473500429701881e-02,
          4.0756186011787865e-01, 1.2299027540700386e-01,
          -3.8190543780127124e-03, 2.3249935062595040e-02,
          6.3762522157732746e-02, -3.9844371190738574e-02,
          7.7600700738522321e-02, 8.3382985455603423e-02,
          1.3735728693119084e-02, 1.2299027540700386e-01,
          1.6989505645636446e-01, -4.1216026202222717e-04,
          9.6380415164262628e-03, 2.4198111606840999e-02,
