%YAML:1.0
---
groups:
   - intact
   - CD19
   - blast
intactGmmnames:
   - "intact.Bln057.0"
   - "intact.Bln057.1"
   - "intact.Bln057.2"
   - "intact.Bln057.3"
   - "intact.Bln057.4"
intactLabels:
   - FSC-A
   - SSC-A
   - CD20
   - CD10
   - CD45
   - CD34
   - SYTO41
   - CD19
   - CD38
intactMu: !!opencv-matrix
   rows: 5
   cols: 9
   dt: d
   data: [ 1.0725358248246180e+00, 3.0999795282892545e-01,
       7.9180978652936085e-01, 9.1506704541937522e-01,
       2.4714393316287873e+00, 8.0516746362209513e-01,
       2.5690845505893907e+00, 7.7915643536799684e-01,
       2.2661726704154113e+00, 2.4345300421396128e+00,
       2.5124013447720324e+00, 1.1602390636958184e+00,
       2.5679198554181775e+00, 2.0246828001915276e+00,
       1.1299996239990009e+00, 2.7340146743714593e+00,
       1.0190920127705674e+00, 2.3539949006314727e+00,
       9.9685435811690104e-01, 5.6143927699843810e-01,
       9.2158936830407256e-01, 1.1246192071715890e+00,
       7.5104380000692694e-01, 1.1345782182164135e+00,
       2.9892033880819429e+00, 7.9045925818091389e-01,
       1.8025180751132965e+00, 2.7957977808427934e+00,
       3.1590915112407365e+00, 1.1128582782765046e+00,
       2.5668382456398939e+00, 2.2019732996635302e+00,
       1.3267612898170353e+00, 2.6832441772829241e+00,
       1.0424255734463996e+00, 2.4720151467198614e+00,
       2.6770070356514237e+00, 2.0926961463915070e+00,
       1.1038635062561812e+00, 1.2615373112630697e+00,
       1.7854669549520708e+00, 1.3362077342570722e+00,
       2.6438264145415777e+00, 9.6266479844778452e-01,
       2.6879070446696072e+00 ]
intactSigma:
   - !!opencv-matrix
      rows: 9
      cols: 9
      dt: d
      data: [ 1.2051449011400217e-01, 1.2130648860400916e-02,
          -3.7847056359611108e-03, -5.7576569602847787e-03,
          1.6696787531748941e-02, -1.3494685679930661e-02,
          -4.0119823393705387e-02, 4.3625541218395578e-03,
          -7.7667638495254890e-02, 1.2130648860400916e-02,
          6.2343074461590781e-03, 1.0342604244830465e-03,
          2.5511497657471706e-04, 5.0341542430109576e-03,
          2.0658886878729591e-04, -4.5477168458447001e-03,
          1.6766604385927276e-03, -1.7085328455068320e-02,
          -3.7847056359611103e-03, 1.0342604244830465e-03,
          9.6997990002822290e-02, 2.0076087812998878e-03,
          -7.3100928416482266e-04, 8.5486624550259105e-04,
          6.1090404985162843e-03, -3.7531923211660484e-03,
          -2.9367248262642108e-02, -5.7576569602847787e-03,
          2.5511497657471706e-04, 2.0076087812998886e-03,
          1.1415486478631691e-02, -6.4049229033368894e-04,
          1.5409119040227003e-03, 3.1869554545706238e-03,
          -3.5028464887740127e-04, 5.2117546759619469e-03,
          1.6696787531748941e-02, 5.0341542430109567e-03,
          -7.3100928416482266e-04, -6.4049229033368872e-04,
          1.7036584228861420e-02, -2.2753771363519761e-04,
          -4.3418924013751805e-03, 1.5429935625648138e-03,
          -1.7821488380789954e-03, -1.3494685679930663e-02,
          2.0658886878729591e-04, 8.5486624550259105e-04,
          1.5409119040226996e-03, -2.2753771363519747e-04,
          3.3652559581699153e-02, 1.1234710829139580e-02,
          -6.5457949172788785e-03, 1.1009644562106605e-02,
          -4.0119823393705380e-02, -4.5477168458447001e-03,
          6.1090404985162843e-03, 3.1869554545706238e-03,
          -4.3418924013751805e-03, 1.1234710829139580e-02,
          3.4876019731382692e-02, -1.3747092688173271e-05,
          1.9465257683061420e-02, 4.3625541218395552e-03,
          1.6766604385927283e-03, -3.7531923211660484e-03,
          -3.5028464887740067e-04, 1.5429935625648130e-03,
          -6.5457949172788785e-03, -1.3747092688173123e-05,
          6.9851996224290738e-02, -2.2115995965222603e-03,
          -7.7667638495254876e-02, -1.7085328455068324e-02,
          -2.9367248262642108e-02, 5.2117546759619451e-03,
          -1.7821488380789961e-03, 1.1009644562106605e-02,
          1.9465257683061423e-02, -2.2115995965222594e-03,
          5.4205653662015196e-01 ]
   - !!opencv-matrix
      rows: 9
      cols: 9
      dt: d
      data: [ 4.7229317055219538e-01, 2.4160033416385773e-01,
          1.0726454293144359e-02, 1.3056464082834139e-02,
          2.0667007660599399e-02, 7.4470168140800003e-03,
          -3.3651417331156994e-02, 2.3999055827876575e-02,
          3.2656464799330251e-02, 2.4160033416385773e-01,
          4.9927624628130857e-01, 3.0868364649888305e-02,
          2.1024449026526740e-02, 1.9805226623294220e-02,
          4.4851805924278646e-03, -6.4687524974105140e-02,
          5.2184707579136215e-02, 6.1015019680965892e-02,
          1.0726454293144356e-02, 3.0868364649888305e-02,
          5.7796587685815755e-02, 1.1417548068590542e-04,
          -3.1345617654162552e-03, 1.4519051891999604e-02,
          1.2947049125161538e-02, 4.2685924736980910e-03,
          1.3261888607558264e-02, 1.3056464082834132e-02,
          2.1024449026526740e-02, 1.1417548068590466e-04,
          8.1912951738623729e-02, 4.9718003627373650e-02,
          -1.5614654339051612e-02, 1.7787318008737525e-03,
          1.4810958935871628e-02, 1.1313672468369748e-02,
          2.0667007660599406e-02, 1.9805226623294220e-02,
          -3.1345617654162561e-03, 4.9718003627373650e-02,
          7.8104264776385782e-02, -1.7423489990702694e-02,
          -4.4744052252924374e-03, 1.2593991522810299e-02,
          1.4373849945485712e-02, 7.4470168140800021e-03,
          4.4851805924278646e-03, 1.4519051891999606e-02,
          -1.5614654339051615e-02, -1.7423489990702694e-02,
          1.2276652910143028e-01, 2.3490530785545732e-02,
          -1.2449873013057852e-02, 7.7569693289806958e-03,
          -3.3651417331157008e-02, -6.4687524974105140e-02,
          1.2947049125161538e-02, 1.7787318008737525e-03,
          -4.4744052252924408e-03, 2.3490530785545732e-02,
          8.0715769890192815e-02, -1.2429265990924291e-02,
          1.3530538701592779e-02, 2.3999055827876575e-02,
          5.2184707579136201e-02, 4.2685924736980936e-03,
          1.4810958935871631e-02, 1.2593991522810299e-02,
          -1.2449873013057854e-02, -1.2429265990924298e-02,
          1.3088675423732019e-01, 1.0645516009808016e-02,
          3.2656464799330237e-02, 6.1015019680965892e-02,
          1.3261888607558264e-02, 1.1313672468369751e-02,
          1.4373849945485712e-02, 7.7569693289806976e-03,
          1.3530538701592779e-02, 1.0645516009808018e-02,
          5.0571140135368571e-02 ]
   - !!opencv-matrix
      rows: 9
      cols: 9
      dt: d
      data: [ 2.4714730373020255e-01, 1.0888283193827475e-01,
          1.9624655857814338e-02, 5.0396872973736573e-02,
          7.8567533258813351e-03, 5.7297322504856710e-02,
          3.1781219756630917e-02, 1.1926913347300097e-02,
          1.1215118071993892e-01, 1.0888283193827475e-01,
          9.0535758669161789e-02, 2.6422152624497014e-02,
          4.4623044568361976e-02, -6.7571676344820447e-03,
          5.5386611144078453e-02, 5.2318052681591544e-02,
          1.5279001091389145e-02, 1.1043341866691533e-01,
          1.9624655857814342e-02, 2.6422152624497010e-02,
          6.5671355098378348e-02, 1.3032003040266417e-02,
          -1.6875718270647034e-02, 2.2189723537327587e-02,
          3.5497517007740363e-02, -2.0212052385920969e-03,
          3.3184464773545030e-02, 5.0396872973736573e-02,
          4.4623044568361976e-02, 1.3032003040266417e-02,
          7.8429059166663664e-02, 2.0766103645711259e-03,
          2.8468203987895929e-02, 2.3783724840509887e-02,
          7.7393285540742303e-03, 7.4569300632141969e-02,
          7.8567533258813351e-03, -6.7571676344820465e-03,
          -1.6875718270647034e-02, 2.0766103645711263e-03,
          5.0894809737810631e-02, -2.0021739009852924e-02,
