%YAML:1.0
---
groups:
   - intact
   - CD19
   - blast
intactGmmnames:
   - "intact.Bln007.0"
   - "intact.Bln007.1"
   - "intact.Bln007.2"
   - "intact.Bln007.3"
   - "intact.Bln007.4"
intactLabels:
   - FSC-A
   - SSC-A
   - CD20
   - CD10
   - CD45
   - CD34
   - SYTO41
   - CD19
   - CD38
intactMu: !!opencv-matrix
   rows: 5
   cols: 9
   dt: d
   data: [ 3.1164674292202963e+00, 3.4468632648799660e+00,
       6.9786768144174804e-01, 2.1976644988876086e+00,
       1.9443951315475023e+00, 9.6221881991628211e-01,
       2.3875311995928183e+00, 5.9885352120345037e-01,
       1.8595276355145069e+00, 9.8367484653075155e-01,
       2.8236234869163590e-01, 5.4059690533030547e-01,
       5.3597577239937455e-01, 2.2740969668041431e+00,
       6.0321168612001119e-01, 2.4547613494576206e+00,
       5.2490215944154028e-01, 1.7439403312563668e+00,
       1.1523298297733966e+00, 4.8845918683429101e-01,
       5.5063479199863108e-01, 6.2000282546922647e-01,
       6.9280663572188539e-01, 6.8898266704985034e-01,
       2.5190588097152697e+00, 5.0413560087404619e-01,
       1.2664956751668177e+00, 2.4013711293977362e+00,
       1.6744577764359088e+00, 7.2748672664391190e-01,
       1.0686928852609354e+00, 1.8585787873651749e+00,
       9.3694702834114085e-01, 2.5767463009489826e+00,
       6.2843914737715667e-01, 2.0977760113010233e+00,
       1.4380240458194240e+00, 4.5896002635858169e-01,
       5.3527760241577726e-01, 5.2834583747954134e-01,
       2.3333707494987279e+00, 5.9845684420974132e-01,
       2.3675833343208654e+00, 5.0880949294372035e-01,
       1.6778793801746017e+00 ]
intactSigma:
   - !!opencv-matrix
      rows: 9
      cols: 9
      dt: d
      data: [ 2.5868914132625925e-01, 1.4072086406688716e-01,
          1.3538911255257947e-02, -2.1363971822260844e-03,
          1.3948047595393055e-03, 1.2783485062913607e-02,
          3.9617734809469906e-03, 5.0076116159711009e-03,
          2.1140150235446478e-02, 1.4072086406688716e-01,
          2.7365363751931815e-01, 1.2862826710017034e-02,
          6.8278050817727146e-03, 3.0045191081541256e-03,
          1.6085172974016172e-02, 6.2509156611484503e-03,
          6.5327986777447659e-03, 3.0396296297771519e-02,
          1.3538911255257947e-02, 1.2862826710017032e-02,
          1.1290891268330243e-02, 2.2659488538953796e-03,
          1.8947310617724949e-03, 4.3799977292822206e-03,
          1.2624337867199551e-03, 2.0227124539243797e-03,
          2.9121024090241333e-03, -2.1363971822260844e-03,
          6.8278050817727146e-03, 2.2659488538953796e-03,
          7.8685269298451335e-02, 1.7114777453552964e-02,
          2.5204189566907665e-02, 9.6732958656328314e-04,
          3.0084293751680971e-03, 1.4358931494774243e-03,
          1.3948047595393059e-03, 3.0045191081541252e-03,
          1.8947310617724949e-03, 1.7114777453552964e-02,
          1.4993871503966407e-02, 7.1475720565348675e-03,
          4.6718525088605472e-04, 2.5577821804068737e-03,
          -5.6804477186105388e-04, 1.2783485062913607e-02,
          1.6085172974016172e-02, 4.3799977292822197e-03,
          2.5204189566907665e-02, 7.1475720565348658e-03,
          2.0411105040186950e-02, 1.4007598600812507e-03,
          1.3998703122409255e-03, 4.5323599778428871e-03,
          3.9617734809469915e-03, 6.2509156611484503e-03,
          1.2624337867199551e-03, 9.6732958656328292e-04,
          4.6718525088605456e-04, 1.4007598600812503e-03,
          4.0891692420512394e-03, 5.4788786996702100e-04,
          8.7619608520361162e-04, 5.0076116159711043e-03,
          6.5327986777447651e-03, 2.0227124539243797e-03,
          3.0084293751680966e-03, 2.5577821804068732e-03,
          1.3998703122409255e-03, 5.4788786996702100e-04,
          1.6720699887172865e-02, 3.0096330394183443e-03,
          2.1140150235446478e-02, 3.0396296297771519e-02,
          2.9121024090241333e-03, 1.4358931494774236e-03,
          -5.6804477186105421e-04, 4.5323599778428871e-03,
          8.7619608520361151e-04, 3.0096330394183456e-03,
          3.1880884796498386e-02 ]
   - !!opencv-matrix
      rows: 9
      cols: 9
      dt: d
      data: [ 3.6843869278141393e-02, 1.6350469190695863e-03,
          -1.5173270595831489e-03, 1.7861150415223084e-03,
          1.7272844792842203e-03, -2.8077168567345215e-03,
          -6.3358755000377130e-03, -5.8087156076398196e-04,
          -8.5785351055091292e-03, 1.6350469190695863e-03,
          2.5839633979257049e-03, 3.7914525257162974e-04,
          7.0914612999766575e-04, 2.4083891549146531e-03,
          4.1822386392189779e-04, 3.6991564390840777e-05,
          3.5192935703630277e-04, -5.6925639605248509e-03,
          -1.5173270595831489e-03, 3.7914525257162968e-04,
          4.9126860717951266e-03, 3.9264004693085155e-04,
          5.2717558850106727e-04, 3.9387401854447808e-04,
          1.0697461765192030e-03, -6.5468449998893905e-05,
          -5.1767811124200256e-03, 1.7861150415223084e-03,
          7.0914612999766575e-04, 3.9264004693085160e-04,
          6.8850673588952364e-03, 1.3547760531811910e-03,
          1.3148380386579568e-04, -6.7705503548011318e-04,
          -1.8534687182606590e-04, -2.4100012654282455e-03,
          1.7272844792842208e-03, 2.4083891549146526e-03,
          5.2717558850106738e-04, 1.3547760531811910e-03,
          8.3908408191512886e-03, 3.9831280593826258e-04,
          1.1386951116509872e-04, 2.6683554444607881e-04,
          -5.7873400417302020e-03, -2.8077168567345215e-03,
          4.1822386392189768e-04, 3.9387401854447808e-04,
          1.3148380386579563e-04, 3.9831280593826269e-04,
          3.6012132128659079e-03, 1.6379397301177535e-03,
          -3.1372254401204256e-04, 2.2500727767770494e-04,
          -6.3358755000377130e-03, 3.6991564390840756e-05,
          1.0697461765192028e-03, -6.7705503548011329e-04,
          1.1386951116509872e-04, 1.6379397301177535e-03,
          5.9810998971577206e-03, 3.8671918121089194e-04,
          -3.1293211161830606e-03, -5.8087156076398218e-04,
          3.5192935703630277e-04, -6.5468449998893932e-05,
          -1.8534687182606574e-04, 2.6683554444607881e-04,
          -3.1372254401204261e-04, 3.8671918121089194e-04,
          4.6563075014246563e-03, -8.5157927111852302e-04,
          -8.5785351055091257e-03, -5.6925639605248509e-03,
          -5.1767811124200256e-03, -2.4100012654282455e-03,
          -5.7873400417302037e-03, 2.2500727767770494e-04,
          -3.1293211161830606e-03, -8.5157927111852269e-04,
          1.7371975866919478e-01 ]
   - !!opencv-matrix
      rows: 9
      cols: 9
      dt: d
      data: [ 1.1869768569976274e-01, 3.5478707151345712e-02,
          1.7851197051662018e-03, 1.1991815710137682e-02,
          -4.3594864501692981e-04, 8.8868773750688766e-03,
          2.7609359262072454e-02, -2.7785460173186129e-04,
          2.6215114117772730e-02, 3.5478707151345712e-02,
          2.7724455091514423e-02, 1.0627845536201037e-03,
          1.3887479505682825e-02, 1.2100672164089136e-03,
          7.1018233047476179e-03, 1.8298302700515776e-02,
          -2.6540129116037604e-05, 4.6518286538562582e-02,
          1.7851197051662018e-03, 1.0627845536201035e-03,
          3.9829247810518721e-03, 6.3469130480141615e-04,
          -4.0852047448727212e-04, 6.6013486676023221e-04,
          1.9316894643931367e-03, -1.2897746726801663e-04,
          -1.0640970549310382e-03, 1.1991815710137684e-02,
          1.3887479505682830e-02, 6.3469130480141593e-04,
          1.5128962751863165e-01, 6.6053201496852143e-03,
          8.0780666026161064e-03, 2.6852805439465306e-03,
          -8.2320842330830147e-04, 7.2692902448434141e-02,
          -4.3594864501692981e-04, 1.2100672164089138e-03,
          -4.0852047448727212e-04, 6.6053201496852143e-03,
          8.2473651510860894e-03, -1.2064499728199258e-04,
