%YAML:1.0
---
groups:
   - intact
   - CD19
   - blast
intactGmmnames:
   - "intact.Bln068.0"
   - "intact.Bln068.1"
   - "intact.Bln068.2"
   - "intact.Bln068.3"
   - "intact.Bln068.4"
intactLabels:
   - FSC-A
   - SSC-A
   - CD20
   - CD10
   - CD45
   - CD34
   - SYTO41
   - CD19
   - CD38
intactMu: !!opencv-matrix
   rows: 5
   cols: 9
   dt: d
   data: [ 1.2094846984618401e+00, 3.5571192303915972e-01,
       9.4695703406221654e-01, 1.0469929730509868e+00,
       2.2580107849597626e+00, 1.0584228228233303e+00,
       2.7315652627110447e+00, 7.1557191364579653e-01,
       2.4897725295974600e+00, 2.5287010020556728e+00,
       1.7849266178167018e+00, 1.2733229667531993e+00,
       1.6322819937878765e+00, 1.6553130396788573e+00,
       1.0552379086347550e+00, 2.7930326665476617e+00,
       1.0278684900954902e+00, 2.2970364863866686e+00,
       9.6668870581581923e-01, 3.7334317515898374e-01,
       8.1247630404147264e-01, 1.1409992905218713e+00,
       7.5124781761291648e-01, 1.0714301628949050e+00,
       2.9585207699110216e+00, 6.4514170129513027e-01,
       1.7345347968456886e+00, 3.0761287022562640e+00,
       2.9547699935388021e+00, 1.1643957558456239e+00,
       2.1691407503192979e+00, 1.9910556399985373e+00,
       1.1926078233446598e+00, 2.8720725462709482e+00,
       8.5506422584612385e-01, 2.4906049046966485e+00,
       8.5210919471588487e-01, 2.3295246588760166e-01,
       1.0245459882294357e+00, 1.0313946624122199e+00,
       2.2862611133045916e+00, 9.7937019031315053e-01,
       3.1166690795564413e+00, 7.6108901915237104e-01,
       2.4472735228358258e+00 ]
intactSigma:
   - !!opencv-matrix
      rows: 9
      cols: 9
      dt: d
      data: [ 2.1038012587942426e-01, 3.4791062918960919e-02,
          -1.9504715064644733e-02, 4.6737415285597316e-04,
          3.2178446915379390e-02, -5.3266209610546025e-02,
          5.8982908625555821e-03, -2.8726746959517936e-03,
          -3.9940323727859120e-02, 3.4791062918960919e-02,
          2.1574381601917603e-02, -7.4144211212659539e-03,
          3.5090625361159359e-04, 1.3226359490968027e-02,
          -8.3646042557506579e-03, 1.5522419693435742e-03,
          -1.6938333582372340e-03, 3.9236675007464257e-02,
          -1.9504715064644733e-02, -7.4144211212659539e-03,
          1.5130918356085168e-01, 3.0070017038561700e-03,
          -1.2532976614882145e-02, 3.7968274117914508e-02,
          1.4514921497885034e-02, 5.1759345249228726e-03,
          -4.9052787768359842e-02, 4.6737415285597414e-04,
          3.5090625361159359e-04, 3.0070017038561687e-03,
          6.2483697994568568e-03, -9.8488802523403877e-04,
          2.4073016049809435e-03, 6.2032779443462599e-04,
          8.9347353770975345e-04, -4.2960331552907944e-03,
          3.2178446915379390e-02, 1.3226359490968027e-02,
          -1.2532976614882145e-02, -9.8488802523403877e-04,
          4.8886986918024948e-02, -3.1680099170060101e-02,
          1.3195730463148304e-02, 1.8915889975299350e-03,
          3.3015548179095341e-02, -5.3266209610546011e-02,
          -8.3646042557506562e-03, 3.7968274117914508e-02,
          2.4073016049809427e-03, -3.1680099170060101e-02,
          1.4260690252206332e-01, 5.3565011067036941e-03,
          -2.4081915871807212e-03, 1.7391546584968495e-02,
          5.8982908625555821e-03, 1.5522419693435748e-03,
          1.4514921497885037e-02, 6.2032779443462599e-04,
          1.3195730463148309e-02, 5.3565011067036950e-03,
          4.6389260256036374e-02, 9.5973024842780710e-03,
          -3.4532875891701363e-02, -2.8726746959517936e-03,
          -1.6938333582372340e-03, 5.1759345249228726e-03,
          8.9347353770975312e-04, 1.8915889975299343e-03,
          -2.4081915871807212e-03, 9.5973024842780710e-03,
          8.5504727420512114e-02, -3.3345672535746592e-03,
          -3.9940323727859120e-02, 3.9236675007464257e-02,
          -4.9052787768359842e-02, -4.2960331552907944e-03,
          3.3015548179095341e-02, 1.7391546584968491e-02,
          -3.4532875891701363e-02, -3.3345672535746592e-03,
          5.9874691032212679e-01 ]
   - !!opencv-matrix
      rows: 9
      cols: 9
      dt: d
      data: [ 9.4306753661789455e-01, 7.3955768643775099e-01,
          1.1756582572893327e-01, 9.6714843139327170e-02,
          9.0995648740738247e-02, -1.7475801132420143e-01,
          -4.3885761927614363e-02, 1.1986451662019863e-01,
          2.5983098186776847e-02, 7.3955768643775099e-01,
          1.2178322903011216e+00, 2.0176822122006846e-01,
          2.9497719697229441e-01, 1.5681530491631729e-01,
          -3.8047455542989317e-01, -9.1519123489622697e-02,
          2.1107138579856990e-01, -1.3893676878869493e-02,
          1.1756582572893327e-01, 2.0176822122006846e-01,
          6.6240178577405961e-01, 6.4120776636720833e-02,
          2.2807878461843803e-01, -6.5626813815945942e-02,
          -5.0592649124575895e-02, 5.0448480826062536e-01,
          -1.6517653089475767e-01, 9.6714843139327170e-02,
          2.9497719697229435e-01, 6.4120776636720833e-02,
          3.2087277232544076e-01, 2.8080136511884214e-02,
          -2.4561575381757822e-01, -3.7067784635559625e-02,
          8.1710828451821413e-02, -6.9402605316974453e-02,
          9.0995648740738219e-02, 1.5681530491631729e-01,
          2.2807878461843797e-01, 2.8080136511884225e-02,
          5.3298467781007364e-01, 1.1341095232209173e-02,
          -1.0193667091517972e-01, 2.2249214572035136e-01,
          1.4581655415789771e-01, -1.7475801132420143e-01,
          -3.8047455542989317e-01, -6.5626813815945942e-02,
          -2.4561575381757822e-01, 1.1341095232209173e-02,
          5.7893337414849155e-01, 8.8350903936645409e-02,
          -8.3338647131770333e-02, 2.1724585552748973e-01,
          -4.3885761927614376e-02, -9.1519123489622697e-02,
          -5.0592649124575895e-02, -3.7067784635559625e-02,
          -1.0193667091517973e-01, 8.8350903936645409e-02,
          1.1320645362508334e-01, -5.4817059179261891e-02,
          3.7394811906919796e-02, 1.1986451662019863e-01,
          2.1107138579856988e-01, 5.0448480826062536e-01,
          8.1710828451821413e-02, 2.2249214572035136e-01,
          -8.3338647131770333e-02, -5.4817059179261877e-02,
          5.7077168573978909e-01, -1.3483522813495280e-01,
          2.5983098186776847e-02, -1.3893676878869485e-02,
          -1.6517653089475767e-01, -6.9402605316974453e-02,
          1.4581655415789771e-01, 2.1724585552748973e-01,
          3.7394811906919796e-02, -1.3483522813495280e-01,
          7.0831701344206177e-01 ]
   - !!opencv-matrix
      rows: 9
      cols: 9
      dt: d
      data: [ 1.5060509637675981e-01, 3.8963493409192911e-02,
          -1.0518377890219714e-03, 1.3743120421538997e-02,
          1.3842398121871121e-02, 1.1944338840770990e-02,
          -3.7611575315828431e-03, 8.3445813064705332e-03,
          6.1104787089406802e-02, 3.8963493409192911e-02,
          2.1217935168133240e-02, 2.6884599951564792e-03,
          7.6877375930992174e-03, -2.5356701815272450e-04,
          1.0338491864926160e-02, 8.8126210993607918e-03,
          4.9455368158196839e-03, 3.3200137855852789e-02,
          -1.0518377890219727e-03, 2.6884599951564783e-03,
          5.7776821552702910e-02, -6.9470529538108406e-04,
          -5.3645162183532857e-03, 7.1373257631099168e-04,
          6.8343004168495182e-03, 9.7608218252717021e-04,
          -3.8099509192077649e-03, 1.3743120421539001e-02,
          7.6877375930992174e-03, -6.9470529538108363e-04,
          2.7324518256118244e-02, -1.6837052381638172e-03,
          5.5805607300223915e-03, 6.1106069816678531e-03,
          2.4616682749348788e-04, 2.2552412647996060e-02,
          1.3842398121871127e-02, -2.5356701815272423e-04,
          -5.3645162183532866e-03, -1.6837052381638163e-03,
          3.8999084818572026e-02, -1.0443362754376802e-02,
