%YAML:1.0
---
groups:
   - intact
   - CD19
   - blast
intactGmmnames:
   - "intact.Bln049.0"
   - "intact.Bln049.1"
   - "intact.Bln049.2"
   - "intact.Bln049.3"
   - "intact.Bln049.4"
intactLabels:
   - FSC-A
   - SSC-A
   - CD20
   - CD10
   - CD45
   - CD34
   - SYTO41
   - CD19
   - CD38
intactMu: !!opencv-matrix
   rows: 5
   cols: 9
   dt: d
   data: [ 9.7542095407004958e-01, 4.0062864375721469e-01,
       8.0019086424038388e-01, 8.4952353024523863e-01,
       2.5629593606780623e+00, 1.0431209526971328e+00,
       2.5382787908745224e+00, 7.6003493881870310e-01,
       2.4730403747312488e+00, 2.8309877988999577e+00,
       2.0580379503505317e+00, 1.1308595461744630e+00,
       1.5580892808812461e+00, 2.2460794373887434e+00,
       1.4224006868869974e+00, 2.6081866521760491e+00,
       1.0271826494727825e+00, 2.4978096230561060e+00,
       1.1468227179765986e+00, 5.6514984256589629e-01,
       1.0474114272375592e+00, 9.9285229771176564e-01,
       6.9817507122119504e-01, 1.0760115842030551e+00,
       2.7760967292373495e+00, 7.9676255175881738e-01,
       1.0475297702040667e+00, 1.1583980327897756e+00,
       4.7470883205469661e-01, 8.0406490875174919e-01,
       8.7054510444807487e-01, 2.5528392507283031e+00,
       9.0507002174614837e-01, 2.3977274276636695e+00,
       6.9191606394165073e-01, 1.9983250082070181e+00,
       1.1897012124297124e+00, 6.5037528297549152e-01,
       9.4306408394936658e-01, 8.8050899759072232e-01,
       2.5426054215211740e+00, 1.1065667864274282e+00,
       2.5025356605260867e+00, 8.4786095235885561e-01,
       3.1398713629657888e+00 ]
intactSigma:
   - !!opencv-matrix
      rows: 9
      cols: 9
      dt: d
      data: [ 3.9165480294142616e-02, 1.5433743483673793e-03,
          -5.1252577433306794e-03, 4.4858932842918386e-05,
          3.3458232575338098e-03, -1.6081025320466409e-02,
          -1.1798352737327166e-02, 1.3147891254631060e-04,
          8.5774928980355408e-04, 1.5433743483673791e-03,
          7.5175575284024757e-03, 2.1602970753416225e-03,
          1.5420802705491353e-03, 3.3136962919411523e-03,
          5.2411925655577061e-03, 1.2573969513800479e-03,
          3.0549308018629918e-03, -7.2911273573872523e-03,
          -5.1252577433306794e-03, 2.1602970753416225e-03,
          9.2698983396826959e-02, 1.7484161557537012e-03,
          3.5973916966211051e-04, 4.6536709904410351e-03,
          5.3976914930012679e-03, -1.9081928984675046e-03,
          -1.1255133102600210e-02, 4.4858932842918284e-05,
          1.5420802705491358e-03, 1.7484161557537001e-03,
          1.3437041328107656e-02, 7.3363175500377358e-04,
          2.9710917704832123e-03, 2.4074633817558586e-03,
          5.6510602544780652e-04, -3.8054390618813775e-03,
          3.3458232575338098e-03, 3.3136962919411528e-03,
          3.5973916966211029e-04, 7.3363175500377358e-04,
          8.9925328466986861e-03, -7.8919591509494721e-04,
          -1.8575763689670144e-03, 6.0049206370271562e-04,
          -5.5947264368953311e-03, -1.6081025320466409e-02,
          5.2411925655577079e-03, 4.6536709904410334e-03,
          2.9710917704832106e-03, -7.8919591509494711e-04,
          4.8916067403600140e-02, 1.7039218271550246e-02,
          -3.8721684723412595e-03, -1.0717297968234552e-02,
          -1.1798352737327166e-02, 1.2573969513800479e-03,
          5.3976914930012670e-03, 2.4074633817558586e-03,
          -1.8575763689670146e-03, 1.7039218271550246e-02,
          3.0530491805477560e-02, 3.4684159450285900e-03,
          -6.6178127946308419e-03, 1.3147891254631055e-04,
          3.0549308018629918e-03, -1.9081928984675041e-03,
          5.6510602544780609e-04, 6.0049206370271584e-04,
          -3.8721684723412582e-03, 3.4684159450285900e-03,
          8.3024282332290839e-02, -5.7620609088454228e-03,
          8.5774928980355452e-04, -7.2911273573872523e-03,
          -1.1255133102600208e-02, -3.8054390618813771e-03,
          -5.5947264368953337e-03, -1.0717297968234552e-02,
          -6.6178127946308419e-03, -5.7620609088454219e-03,
          1.2204878814122484e-01 ]
   - !!opencv-matrix
      rows: 9
      cols: 9
      dt: d
      data: [ 7.7253629000633905e-01, 4.7274489570757566e-01,
          5.0324761904386658e-02, 7.3343840714557452e-03,
          6.6791501630471178e-02, -1.1182995719785314e-02,
          2.3162667233871420e-02, 5.4661572022649775e-03,
          1.1044465957453324e-01, 4.7274489570757566e-01,
          1.0247819007495556e+00, 1.2414468457671290e-01,
          1.9150484627083092e-01, -6.4975067268578518e-02,
          3.7221137794269624e-02, 3.1897309891776061e-02,
          4.6489942133288248e-02, -1.0167882910713434e-01,
          5.0324761904386624e-02, 1.2414468457671290e-01,
          2.9974340664262855e-01, 3.1583111203356537e-02,
          -1.3960502416982382e-02, 5.1744435312895569e-02,
          -6.1292417760442849e-04, 9.3646169747287789e-02,
          2.7579499028079296e-02, 7.3343840714557461e-03,
          1.9150484627083092e-01, 3.1583111203356544e-02,
          2.7030164672535256e-01, -2.3978731452826467e-02,
          3.2849512912979183e-02, -1.8738850200266985e-02,
          6.2270888777824933e-02, -1.1055055066681134e-01,
          6.6791501630471178e-02, -6.4975067268578518e-02,
          -1.3960502416982391e-02, -2.3978731452826467e-02,
          1.9702126576745441e-01, 9.0949095621665425e-03,
          1.9070588785443987e-02, 1.4994807526502996e-02,
          1.6158904781655828e-01, -1.1182995719785312e-02,
          3.7221137794269624e-02, 5.1744435312895569e-02,
          3.2849512912979183e-02, 9.0949095621665442e-03,
          1.8429687563627892e-01, 1.7267225643237707e-02,
          6.2355569445324333e-02, 4.9661818717315273e-02,
          2.3162667233871403e-02, 3.1897309891776068e-02,
          -6.1292417760442828e-04, -1.8738850200266978e-02,
          1.9070588785443987e-02, 1.7267225643237707e-02,
          6.5475553751733362e-02, 7.6454519896594665e-03,
          4.4836183779089878e-02, 5.4661572022649835e-03,
          4.6489942133288234e-02, 9.3646169747287775e-02,
          6.2270888777824933e-02, 1.4994807526502996e-02,
          6.2355569445324326e-02, 7.6454519896594682e-03,
          2.3452605017206857e-01, 2.8776462602226108e-02,
          1.1044465957453324e-01, -1.0167882910713438e-01,
          2.7579499028079296e-02, -1.1055055066681137e-01,
          1.6158904781655828e-01, 4.9661818717315273e-02,
          4.4836183779089878e-02, 2.8776462602226112e-02,
          6.9238919855075354e-01 ]
   - !!opencv-matrix
      rows: 9
      cols: 9
      dt: d
      data: [ 5.0712366066322079e-01, 1.6591191714945541e-01,
          4.5473326001386184e-02, 6.0513273032980194e-02,
          4.1687581725687296e-02, 8.6463835767605315e-02,
          2.8607636010634062e-02, 6.4640890688027475e-02,
          4.0238518973103696e-02, 1.6591191714945538e-01,
          1.6193986321549703e-01, 4.8628028191558093e-02,
          5.2071974382826548e-02, -5.1178520350817431e-03,
          7.2843655336368496e-02, 3.7607115037937691e-02,
          4.8818065113647634e-02, 7.8509395925048894e-02,
          4.5473326001386184e-02, 4.8628028191558093e-02,
          1.0606873693893215e-01, 2.5525559169134925e-02,
          -2.5113895267151982e-02, 4.5948298311234287e-02,
          3.8158535413492199e-02, 2.5223135793116518e-02,
          5.9748628673451230e-02, 6.0513273032980194e-02,
          5.2071974382826548e-02, 2.5525559169134928e-02,
          5.3908466450471516e-02, 1.2273922963420451e-02,
          6.0780814313815705e-02, 1.0990554400751191e-02,
          2.5492482247081980e-02, 4.0436211826407033e-02,
          4.1687581725687303e-02, -5.1178520350817431e-03,
          -2.5113895267151985e-02, 1.2273922963420451e-02,
          1.5405120923637783e-01, 8.7498226221004970e-03,
