%YAML:1.0
---
groups:
   - intact
   - CD19
   - blast
intactGmmnames:
   - "intact.Bln086.0"
   - "intact.Bln086.1"
   - "intact.Bln086.2"
   - "intact.Bln086.3"
   - "intact.Bln086.4"
intactLabels:
   - FSC-A
   - SSC-A
   - CD20
   - CD10
   - CD45
   - CD34
   - SYTO41
   - CD19
   - CD38
intactMu: !!opencv-matrix
   rows: 5
   cols: 9
   dt: d
   data: [ 2.1916977175028185e+00, 1.6346565283938417e+00,
       1.0206879609160879e+00, 1.5397122708113340e+00,
       2.1096119725319347e+00, 1.2331412208749828e+00,
       1.7951801121496100e+00, 9.7260744178818248e-01,
       2.7280365645724767e+00, 3.0006676132839978e+00,
       2.5766176015035991e+00, 1.0047447724321963e+00,
       2.1200707158328149e+00, 1.9800257161809685e+00,
       1.2339869906589760e+00, 2.0434247751470589e+00,
       7.8023917849569380e-01, 2.4534391533571438e+00,
       1.1837975217874950e+00, 3.5168838992692103e-01,
       8.2891071594887011e-01, 8.9003954492915149e-01,
       2.3933318429386832e+00, 7.4857850755752331e-01,
       1.6061020201453644e+00, 6.8723839828118627e-01,
       2.2267817839325232e+00, 2.6911490972436840e+00,
       2.1986302541425586e+00, 1.0417253179302293e+00,
       2.1966283534631530e+00, 1.9606530077082318e+00,
       9.7890543389363904e-01, 2.0260245376680825e+00,
       8.4892655260312311e-01, 2.3724090479428868e+00,
       3.0920076534876553e+00, 2.2590871458175514e+00,
       9.9939889168372820e-01, 1.6558213268018867e+00,
       1.8340029464596370e+00, 1.0282445056236076e+00,
       1.8551164145442720e+00, 6.8010177615896972e-01,
       2.3351765744334081e+00 ]
intactSigma:
   - !!opencv-matrix
      rows: 9
      cols: 9
      dt: d
      data: [ 6.3931376724744804e-01, 4.4843218884637859e-01,
          2.6074122190332179e-02, 1.8276938527734404e-01,
          4.5196046887319832e-02, 3.0287090240734050e-02,
          5.4503009394953623e-02, 1.1192352696990402e-02,
          2.2219168250616584e-02, 4.4843218884637859e-01,
          7.3605009161968826e-01, -3.1751434427314637e-02,
          3.1865171382043678e-01, 6.4137831223899919e-02,
          -2.9640942471971146e-02, 3.1513865662867076e-02,
          -1.3147891029222081e-03, 4.4286074938062652e-03,
          2.6074122190332182e-02, -3.1751434427314630e-02,
          3.4123539173233541e-01, 6.2567294362869993e-02,
          5.1065590637080077e-03, 1.3746765920508058e-01,
          3.7539330464178896e-03, 1.3711069924901678e-01,
          -2.1161843732519319e-02, 1.8276938527734407e-01,
          3.1865171382043678e-01, 6.2567294362869993e-02,
          3.5278446188781637e-01, 2.6458596458038393e-02,
          1.9776765178687015e-02, 7.5441784045479111e-03,
          4.5687841629151127e-02, -6.0131585643568228e-02,
          4.5196046887319832e-02, 6.4137831223899947e-02,
          5.1065590637080042e-03, 2.6458596458038400e-02,
          2.6884313034066887e-01, 1.5338050821357575e-02,
          -2.8832774906441119e-02, 4.9807409045633355e-02,
          1.8258200383045295e-01, 3.0287090240734043e-02,
          -2.9640942471971132e-02, 1.3746765920508058e-01,
          1.9776765178687011e-02, 1.5338050821357575e-02,
          1.8315680323198999e-01, 1.9517160743632394e-02,
          7.2580181505699295e-02, 4.0647409809182827e-02,
          5.4503009394953630e-02, 3.1513865662867083e-02,
          3.7539330464178905e-03, 7.5441784045479111e-03,
          -2.8832774906441115e-02, 1.9517160743632394e-02,
          8.1643493921490548e-02, 5.9855761279686828e-03,
          -1.3890135917278624e-02, 1.1192352696990402e-02,
          -1.3147891029222088e-03, 1.3711069924901678e-01,
          4.5687841629151127e-02, 4.9807409045633355e-02,
          7.2580181505699309e-02, 5.9855761279686828e-03,
          1.9100513938636710e-01, 2.6430437703592172e-02,
          2.2219168250616598e-02, 4.4286074938062721e-03,
          -2.1161843732519319e-02, -6.0131585643568242e-02,
          1.8258200383045289e-01, 4.0647409809182827e-02,
          -1.3890135917278621e-02, 2.6430437703592172e-02,
          2.9949023061785407e-01 ]
   - !!opencv-matrix
      rows: 9
      cols: 9
      dt: d
      data: [ 4.4478305175818011e-01, 1.4844631954372653e-01,
          2.3356279729197675e-02, 1.4648027047111776e-02,
          1.5829754236514101e-03, 2.1173912915851262e-02,
          -1.4732587193516746e-02, 3.7870306302081277e-03,
          2.4561104388639989e-02, 1.4844631954372656e-01,
          3.5483229730371202e-01, 3.7626054614409168e-02,
          6.1225658567195293e-02, 2.0733829921362839e-02,
          3.2970407018997644e-02, -1.2835171093487406e-02,
          2.1603325231606834e-02, 4.2412174670935499e-02,
          2.3356279729197672e-02, 3.7626054614409168e-02,
          7.1017149394979842e-02, 8.2884840081172400e-03,
          4.8930414727186081e-03, 2.8619263675718379e-03,
          1.9530118857028439e-03, 9.4831712600478685e-04,
          1.7882569123494044e-03, 1.4648027047111782e-02,
          6.1225658567195300e-02, 8.2884840081172400e-03,
          9.5269363664729753e-02, 1.2481330335631821e-02,
          1.0141329396405017e-02, -6.6696103587394096e-04,
          3.6060182772039099e-03, 5.7620779124314117e-03,
          1.5829754236514101e-03, 2.0733829921362839e-02,
          4.8930414727186089e-03, 1.2481330335631823e-02,
          1.0784878691735630e-02, 3.7812419304049483e-03,
          1.8094654941919262e-03, 2.0261824705618894e-03,
          1.4736027646038627e-03, 2.1173912915851269e-02,
          3.2970407018997644e-02, 2.8619263675718374e-03,
          1.0141329396405017e-02, 3.7812419304049487e-03,
          3.2993197915009966e-02, 1.1395252943002538e-03,
          -9.3143063075927096e-03, 6.7192510038293456e-03,
          -1.4732587193516746e-02, -1.2835171093487410e-02,
          1.9530118857028443e-03, -6.6696103587394052e-04,
          1.8094654941919262e-03, 1.1395252943002540e-03,
          1.3861155714927719e-02, 9.7817456176514303e-05,
          -4.1898781189731622e-03, 3.7870306302081268e-03,
          2.1603325231606827e-02, 9.4831712600478599e-04,
          3.6060182772039108e-03, 2.0261824705618886e-03,
          -9.3143063075927131e-03, 9.7817456176514385e-05,
          1.1553698995222525e-01, 2.6895455155116640e-03,
          2.4561104388639989e-02, 4.2412174670935499e-02,
          1.7882569123494041e-03, 5.7620779124314117e-03,
          1.4736027646038627e-03, 6.7192510038293456e-03,
          -4.1898781189731614e-03, 2.6895455155116640e-03,
          3.0162206916698381e-02 ]
   - !!opencv-matrix
      rows: 9
      cols: 9
      dt: d
      data: [ 6.3643891572260178e-02, 1.0211287609406258e-02,
          1.0722236882394685e-02, 4.1993855843843467e-04,
          5.2280031338216418e-02, -5.7859345698555668e-03,
          -2.0731050076012801e-02, 6.8932723390866858e-04,
          3.7609695112401753e-02, 1.0211287609406256e-02,
          1.2118214008613340e-02, 3.2267870361042321e-03,
          1.1337519785741725e-03, 1.7113457816756886e-02,
          2.8388246810471152e-03, -5.0218871310029108e-03,
          1.6045692793550340e-03, 4.0666164975854568e-02,
          1.0722236882394681e-02, 3.2267870361042325e-03,
          1.6199654150368459e-01, 1.1220767993262782e-04,
          1.0339674303225998e-02, -3.2076561690502765e-03,
          2.1502482590312596e-03, -4.7202194269983837e-04,
          -4.3257046700614803e-02, 4.1993855843843456e-04,
          1.1337519785741725e-03, 1.1220767993262826e-04,
          8.3539018162947804e-03, 6.8689449969370673e-04,
          4.7495546224657717e-04, 1.6362757523787201e-03,
          6.4140203112734214e-04, 2.8502273395751600e-03,
          5.2280031338216425e-02, 1.7113457816756886e-02,
          1.0339674303226002e-02, 6.8689449969370662e-04,
          2.2443058378188466e-01, -1.5388143065023261e-02,
          -4.4090202276635057e-02, 5.5298090561808097e-04,
