%YAML:1.0
---
groups:
   - intact
   - CD19
   - blast
intactGmmnames:
   - "intact.Bln067.0"
   - "intact.Bln067.1"
   - "intact.Bln067.2"
   - "intact.Bln067.3"
   - "intact.Bln067.4"
intactLabels:
   - FSC-A
   - SSC-A
   - CD20
   - CD10
   - CD45
   - CD34
   - SYTO41
   - CD19
   - CD38
intactMu: !!opencv-matrix
   rows: 5
   cols: 9
   dt: d
   data: [ 1.1794432721383119e+00, 2.8068408896195579e-01,
       7.6859498525000103e-01, 8.8659596350272507e-01,
       1.4272258183627244e+00, 8.0021186547880252e-01,
       2.0481559356943335e+00, 6.3497915922981840e-01,
       1.7115448951790486e+00, 1.3382306124145507e+00,
       4.2820905004905518e-01, 7.7846856541427112e-01,
       8.9475625539744175e-01, 2.4166801387994483e+00,
       7.4513097166870568e-01, 2.1079091712303129e+00,
       6.9097696009882192e-01, 2.0108282579545702e+00,
       2.2043698169835371e+00, 1.0956307137254773e+00,
       1.1738280903172653e+00, 1.4129535736220145e+00,
       1.7681244569340202e+00, 1.3071923022813563e+00,
       2.1838519199024318e+00, 1.0090484410061595e+00,
       2.3565319177528821e+00, 1.2175685182943277e+00,
       2.6143352251041541e-01, 7.1698639821905985e-01,
       8.7380904625966715e-01, 2.3638285277015063e+00,
       7.3841560560003539e-01, 2.0474223051897265e+00,
       6.6914125848162975e-01, 2.2622122150802064e+00,
       3.3256107465693008e+00, 2.9289065321180026e+00,
       9.9124395791339182e-01, 1.6221362836442863e+00,
       1.6897556862169305e+00, 1.1468145140625394e+00,
       2.2138742852343474e+00, 7.8492658530722237e-01,
       2.5163323394438111e+00 ]
intactSigma:
   - !!opencv-matrix
      rows: 9
      cols: 9
      dt: d
      data: [ 1.2248309095704335e-01, 2.8802797567527520e-03,
          -8.0662397889090468e-03, -4.9848737690990283e-03,
          1.3435322192303017e-01, -3.5038508331349895e-02,
          -6.9120279958102465e-02, -1.4026024348135933e-02,
          3.5840841602690757e-02, 2.8802797567527533e-03,
          1.1711714464537580e-02, 4.0193620521524103e-03,
          1.7133732638307630e-03, -8.9984790246304975e-03,
          6.4434180781614558e-03, 7.5590581468075648e-03,
          -1.1576380827374377e-03, 1.6197252417447204e-02,
          -8.0662397889090468e-03, 4.0193620521524103e-03,
          4.5095038171582252e-02, 2.4134233028453955e-03,
          -3.0523023575595779e-02, 7.6211969335740915e-03,
          1.9310094026850185e-02, 5.3437353735809226e-04,
          -2.3159869278699518e-02, -4.9848737690990300e-03,
          1.7133732638307630e-03, 2.4134233028453955e-03,
          1.0755681770329751e-02, -1.6707395282031724e-02,
          7.4881913008704743e-03, 8.4846981859972824e-03,
          2.3880521375777473e-03, 4.4018199090407432e-03,
          1.3435322192303017e-01, -8.9984790246304975e-03,
          -3.0523023575595772e-02, -1.6707395282031724e-02,
          3.4289896058332553e-01, -9.3245874505934204e-02,
          -1.7939123780806751e-01, -3.5326738319375071e-02,
          7.5176982303705453e-02, -3.5038508331349888e-02,
          6.4434180781614532e-03, 7.6211969335740915e-03,
          7.4881913008704743e-03, -9.3245874505934204e-02,
          6.4041294970998655e-02, 6.4747053001369445e-02,
          1.6318829776834768e-03, 1.0985817211374520e-03,
          -6.9120279958102465e-02, 7.5590581468075657e-03,
          1.9310094026850185e-02, 8.4846981859972841e-03,
          -1.7939123780806754e-01, 6.4747053001369459e-02,
          1.4464272455710403e-01, 2.0495301131933465e-02,
          -1.6679557549687456e-02, -1.4026024348135931e-02,
          -1.1576380827374377e-03, 5.3437353735809193e-04,
          2.3880521375777477e-03, -3.5326738319375071e-02,
          1.6318829776834755e-03, 2.0495301131933461e-02,
          5.1773116270839900e-02, -9.8639115202915802e-03,
          3.5840841602690771e-02, 1.6197252417447204e-02,
          -2.3159869278699525e-02, 4.4018199090407432e-03,
          7.5176982303705453e-02, 1.0985817211374503e-03,
          -1.6679557549687460e-02, -9.8639115202915802e-03,
          2.8977402513588280e-01 ]
   - !!opencv-matrix
      rows: 9
      cols: 9
      dt: d
      data: [ 5.3286494302210621e-02, -8.0053217636723794e-04,
          -3.5574454098486456e-04, -1.9176019026691729e-04,
          -3.8210205734425353e-03, 2.3122280004830610e-03,
          1.0586775457572964e-03, 1.3815041459732668e-04,
          1.8769069372144471e-02, -8.0053217636723794e-04,
          1.3696564782190990e-02, -5.2497281649323285e-05,
          -3.7938907918058797e-04, 3.0924020476854530e-03,
          2.5747860113354017e-03, 3.2995562157236914e-03,
          5.8426860896617912e-04, 3.6293977697949724e-02,
          -3.5574454098486445e-04, -5.2497281649323285e-05,
          9.7324770253913659e-02, -5.7899962866294491e-04,
          -3.6417224503268371e-04, 2.0068443518629671e-04,
          -4.9956406442001055e-05, -3.2481401043022006e-03,
          -2.0107982297933438e-02, -1.9176019026691731e-04,
          -3.7938907918058797e-04, -5.7899962866294491e-04,
          8.7698038792178266e-03, 1.1625259146220790e-03,
          5.5786265694339520e-05, 9.9339569829865197e-04,
          7.0673623595118298e-04, -2.3252161929394346e-03,
          -3.8210205734425353e-03, 3.0924020476854521e-03,
          -3.6417224503268361e-04, 1.1625259146220794e-03,
          2.1121183750559373e-02, 5.3901476578551940e-04,
          3.3749527797426017e-03, 2.0389822248087310e-05,
          3.1718572987643523e-02, 2.3122280004830610e-03,
          2.5747860113354021e-03, 2.0068443518629723e-04,
          5.5786265694339425e-05, 5.3901476578551918e-04,
          3.4737163251183319e-02, 2.0717876706540122e-03,
          -3.6010178924700455e-03, 4.4075555266536372e-02,
          1.0586775457572964e-03, 3.2995562157236910e-03,
          -4.9956406442000682e-05, 9.9339569829865197e-04,
          3.3749527797426022e-03, 2.0717876706540118e-03,
          1.7409409655015230e-02, 2.0953489645950279e-03,
          3.4699578756927012e-03, 1.3815041459732644e-04,
          5.8426860896617912e-04, -3.2481401043022023e-03,
          7.0673623595118266e-04, 2.0389822248087351e-05,
          -3.6010178924700455e-03, 2.0953489645950288e-03,
          5.7036884213196498e-02, 9.4840390763825978e-03,
          1.8769069372144478e-02, 3.6293977697949724e-02,
          -2.0107982297933438e-02, -2.3252161929394337e-03,
          3.1718572987643523e-02, 4.4075555266536386e-02,
          3.4699578756927020e-03, 9.4840390763825926e-03,
          8.3082103056096612e-01 ]
   - !!opencv-matrix
      rows: 9
      cols: 9
      dt: d
      data: [ 1.0173120130359044e+00, 4.5848201106416714e-01,
          1.8601307766635944e-01, -7.1640691636123674e-02,
          2.0865799931928741e-01, 1.5522299294778422e-01,
          7.4326256597410059e-02, 9.8042702389978351e-02,
          1.7555485560024633e-01, 4.5848201106416725e-01,
          7.5504285561693008e-01, 1.1298693151167079e-01,
          6.4114352115211187e-02, 6.4366919451406990e-02,
          1.5651421867356360e-01, 4.7442568081039541e-03,
          1.1549611104222668e-01, 1.6543708407295979e-01,
          1.8601307766635944e-01, 1.1298693151167069e-01,
          4.4377037253884133e-01, 2.9834111005874547e-02,
          6.7474915174519465e-02, 1.3033630804972279e-01,
          -1.3992955045520403e-02, 2.0335647864992151e-01,
          5.5965213463756838e-02, -7.1640691636123674e-02,
          6.4114352115211187e-02, 2.9834111005874547e-02,
          2.7819634916380198e-01, -6.7100886955454497e-03,
          7.7686352416930185e-02, 2.0352681721336842e-02,
          6.0612622011783246e-02, 1.6693044340875379e-01,
          2.0865799931928747e-01, 6.4366919451406962e-02,
          6.7474915174519493e-02, -6.7100886955454462e-03,
          3.9250899635912578e-01, 4.5245174052863227e-02,
