%YAML:1.0
---
groups:
   - intact
   - CD19
   - blast
intactGmmnames:
   - "intact.Bln056.0"
   - "intact.Bln056.1"
   - "intact.Bln056.2"
   - "intact.Bln056.3"
   - "intact.Bln056.4"
intactLabels:
   - FSC-A
   - SSC-A
   - CD20
   - CD10
   - CD45
   - CD34
   - SYTO41
   - CD19
   - CD38
intactMu: !!opencv-matrix
   rows: 5
   cols: 9
   dt: d
   data: [ 3.0916624035746594e+00, 2.7391370755630824e+00,
       1.3974376022043964e+00, 1.1309191979890305e+00,
       1.6871540012046784e+00, 1.6063158624205125e+00,
       2.5444249493199078e+00, 1.0582074645102375e+00,
       2.7976126625420461e+00, 3.1397741244765527e+00,
       2.9706012165902616e+00, 1.1381599458007767e+00,
       1.9814557127216765e+00, 1.9508439986605870e+00,
       1.3566617950321407e+00, 2.4115066150614943e+00,
       1.0754789790630488e+00, 2.4933092800749215e+00,
       1.6853902886036314e+00, 1.0874614804421243e+00,
       1.0062549818728521e+00, 1.2610512728194332e+00,
       1.6402386313003992e+00, 1.4352383068425865e+00,
       2.5769697631457706e+00, 1.0327241221903753e+00,
       2.8704323497773743e+00, 1.2043515349452127e+00,
       4.0217170368132377e-01, 7.6349348706392262e-01,
       8.9284991068320185e-01, 2.6541778018436468e+00,
       8.2421400187375715e-01, 2.4201022010587492e+00,
       8.7821760925070125e-01, 2.3978535782260963e+00,
       3.1266455968429634e+00, 3.1995278164473762e+00,
       1.3524225632944471e+00, 2.3721984493938506e+00,
       2.0855925158146009e+00, 1.5953567318633302e+00,
       2.5443181885458843e+00, 1.0898036946891039e+00,
       2.5255431157905051e+00 ]
intactSigma:
   - !!opencv-matrix
      rows: 9
      cols: 9
      dt: d
      data: [ 2.7704902825037286e-01, 2.5911818873093662e-01,
          3.5728642275682912e-02, 2.5874225087717678e-02,
          2.5878117058011081e-02, 2.7149359172215778e-02,
          9.3781645186126750e-03, 1.5351707051160471e-02,
          2.4885442183490293e-02, 2.5911818873093662e-01,
          4.8037112524557768e-01, 4.5153622204649399e-02,
          4.5830309054448515e-02, 4.1855547394233805e-02,
          3.5406397565762429e-02, 1.3175945823931064e-02,
          2.4183882432433253e-02, 5.1328669325508142e-02,
          3.5728642275682912e-02, 4.5153622204649399e-02,
          5.4710538357623018e-02, 9.3758099396283618e-03,
          5.1348459979965420e-03, 1.9483299946623022e-02,
          4.7661426179116811e-03, 2.5157939911355782e-03,
          3.8242357238432384e-03, 2.5874225087717681e-02,
          4.5830309054448515e-02, 9.3758099396283618e-03,
          2.4215254600397477e-02, 9.0986100284911140e-03,
          6.8167749257760837e-03, 2.0970404291385490e-03,
          4.1472741764522446e-03, 3.5437248560237001e-03,
          2.5878117058011074e-02, 4.1855547394233805e-02,
          5.1348459979965412e-03, 9.0986100284911157e-03,
          2.1198670477368436e-02, 4.7195699299176453e-03,
          -1.9022161750349611e-03, 3.1304953867434286e-03,
          -7.7061653869374674e-03, 2.7149359172215778e-02,
          3.5406397565762429e-02, 1.9483299946623022e-02,
          6.8167749257760819e-03, 4.7195699299176453e-03,
          2.8807019904201533e-02, 4.7134160366641151e-03,
          2.1558410487876774e-03, 4.3955285637571253e-03,
          9.3781645186126750e-03, 1.3175945823931060e-02,
          4.7661426179116829e-03, 2.0970404291385486e-03,
          -1.9022161750349611e-03, 4.7134160366641151e-03,
          6.3948163763127164e-03, 3.4862401143023933e-03,
          7.1318955335425566e-03, 1.5351707051160466e-02,
          2.4183882432433253e-02, 2.5157939911355791e-03,
          4.1472741764522454e-03, 3.1304953867434290e-03,
          2.1558410487876761e-03, 3.4862401143023933e-03,
          1.2856804449674553e-01, 5.5001858016069487e-03,
          2.4885442183490293e-02, 5.1328669325508142e-02,
          3.8242357238432393e-03, 3.5437248560237001e-03,
          -7.7061653869374674e-03, 4.3955285637571253e-03,
          7.1318955335425566e-03, 5.5001858016069487e-03,
          4.1673109372966068e-02 ]
   - !!opencv-matrix
      rows: 9
      cols: 9
      dt: d
      data: [ 2.8781605449606584e-01, 1.7632587634333255e-01,
          9.5587488088749589e-03, -1.4088432504489360e-02,
          6.0959871739722313e-03, 1.5298952021113610e-02,
          6.0244095073185618e-03, 1.3638424494697656e-02,
          3.1556346387688249e-02, 1.7632587634333255e-01,
          4.2418002871435140e-01, 1.1311241263911127e-02,
          8.9312425554891231e-02, 4.6448492311993175e-02,
          2.8977172535398988e-02, 7.3703710675277504e-03,
          3.3283506939624626e-02, 4.8684534373762453e-02,
          9.5587488088749589e-03, 1.1311241263911127e-02,
          8.5603125265129851e-02, -8.5817131726022133e-03,
          -1.3572372249347417e-03, 2.6630389548702995e-03,
          -7.9236634877319822e-04, -9.7801030870569303e-04,
          -1.3186823118403572e-03, -1.4088432504489363e-02,
          8.9312425554891231e-02, -8.5817131726022185e-03,
          2.8792216142347954e-01, 9.3316900376704995e-02,
          -2.9560774443150181e-02, 9.1663311912105576e-03,
          2.2674148430499773e-02, -3.4500577196122865e-02,
          6.0959871739722279e-03, 4.6448492311993175e-02,
          -1.3572372249347417e-03, 9.3316900376704995e-02,
          4.8360869764132730e-02, -5.1545389574317192e-03,
          1.1187354913281516e-02, 1.4164303259726896e-02,
          -5.6237133516072613e-03, 1.5298952021113615e-02,
          2.8977172535398995e-02, 2.6630389548703008e-03,
          -2.9560774443150181e-02, -5.1545389574317192e-03,
          6.5813692227020368e-02, 6.2995488610708330e-03,
          5.1378105464648348e-03, 1.4578647781313306e-02,
          6.0244095073185592e-03, 7.3703710675277487e-03,
          -7.9236634877319812e-04, 9.1663311912105593e-03,
          1.1187354913281520e-02, 6.2995488610708330e-03,
          2.1730341059913390e-02, 1.2160991377371507e-02,
          9.7912846389219370e-03, 1.3638424494697656e-02,
          3.3283506939624612e-02, -9.7801030870569195e-04,
          2.2674148430499773e-02, 1.4164303259726892e-02,
          5.1378105464648339e-03, 1.2160991377371507e-02,
          9.8143844604857783e-02, 6.9783762221029182e-03,
          3.1556346387688249e-02, 4.8684534373762453e-02,
          -1.3186823118403583e-03, -3.4500577196122865e-02,
          -5.6237133516072613e-03, 1.4578647781313306e-02,
          9.7912846389219352e-03, 6.9783762221029182e-03,
          4.5075280398886503e-02 ]
   - !!opencv-matrix
      rows: 9
      cols: 9
      dt: d
      data: [ 6.5546631894284557e-01, 5.4976813728322516e-01,
          1.4256951960797190e-01, 1.4436791208013991e-01,
          3.0407111955272986e-01, 1.2941273342833676e-01,
          5.8910346941948834e-02, 1.2354924877991441e-01,
          1.2821746513152171e-01, 5.4976813728322516e-01,
          8.5726149129627249e-01, 1.6005378097363254e-01,
          1.7433118734736480e-01, 3.1759279185887346e-01,
          1.8118002820682086e-01, 5.0133842536357852e-02,
          1.4347820280019460e-01, 1.9615525748431245e-01,
          1.4256951960797190e-01, 1.6005378097363254e-01,
          3.1176141868958179e-01, 9.7553398124220050e-02,
          5.9008679652401461e-02, 9.2126599976352946e-02,
          2.9951792168020842e-02, 1.2379480751339074e-01,
          -6.9469503228932793e-03, 1.4436791208013994e-01,
          1.7433118734736480e-01, 9.7553398124220050e-02,
          1.9418645190518544e-01, 3.2345818782798852e-02,
          6.7822597145174482e-02, 2.1835925505475945e-02,
          6.8648693137855696e-02, -2.5651948307781761e-03,
          3.0407111955272986e-01, 3.1759279185887346e-01,
          5.9008679652401461e-02, 3.2345818782798852e-02,
          4.2866467678197129e-01, 1.1967282667360708e-01,
          1.1993392891874498e-02, 9.0287865123884023e-02,
