%YAML:1.0
---
groups:
   - intact
   - CD19
   - blast
intactGmmnames:
   - "intact.Bln070.0"
   - "intact.Bln070.1"
   - "intact.Bln070.2"
   - "intact.Bln070.3"
   - "intact.Bln070.4"
intactLabels:
   - FSC-A
   - SSC-A
   - CD20
   - CD10
   - CD45
   - CD34
   - SYTO41
   - CD19
   - CD38
intactMu: !!opencv-matrix
   rows: 5
   cols: 9
   dt: d
   data: [ 1.5301763757317761e+00, 3.7119773809846207e-01,
       9.7284562408706488e-01, 9.7066211881105480e-01,
       2.4577795831270510e+00, 7.6086835187968305e-01,
       2.7448073944234781e+00, 9.2417426525312685e-01,
       2.4907285573540197e+00, 3.4832890572200794e+00,
       2.5170583880774409e+00, 1.4268319627469852e+00,
       1.9942359334752919e+00, 2.1054203710035431e+00,
       1.4358214344541740e+00, 2.8020793933218813e+00,
       1.4017950082233845e+00, 2.6812446708466702e+00,
       1.6461311618334338e+00, 7.9137936382130525e-01,
       1.1232155988390202e+00, 1.3159366954802125e+00,
       9.2958012849253402e-01, 1.2388379608506530e+00,
       3.0800559850893170e+00, 1.0740933885784774e+00,
       2.5561967436302511e+00, 2.3434516175022164e+00,
       1.1818686791741777e+00, 1.6248623174098804e+00,
       1.7083822188119380e+00, 1.6749622803591466e+00,
       1.4624192359526327e+00, 2.9609971492759311e+00,
       1.5126495869487875e+00, 2.9335076349146583e+00,
       1.3078906379477646e+00, 2.4832362654060494e-01,
       7.6031014029536670e-01, 9.0035433400007803e-01,
       2.3810120204991789e+00, 7.8379391539898702e-01,
       2.7651098391995332e+00, 8.0048026359146840e-01,
       2.7094037653661300e+00 ]
intactSigma:
   - !!opencv-matrix
      rows: 9
      cols: 9
      dt: d
      data: [ 8.6388202217505733e-02, 9.5496003452562959e-03,
          -9.2694705678797364e-03, -5.4980279529783585e-03,
          1.2120988863721510e-02, -2.6341716194407416e-03,
          1.0633731352468473e-02, -9.0111650139184547e-03,
          2.4554300662327902e-02, 9.5496003452562959e-03,
          1.2717744739793884e-02, -4.6544377986756985e-03,
          -4.3370447687744983e-04, 1.2596093511275649e-02,
          2.6013308779848756e-03, 7.5754894397628584e-03,
          -2.9663010640204207e-03, 2.9387073994365562e-02,
          -9.2694705678797330e-03, -4.6544377986756985e-03,
          2.2887902240918823e-01, 2.8281378483116071e-02,
          4.8241853720174454e-03, 4.2845371373377199e-03,
          4.1088721781719420e-03, 6.5562528168296941e-02,
          3.3347075507036479e-02, -5.4980279529783594e-03,
          -4.3370447687745032e-04, 2.8281378483116071e-02,
          2.7105729170187259e-02, 3.8205076729830967e-03,
          1.3382154223027577e-03, 3.6061517027612660e-03,
          2.3155961265685011e-02, 4.3439653822893061e-03,
          1.2120988863721510e-02, 1.2596093511275651e-02,
          4.8241853720174463e-03, 3.8205076729830967e-03,
          3.2179702208227107e-02, 4.6023067278875051e-03,
          1.3878854853943554e-02, 3.8815792355566562e-03,
          4.6005707702261291e-02, -2.6341716194407416e-03,
          2.6013308779848756e-03, 4.2845371373377216e-03,
          1.3382154223027579e-03, 4.6023067278875042e-03,
          3.6122357488444189e-02, 5.2889145809761470e-03,
          1.0725628958874019e-04, 2.2815595545910325e-02,
          1.0633731352468473e-02, 7.5754894397628567e-03,
          4.1088721781719420e-03, 3.6061517027612660e-03,
          1.3878854853943554e-02, 5.2889145809761470e-03,
          2.0121379413215550e-02, 4.3832193005492268e-03,
          6.0891558469210053e-03, -9.0111650139184547e-03,
          -2.9663010640204207e-03, 6.5562528168296941e-02,
          2.3155961265685018e-02, 3.8815792355566562e-03,
          1.0725628958874014e-04, 4.3832193005492268e-03,
          1.2065550962073802e-01, 2.1291673267415202e-02,
          2.4554300662327899e-02, 2.9387073994365565e-02,
          3.3347075507036479e-02, 4.3439653822893035e-03,
          4.6005707702261291e-02, 2.2815595545910325e-02,
          6.0891558469210070e-03, 2.1291673267415195e-02,
          5.7935482971533447e-01 ]
   - !!opencv-matrix
      rows: 9
      cols: 9
      dt: d
      data: [ 3.1693829705765914e-01, 1.8442874837319673e-01,
          4.4102895918506420e-02, 6.4720769862633296e-02,
          4.0967883977669040e-02, 3.5579752828004629e-02,
          5.5354102005237115e-03, 5.7138237701109339e-02,
          1.2241245922921104e-02, 1.8442874837319673e-01,
          3.6481454707775368e-01, 4.5991612555508571e-02,
          1.0310455954862442e-01, 5.3424268364113500e-02,
          5.0987859669450609e-02, 1.3563810177857459e-02,
          5.5898589223022904e-02, 4.8583466406228029e-02,
          4.4102895918506427e-02, 4.5991612555508571e-02,
          1.2790009896466550e-01, 7.0960133964792213e-02,
          2.8866163448533690e-02, 3.4512949353089753e-02,
          1.1230449104000711e-02, 1.0509004593857359e-01,
          9.7901668010690942e-03, 6.4720769862633296e-02,
          1.0310455954862442e-01, 7.0960133964792213e-02,
          4.1347769854507466e-01, 1.4531322277777953e-01,
          3.6779401523263346e-02, -3.3750238644758034e-03,
          1.5225876098800797e-01, -8.0905021621883108e-02,
          4.0967883977669026e-02, 5.3424268364113493e-02,
          2.8866163448533690e-02, 1.4531322277777955e-01,
          7.2877077156021416e-02, 2.1345820222707163e-02,
          -8.6903090773231544e-04, 6.8848572114063505e-02,
          -3.3118404711159732e-02, 3.5579752828004629e-02,
          5.0987859669450609e-02, 3.4512949353089753e-02,
          3.6779401523263359e-02, 2.1345820222707163e-02,
          6.5840301148448285e-02, 1.0991655836204935e-02,
          3.6533866811357028e-02, 6.6783753349123490e-03,
          5.5354102005237106e-03, 1.3563810177857459e-02,
          1.1230449104000711e-02, -3.3750238644758039e-03,
          -8.6903090773231490e-04, 1.0991655836204933e-02,
          1.3851069755094734e-02, 6.5891177466828373e-03,
          1.3852885730304991e-02, 5.7138237701109339e-02,
          5.5898589223022911e-02, 1.0509004593857359e-01,
          1.5225876098800797e-01, 6.8848572114063505e-02,
          3.6533866811357028e-02, 6.5891177466828356e-03,
          2.3281418989349378e-01, -1.5944435496404872e-02,
          1.2241245922921107e-02, 4.8583466406228029e-02,
          9.7901668010690925e-03, -8.0905021621883108e-02,
          -3.3118404711159732e-02, 6.6783753349123490e-03,
          1.3852885730304991e-02, -1.5944435496404872e-02,
          1.0304585991542740e-01 ]
   - !!opencv-matrix
      rows: 9
      cols: 9
      dt: d
      data: [ 3.0850042856383164e-01, 1.3177711161928404e-01,
          5.4987202508130509e-02, 7.5639686117146859e-02,
          5.6332678085327548e-02, 1.9097527767370184e-02,
          3.3546628861405720e-02, 5.5112979545997726e-02,
          1.3483595496238865e-01, 1.3177711161928404e-01,
          1.0082997381988193e-01, 4.9975457052374300e-02,
          6.6920908830328890e-02, 4.3166420269283821e-02,
          3.0617138665149285e-02, 2.6778096945484650e-02,
          4.5702240933039838e-02, 1.1476094478830436e-01,
          5.4987202508130516e-02, 4.9975457052374286e-02,
          1.4094753785491065e-01, 6.9233379678785845e-02,
          2.7783962717473736e-02, 3.0287963038074250e-02,
          1.9539907229256869e-02, 7.3421234985851611e-02,
          8.8907898453139497e-02, 7.5639686117146859e-02,
          6.6920908830328904e-02, 6.9233379678785845e-02,
          1.2036167039763948e-01, 3.9956914094792691e-02,
          2.7351976973768243e-02, 1.5557867081899261e-02,
          6.9341076066428239e-02, 1.0936879863177701e-01,
          5.6332678085327548e-02, 4.3166420269283808e-02,
          2.7783962717473742e-02, 3.9956914094792691e-02,
          7.1419385924071280e-02, -3.9962503288691774e-03,
          -1.4743906703994855e-02, 3.4127290352867920e-02,
