%YAML:1.0
---
groups:
   - intact
   - CD19
   - blast
intactGmmnames:
   - "intact.Bln085.0"
   - "intact.Bln085.1"
   - "intact.Bln085.2"
   - "intact.Bln085.3"
   - "intact.Bln085.4"
intactLabels:
   - FSC-A
   - SSC-A
   - CD20
   - CD10
   - CD45
   - CD34
   - SYTO41
   - CD19
   - CD38
intactMu: !!opencv-matrix
   rows: 5
   cols: 9
   dt: d
   data: [ 1.0850271662813102e+00, 2.5763668669488771e-01,
       8.0449430873218364e-01, 8.8853056113847362e-01,
       2.3894970327604019e+00, 8.4027985309294873e-01,
       1.9830876904960659e+00, 7.2698676131623985e-01,
       2.3636686964567719e+00, 2.9039246304236044e+00,
       2.7084219723339702e+00, 1.1785323177257436e+00,
       2.0989538973714268e+00, 1.9802706010147582e+00,
       1.1096968953780955e+00, 2.0090297503311603e+00,
       9.3147708983162991e-01, 2.4426247164454655e+00,
       2.0722631559346718e+00, 8.8732782201025118e-01,
       1.1169200289473333e+00, 1.1626215148004619e+00,
       2.1210607567473736e+00, 1.4292687984147070e+00,
       2.0282824079607571e+00, 9.0626999485690696e-01,
       2.6555919732852855e+00, 1.1156978034211358e+00,
       3.3678572480536073e-01, 7.9020688376099479e-01,
       8.9093788748192049e-01, 9.2055186388485077e-01,
       1.0256254534306453e+00, 1.9885380502396863e+00,
       6.8564269453401228e-01, 1.5088465870261292e+00,
       2.9195395712049086e+00, 3.0801678946901792e+00,
       1.2233537920656241e+00, 2.4676870907695609e+00,
       2.1173300092999923e+00, 1.3705492872495828e+00,
       1.9855533296899097e+00, 9.4083953450015012e-01,
       2.5158876323016583e+00 ]
intactSigma:
   - !!opencv-matrix
      rows: 9
      cols: 9
      dt: d
      data: [ 7.7785050232973094e-02, 9.2023710406825710e-03,
          3.2458502348337747e-04, -8.2618509457747498e-04,
          5.9680903292742083e-03, -5.8257748434327227e-03,
          -1.5578482548258110e-02, 2.2541415123475067e-03,
          -2.7937993243158935e-02, 9.2023710406825693e-03,
          6.7278344624127342e-03, 2.3309065795296098e-03,
          4.6992961251996580e-04, 4.0240512472386834e-03,
          3.8321200212714638e-03, -1.4013319299661605e-03,
          1.4444093572811125e-03, 9.0737090310884520e-04,
          3.2458502348337774e-04, 2.3309065795296098e-03,
          8.1958410856676864e-02, 4.0354705109361272e-04,
          2.1109354366333597e-03, 2.3155736371113698e-03,
          3.8534509920420119e-03, -3.1705716947587455e-05,
          -1.2038184167834049e-02, -8.2618509457747487e-04,
          4.6992961251996574e-04, 4.0354705109361299e-04,
          6.7323489010065237e-03, 1.6804531696122591e-03,
          1.4915277336181596e-03, 1.7542866370239653e-03,
          6.7075082256754990e-04, -9.6182022688220167e-04,
          5.9680903292742091e-03, 4.0240512472386834e-03,
          2.1109354366333597e-03, 1.6804531696122591e-03,
          1.3995642819227942e-02, 3.5713401533237579e-03,
          4.3348545304644163e-03, 1.8609931456808077e-03,
          8.5992399536016124e-03, -5.8257748434327253e-03,
          3.8321200212714647e-03, 2.3155736371113689e-03,
          1.4915277336181596e-03, 3.5713401533237583e-03,
          4.6710910444593308e-02, 1.3109291880821423e-02,
          -2.9483361509024522e-03, 1.1895173507980313e-02,
          -1.5578482548258107e-02, -1.4013319299661605e-03,
          3.8534509920420119e-03, 1.7542866370239653e-03,
          4.3348545304644163e-03, 1.3109291880821423e-02,
          2.5933072579873619e-02, 2.1630567438034546e-03,
          2.5554907826795259e-03, 2.2541415123475054e-03,
          1.4444093572811123e-03, -3.1705716947587712e-05,
          6.7075082256754990e-04, 1.8609931456808077e-03,
          -2.9483361509024522e-03, 2.1630567438034546e-03,
          6.6338028154801096e-02, 9.7172467897952222e-04,
          -2.7937993243158935e-02, 9.0737090310884520e-04,
          -1.2038184167834051e-02, -9.6182022688220134e-04,
          8.5992399536016090e-03, 1.1895173507980313e-02,
          2.5554907826795268e-03, 9.7172467897952309e-04,
          3.6574763407475863e-01 ]
   - !!opencv-matrix
      rows: 9
      cols: 9
      dt: d
      data: [ 3.7168224785200599e-01, 1.7261087405390169e-01,
          1.8183396154825619e-02, -1.1011313585563232e-02,
          9.0999487935825348e-03, 4.1992769490407020e-02,
          3.5977668681246781e-03, 5.8182822820145004e-03,
          2.3306977535296102e-02, 1.7261087405390169e-01,
          3.1448305709148161e-01, 3.0121802527812228e-02,
          3.9625130844658948e-02, 2.3516186932542073e-02,
          3.3186674715784639e-02, -2.4470901766679041e-03,
          2.2577988579521105e-02, 4.1672890084607180e-02,
          1.8183396154825619e-02, 3.0121802527812228e-02,
          5.1549126759484663e-02, 9.5239548966265797e-03,
          3.6661236072650463e-03, 1.9389392300187235e-02,
          1.2691527142839254e-02, 4.9975361004565514e-03,
          1.4841800684703102e-02, -1.1011313585563225e-02,
          3.9625130844658948e-02, 9.5239548966265797e-03,
          2.0857297177233791e-01, 3.6357481336022804e-02,
          -4.6221985804550267e-02, 5.1542637556097528e-03,
          3.2674089985366306e-02, -8.7037685217722599e-04,
          9.0999487935825366e-03, 2.3516186932542073e-02,
          3.6661236072650463e-03, 3.6357481336022804e-02,
          3.9074381710205101e-02, -7.3807744583214256e-03,
          -3.2477691952829059e-03, 1.2723314072097706e-02,
          7.5164694537926426e-04, 4.1992769490407020e-02,
          3.3186674715784632e-02, 1.9389392300187231e-02,
          -4.6221985804550274e-02, -7.3807744583214239e-03,
          1.1321032960262847e-01, 2.8401004906615047e-02,
          -7.4417169825331288e-03, 2.8428199145504911e-02,
          3.5977668681246794e-03, -2.4470901766679063e-03,
          1.2691527142839254e-02, 5.1542637556097528e-03,
          -3.2477691952829059e-03, 2.8401004906615047e-02,
          4.3746712295588887e-02, 4.8805934873243466e-03,
          2.1160154687222061e-02, 5.8182822820145004e-03,
          2.2577988579521108e-02, 4.9975361004565566e-03,
          3.2674089985366306e-02, 1.2723314072097706e-02,
          -7.4417169825331288e-03, 4.8805934873243475e-03,
          1.0350729567618988e-01, 8.1878424406490007e-03,
          2.3306977535296102e-02, 4.1672890084607180e-02,
          1.4841800684703104e-02, -8.7037685217722436e-04,
          7.5164694537926437e-04, 2.8428199145504915e-02,
          2.1160154687222058e-02, 8.1878424406490007e-03,
          4.9710945471267864e-02 ]
   - !!opencv-matrix
      rows: 9
      cols: 9
      dt: d
      data: [ 7.6918243410773601e-01, 3.6710705923062636e-01,
          9.6365571984813811e-02, 5.1983412603004361e-02,
          6.7064409607277636e-02, 1.3852110459004535e-01,
          4.3718502533221695e-02, 4.7516273071078738e-02,
          1.0594980879581069e-01, 3.6710705923062636e-01,
          4.4163984287800923e-01, 8.2313310608073148e-02,
          9.1525230469709409e-02, 1.5470922413612814e-02,
          1.0975625794152363e-01, 1.0200769020272954e-02,
          5.6595700535717240e-02, 1.0514528713303656e-01,
          9.6365571984813797e-02, 8.2313310608073148e-02,
          2.9064526339464025e-01, 4.1422761215165353e-02,
          6.9783674862766839e-03, 7.9922735262219533e-02,
          -5.2232550348903072e-03, 9.2209677748786703e-02,
          -7.8660002575971291e-03, 5.1983412603004354e-02,
          9.1525230469709437e-02, 4.1422761215165346e-02,
          2.0282924898011115e-01, -1.5815202157116140e-02,
          8.0256975755361656e-02, 5.9565753106500113e-03,
          6.6459127990198263e-02, -7.6821656638363170e-02,
          6.7064409607277636e-02, 1.5470922413612821e-02,
          6.9783674862766857e-03, -1.5815202157116133e-02,
          3.1482482974809406e-01, 1.7051643722467664e-02,
          1.0396774744259556e-02, 2.9743791336297686e-02,
