%YAML:1.0
---
groups:
   - intact
   - CD19
intactGmmnames:
   - "intact.Bln030.0"
   - "intact.Bln030.1"
   - "intact.Bln030.2"
   - "intact.Bln030.3"
   - "intact.Bln030.4"
intactLabels:
   - FSC-A
   - SSC-A
   - CD20
   - CD10
   - CD45
   - CD34
   - SYTO41
   - CD19
   - CD38
intactMu: !!opencv-matrix
   rows: 5
   cols: 9
   dt: d
   data: [ 6.2632196154318798e-01, 4.1280660649410356e-01,
       5.2645511678883328e-01, 7.1122835226434455e-01,
       7.3606041975987124e-01, 6.3628909997273642e-01,
       2.9933138432535533e+00, 5.3643872906444279e-01,
       8.6592492038702751e-01, 7.9261263690537542e-01,
       3.1905948070646761e-01, 5.2820018952921233e-01,
       7.0631061467043832e-01, 2.3310250978518199e+00,
       6.1050816097542127e-01, 2.8290555942700779e+00,
       5.4580488675530503e-01, 1.8488614091237032e+00,
       1.1050660100116305e+00, 7.8039219156848716e-01,
       5.4072944241993071e-01, 7.5919464150597837e-01,
       7.6699218276145875e-01, 7.3830648889347172e-01,
       3.0576255391817866e+00, 5.5197723815432187e-01,
       1.1942164110668854e+00, 2.1427630937977007e+00,
       2.0745532391155730e+00, 6.8942786190648919e-01,
       1.3904951729966937e+00, 1.7213310773085531e+00,
       9.9928767768323423e-01, 2.6619314863457535e+00,
       6.4844873026936634e-01, 1.9193754189719454e+00,
       1.8297865085832443e+00, 1.2971165360765635e+00,
       6.4081468506061479e-01, 8.1995598980050033e-01,
       1.5918937695497504e+00, 8.2344786546802773e-01,
       2.9542673183602552e+00, 5.6716728705931119e-01,
       2.3770065520592665e+00 ]
intactSigma:
   - !!opencv-matrix
      rows: 9
      cols: 9
      dt: d
      data: [ 2.7479972811797364e-02, 7.2112800394243011e-03,
          5.4593570512403870e-06, 9.5828352642480369e-04,
          2.0508325751148028e-03, 1.8553206091975313e-03,
          -3.6505864155482932e-03, 7.4390800506765229e-05,
          9.9030110188651453e-03, 7.2112800394243011e-03,
          1.3487334715830052e-02, 8.4525761902189405e-05,
          1.8341398416447459e-03, -1.8429804801633435e-03,
          2.4719943530616272e-03, 5.7800906648824910e-03,
          2.2577592469128565e-04, 1.1883267420799027e-02,
          5.4593570512403464e-06, 8.4525761902189445e-05,
          2.3840364769674841e-03, 7.1422863784473752e-05,
          -1.7016046670319685e-04, -1.9658550088644892e-04,
          2.4854315557152208e-04, -3.2398972381278668e-04,
          -7.3787160721859786e-04, 9.5828352642480380e-04,
          1.8341398416447455e-03, 7.1422863784473752e-05,
          5.5842996828383232e-03, -8.8048081572471889e-04,
          4.3008449458441358e-04, 1.3352856088105203e-03,
          1.4254179022711962e-04, 2.2444624663053151e-03,
          2.0508325751148024e-03, -1.8429804801633437e-03,
          -1.7016046670319691e-04, -8.8048081572471889e-04,
          9.5599872981672156e-03, -1.2258159845321805e-03,
          -1.3359311859136273e-02, -3.1916642726851946e-04,
          -2.1271195239664625e-03, 1.8553206091975307e-03,
          2.4719943530616276e-03, -1.9658550088644884e-04,
          4.3008449458441358e-04, -1.2258159845321803e-03,
          5.1436928563492407e-03, 2.3797016699813643e-03,
          -7.8547296279075679e-04, 3.9268450202224721e-03,
          -3.6505864155482945e-03, 5.7800906648824918e-03,
          2.4854315557152219e-04, 1.3352856088105207e-03,
          -1.3359311859136278e-02, 2.3797016699813648e-03,
          2.5270155195601416e-02, 2.3661770658642826e-04,
          6.0077210667917741e-03, 7.4390800506765243e-05,
          2.2577592469128565e-04, -3.2398972381278668e-04,
          1.4254179022711962e-04, -3.1916642726851930e-04,
          -7.8547296279075690e-04, 2.3661770658642826e-04,
          5.3562954231392091e-03, -1.0111067762669882e-04,
          9.9030110188651453e-03, 1.1883267420799027e-02,
          -7.3787160721859796e-04, 2.2444624663053151e-03,
          -2.1271195239664625e-03, 3.9268450202224713e-03,
          6.0077210667917741e-03, -1.0111067762669854e-04,
          4.5594628625991604e-02 ]
   - !!opencv-matrix
      rows: 9
      cols: 9
      dt: d
      data: [ 1.1281372562379532e-01, 1.4173143763163030e-02,
          -1.1165206577398272e-03, -2.3777509971578497e-04,
          9.4386047856711754e-03, -1.1914984464294731e-02,
          -6.7824837442037850e-02, -2.1232867196490689e-03,
          -2.8457174912619437e-02, 1.4173143763163030e-02,
          8.1659669821106031e-03, 1.7680373648282558e-04,
          7.7914435078935607e-04, 5.1434919426815761e-03,
          -6.3943022189714022e-05, -7.2346714292363754e-03,
          2.7222709456053236e-04, -4.8506906912405192e-03,
          -1.1165206577398272e-03, 1.7680373648282550e-04,
          5.7780065034389932e-03, 3.5118292029694099e-05,
          3.2893244046904257e-04, 3.3072853956147695e-04,
          1.5920652347094181e-03, -3.1809921424154781e-04,
          -1.0976174570497428e-03, -2.3777509971578497e-04,
          7.7914435078935607e-04, 3.5118292029694099e-05,
          2.6193489026018102e-03, 9.5102614977600225e-04,
          4.1762414236227075e-04, 1.1397823683196081e-03,
          1.1277905418656410e-04, 3.7447215654123840e-04,
          9.4386047856711754e-03, 5.1434919426815761e-03,
          3.2893244046904263e-04, 9.5102614977600193e-04,
          1.4885852365673816e-02, 7.5902551737441250e-04,
          -2.1199670887275990e-03, 2.2154297202824476e-04,
          9.8250442662082636e-03, -1.1914984464294733e-02,
          -6.3943022189713941e-05, 3.3072853956147695e-04,
          4.1762414236227075e-04, 7.5902551737441250e-04,
          6.3791552359129550e-03, 1.0893004820280440e-02,
          2.9793071943601461e-05, 2.4967016209737208e-03,
          -6.7824837442037836e-02, -7.2346714292363754e-03,
          1.5920652347094185e-03, 1.1397823683196083e-03,
          -2.1199670887275994e-03, 1.0893004820280440e-02,
          6.8042339973013372e-02, 1.8708268267239366e-03,
          1.0890387327965994e-02, -2.1232867196490693e-03,
          2.7222709456053236e-04, -3.1809921424154786e-04,
          1.1277905418656403e-04, 2.2154297202824476e-04,
          2.9793071943601447e-05, 1.8708268267239366e-03,
          5.9836447558960946e-03, -4.4288665938186128e-06,
          -2.8457174912619437e-02, -4.8506906912405209e-03,
          -1.0976174570497431e-03, 3.7447215654123813e-04,
          9.8250442662082618e-03, 2.4967016209737208e-03,
          1.0890387327965994e-02, -4.4288665938185035e-06,
          3.2628137280299818e-01 ]
   - !!opencv-matrix
      rows: 9
      cols: 9
      dt: d
      data: [ 1.8427037952144898e-01, 9.0326921228544077e-02,
          -1.2677120575201536e-04, 1.5704992700512264e-02,
          -3.5600191258696248e-03, 1.7877960024133912e-02,
          1.9536653749316322e-02, -9.2021195930754420e-04,
          5.9127657572818570e-02, 9.0326921228544077e-02,
          1.1631850489537092e-01, 2.3848014340479475e-03,
          1.7846664465186343e-02, -1.1562358883415853e-02,
          3.0363073315004790e-02, 5.0340003009854153e-02,
          1.8118793505621370e-03, 7.7845790004491766e-02,
          -1.2677120575201541e-04, 2.3848014340479475e-03,
          3.8361140490888192e-03, 5.6825403482676010e-04,
          -1.5020343992829103e-03, 1.2916872359643511e-03,
          3.2407777513201552e-03, -3.2679329896379326e-04,
          1.1059765674467030e-03, 1.5704992700512267e-02,
          1.7846664465186339e-02, 5.6825403482676010e-04,
          1.3450940091477600e-02, -3.4336901812323127e-03,
          5.3143901272367025e-03, 8.4605332401301685e-03,
          3.6272207640384018e-04, 1.4315010296553864e-02,
          -3.5600191258696248e-03, -1.1562358883415853e-02,
          -1.5020343992829103e-03, -3.4336901812323122e-03,
          2.6555650836000640e-02, -9.0896923744593541e-03,
