%YAML:1.0
---
groups:
   - intact
   - CD19
   - blast
intactGmmnames:
   - "intact.Bln040.0"
   - "intact.Bln040.1"
   - "intact.Bln040.2"
   - "intact.Bln040.3"
   - "intact.Bln040.4"
intactLabels:
   - FSC-A
   - SSC-A
   - CD20
   - CD10
   - CD45
   - CD34
   - SYTO41
   - CD19
   - CD38
intactMu: !!opencv-matrix
   rows: 5
   cols: 9
   dt: d
   data: [ 1.2541678401381333e+00, 4.4270671702373554e-01,
       7.4680269357386864e-01, 7.5375186559949481e-01,
       2.2393029437958076e+00, 7.6213911993361816e-01,
       2.2996593509624765e+00, 7.2184684692565459e-01,
       2.3616880296190539e+00, 1.9916212939030140e+00,
       1.0756209146771887e+00, 1.0450713673055145e+00,
       1.1455241493605031e+00, 1.8056965588290559e+00,
       1.3660953689271413e+00, 2.4907632846898236e+00,
       9.6974481110833932e-01, 2.4127144007048122e+00,
       8.8635810284076788e-01, 2.4061307603757306e-01,
       7.6141698608168784e-01, 7.5992553052303269e-01,
       2.1531462744774816e+00, 8.5356140949216119e-01,
       2.4506982105184432e+00, 7.3528571180553681e-01,
       2.5157421389609462e+00, 2.5653788992756841e+00,
       2.8098633588383182e+00, 1.0983928737842132e+00,
       2.0324543899779730e+00, 1.7484483701667226e+00,
       1.1489756007291705e+00, 2.4029291195216533e+00,
       8.7945680767440193e-01, 2.5940020267354797e+00,
       8.4910495007474107e-01, 2.7609919186586063e-01,
       8.0148700350429469e-01, 8.1894657711354424e-01,
       1.5358267760862312e+00, 7.9634373878563847e-01,
       2.1925299928373772e+00, 7.0875809480931218e-01,
       2.0453165907885755e+00 ]
intactSigma:
   - !!opencv-matrix
      rows: 9
      cols: 9
      dt: d
      data: [ 5.5584898233434446e-02, -5.3093038252763338e-03,
          4.3133790919921977e-03, -3.2298836712914947e-04,
          -2.3495102522231612e-03, 5.9561927997580570e-04,
          3.1340702523280591e-03, 1.2584758895831877e-03,
          -2.6287834845957037e-02, -5.3093038252763338e-03,
          1.5834781354017464e-02, -5.8665901526726164e-03,
          1.7404917028807079e-03, 4.9571726692724761e-03,
          2.7505410214745700e-03, -1.6481658414347291e-04,
          6.0908907833976149e-04, 5.7095244415882804e-02,
          4.3133790919921960e-03, -5.8665901526726181e-03,
          1.1030010441906754e-01, 2.6672953922217352e-03,
          -4.2118375471512523e-05, -1.7527927091180772e-04,
          3.1022894432241525e-03, -4.7439003197167129e-03,
          -6.2896068237958500e-02, -3.2298836712914904e-04,
          1.7404917028807070e-03, 2.6672953922217365e-03,
          4.6985837629530035e-02, 2.1837806844245957e-04,
          -1.6527726094884418e-04, 2.0405223806538916e-03,
          5.5480803290177576e-04, 2.9674681969183957e-03,
          -2.3495102522231607e-03, 4.9571726692724761e-03,
          -4.2118375471512699e-05, 2.1837806844245982e-04,
          1.9959775903500045e-02, -1.3563002475737627e-03,
          1.9457274583557090e-03, -8.4177579479513792e-04,
          1.9957238000155596e-02, 5.9561927997580603e-04,
          2.7505410214745700e-03, -1.7527927091180831e-04,
          -1.6527726094884421e-04, -1.3563002475737627e-03,
          3.3469729861816136e-02, 3.7367347018425813e-03,
          -4.8406320652377103e-03, 2.4372923755195085e-02,
          3.1340702523280591e-03, -1.6481658414347291e-04,
          3.1022894432241530e-03, 2.0405223806538916e-03,
          1.9457274583557090e-03, 3.7367347018425813e-03,
          1.4017175637685435e-02, -1.6740782882006215e-04,
          -1.0080062725834404e-02, 1.2584758895831873e-03,
          6.0908907833976149e-04, -4.7439003197167129e-03,
          5.5480803290177598e-04, -8.4177579479513813e-04,
          -4.8406320652377103e-03, -1.6740782882006228e-04,
          6.0731774113749901e-02, 7.8563185738621637e-03,
          -2.6287834845957037e-02, 5.7095244415882804e-02,
          -6.2896068237958500e-02, 2.9674681969183948e-03,
          1.9957238000155596e-02, 2.4372923755195074e-02,
          -1.0080062725834402e-02, 7.8563185738621654e-03,
          6.6515802374399302e-01 ]
   - !!opencv-matrix
      rows: 9
      cols: 9
      dt: d
      data: [ 6.5277491517196784e-01, 2.3236344552129679e-01,
          9.3449663678719805e-02, 6.2860987019691866e-02,
          9.5116118747327380e-02, 6.9349143278087735e-02,
          3.9141560822892565e-02, 2.0457109023089303e-03,
          2.3762469624461501e-02, 2.3236344552129679e-01,
          6.0734035895516048e-01, 2.7748316813794572e-02,
          1.6417335000111646e-01, -4.2505526242706961e-02,
          5.5167220569994742e-02, -1.5725196779521056e-02,
          6.8195260519944345e-02, 3.4844756787009136e-02,
          9.3449663678719805e-02, 2.7748316813794565e-02,
          4.4866701367858208e-01, 1.1636397676826404e-01,
          -3.2704552810919475e-02, 2.1066167643974846e-02,
          1.8825226342844737e-03, 4.1211704171082469e-02,
          2.7693834875616049e-02, 6.2860987019691866e-02,
          1.6417335000111646e-01, 1.1636397676826404e-01,
          2.9573925042287569e-01, -4.8732052283675692e-02,
          3.1509682328983192e-02, -1.1278964210279562e-02,
          4.1635532954291316e-02, 2.4059020764810167e-02,
          9.5116118747327380e-02, -4.2505526242706954e-02,
          -3.2704552810919475e-02, -4.8732052283675706e-02,
          4.3887771700663736e-01, 1.9800130271452832e-02,
          -3.8196000608934251e-03, 8.8203600758338552e-02,
          9.9937688514492501e-02, 6.9349143278087735e-02,
          5.5167220569994749e-02, 2.1066167643974846e-02,
          3.1509682328983192e-02, 1.9800130271452828e-02,
          2.7705252095574218e-01, 9.2950417544848188e-03,
          6.4572273933385022e-02, -8.4583413495808064e-03,
          3.9141560822892565e-02, -1.5725196779521059e-02,
          1.8825226342844747e-03, -1.1278964210279562e-02,
          -3.8196000608934234e-03, 9.2950417544848188e-03,
          1.2770598407172826e-01, -2.3131366562824551e-02,
          9.2582242678214161e-02, 2.0457109023089290e-03,
          6.8195260519944359e-02, 4.1211704171082462e-02,
          4.1635532954291343e-02, 8.8203600758338552e-02,
          6.4572273933385022e-02, -2.3131366562824562e-02,
          3.1866570661770510e-01, -5.7614389329987498e-02,
          2.3762469624461477e-02, 3.4844756787009143e-02,
          2.7693834875616039e-02, 2.4059020764810164e-02,
          9.9937688514492487e-02, -8.4583413495808030e-03,
          9.2582242678214174e-02, -5.7614389329987498e-02,
          7.8731963185634868e-01 ]
   - !!opencv-matrix
      rows: 9
      cols: 9
      dt: d
      data: [ 4.3584525819593635e-02, 1.9884479803965122e-03,
          -2.5440186307010811e-03, 2.8247901877180088e-04,
          5.5428791729445447e-03, -8.6748704973045043e-03,
          -1.7064514884967383e-02, 2.4709135080871244e-04,
          1.8613397181504782e-03, 1.9884479803965122e-03,
          2.2213534973595443e-03, 1.3907496502649490e-03,
          9.2067837215369249e-04, 1.8799244563248226e-03,
          1.3742365740453378e-03, -5.5997023948191492e-05,
          4.4019235309563943e-04, -3.9024194910457807e-03,
          -2.5440186307010820e-03, 1.3907496502649492e-03,
          8.3766638354444048e-02, 2.4755086738167233e-03,
          8.6260701079680458e-04, 1.2242668014395947e-03,
          3.8797096685951014e-03, -3.9856694517583936e-03,
          -1.1064836428652148e-02, 2.8247901877180050e-04,
          9.2067837215369249e-04, 2.4755086738167237e-03,
          2.6328286928072014e-02, 1.1633127819010696e-03,
          7.4069546620826870e-04, 1.9886511572001341e-03,
          -6.2309570878251743e-04, -2.7421163707676442e-03,
          5.5428791729445438e-03, 1.8799244563248230e-03,
          8.6260701079680458e-04, 1.1633127819010698e-03,
          9.2640200423594991e-03, 7.8066355316832919e-04,
