%YAML:1.0
---
groups:
   - intact
   - CD19
   - blast
intactGmmnames:
   - "intact.Bue006.0"
   - "intact.Bue006.1"
   - "intact.Bue006.2"
   - "intact.Bue006.3"
   - "intact.Bue006.4"
intactLabels:
   - FSC-A
   - SSC-A
   - CD20
   - CD10
   - CD45
   - CD34
   - SYTO41
   - CD19
   - CD38
intactMu: !!opencv-matrix
   rows: 5
   cols: 9
   dt: d
   data: [ 2.1970474863773184e+00, 2.4615792134751322e+00,
       1.3019342221797143e+00, 1.5206612225007323e+00,
       2.9423435805938589e+00, 1.7565736570371571e+00,
       3.1444912294701828e+00, 1.0074299076619877e+00,
       1.8013401362869106e+00, 1.1686106050811464e+00,
       2.6208200886241240e-01, 1.1112019446778139e+00,
       9.8217914129092543e-01, 3.3707712815826429e+00,
       1.0027542901244519e+00, 3.0031826798133925e+00,
       9.4509730486817578e-01, 1.4165767944022685e+00,
       9.5033748673865659e-01, 2.3847289941730493e-01,
       1.1080466356355896e+00, 9.7475263224179187e-01,
       1.4228057812830393e+00, 1.0601936977506075e+00,
       3.0329560678737706e+00, 9.6476307730435962e-01,
       1.1979433424718027e+00, 1.2747467660815963e+00,
       3.2487672767297865e-01, 1.1444430048689982e+00,
       9.8451938980184983e-01, 3.4075223782145310e+00,
       1.0033400047001995e+00, 2.9698776246014287e+00,
       1.0231872494420009e+00, 2.3192856689323955e+00,
       1.8823680841143071e+00, 1.2643247247858740e+00,
       1.3513670470340382e+00, 1.1762344848354434e+00,
       2.9983528436785445e+00, 1.7053307330208645e+00,
       3.0782044206335422e+00, 1.2803322679561335e+00,
       1.9601141007911860e+00 ]
intactSigma:
   - !!opencv-matrix
      rows: 9
      cols: 9
      dt: d
      data: [ 8.1094767248129820e-02, 1.3507118727256409e-01,
          1.8605216047687157e-02, -7.0341849473928133e-03,
          2.9423124980555745e-03, 5.2186993060597368e-02,
          -8.6908789924775801e-03, 3.6251794592275909e-03,
          3.0327972335584902e-02, 1.3507118727256409e-01,
          3.9312502714981296e-01, 2.4468458231593247e-02,
          2.1926044262226451e-02, 2.4901456881793516e-02,
          7.5495811290643700e-02, -1.4111322297084852e-02,
          6.5809643007580148e-03, 7.4065612164068623e-02,
          1.8605216047687154e-02, 2.4468458231593247e-02,
          2.9720082081018281e-02, -6.0636925600441986e-04,
          1.5155181109970846e-03, 2.0700204399303614e-02,
          -1.3289060855384736e-03, 1.6300806831484893e-03,
          3.4189780903549913e-03, -7.0341849473928141e-03,
          2.1926044262226461e-02, -6.0636925600441867e-04,
          1.4441295946761121e-01, 4.2177164638388165e-02,
          -9.2697148147116923e-03, -7.4394229554987706e-03,
          3.6233526186686747e-03, -1.6519519274818963e-02,
          2.9423124980555754e-03, 2.4901456881793519e-02,
          1.5155181109970841e-03, 4.2177164638388165e-02,
          2.8262847369612709e-02, 2.8637325894569268e-03,
          -4.6474164838205120e-03, 1.9478589469100951e-03,
          -3.9918086957627819e-03, 5.2186993060597375e-02,
          7.5495811290643700e-02, 2.0700204399303614e-02,
          -9.2697148147116906e-03, 2.8637325894569250e-03,
          9.6012851974645624e-02, -4.8707434914136609e-03,
          -1.6385871405683271e-03, 1.7163865427797406e-02,
          -8.6908789924775836e-03, -1.4111322297084854e-02,
          -1.3289060855384729e-03, -7.4394229554987706e-03,
          -4.6474164838205111e-03, -4.8707434914136609e-03,
          3.3949521434664190e-02, -8.1713466793315362e-04,
          -1.3223042987789979e-03, 3.6251794592275901e-03,
          6.5809643007580174e-03, 1.6300806831484893e-03,
          3.6233526186686747e-03, 1.9478589469100944e-03,
          -1.6385871405683265e-03, -8.1713466793315341e-04,
          1.7513714964707678e-02, 1.7919731465599771e-03,
          3.0327972335584902e-02, 7.4065612164068623e-02,
          3.4189780903549913e-03, -1.6519519274818966e-02,
          -3.9918086957627811e-03, 1.7163865427797406e-02,
          -1.3223042987789983e-03, 1.7919731465599771e-03,
          5.5011680405658243e-02 ]
   - !!opencv-matrix
      rows: 9
      cols: 9
      dt: d
      data: [ 2.7119418049681796e-02, 9.1791565789095982e-03,
          -1.4223900528732638e-04, 3.0381231954531272e-04,
          1.4924620317826811e-02, -3.1487456673427268e-03,
          -2.5161144669843920e-02, -1.1444619474978101e-04,
          -1.1022113125080947e-02, 9.1791565789095982e-03,
          5.3858354136642767e-03, -1.3730405987722781e-05,
          1.7454094546888362e-04, 7.3840035287225563e-03,
          -9.8177628215038830e-04, -1.1362652003196127e-02,
          3.9752610795022377e-05, -4.8995323033676616e-03,
          -1.4223900528732630e-04, -1.3730405987722792e-05,
          9.5339010009489189e-03, 2.1003987769665494e-04,
          1.4817507262390264e-04, -1.0177260637787900e-03,
          4.6765496986590137e-04, -7.7623166000320761e-05,
          -1.0202671948947284e-03, 3.0381231954531283e-04,
          1.7454094546888362e-04, 2.1003987769665491e-04,
          3.9681474259534930e-03, 2.7289000494200600e-05,
          -1.2716587858648816e-03, 6.7159145441925226e-05,
          1.2233356092182689e-05, -3.8164013925090485e-04,
          1.4924620317826811e-02, 7.3840035287225563e-03,
          1.4817507262390267e-04, 2.7289000494200688e-05,
          2.1772722253843715e-02, -2.4125237370910650e-03,
          -2.3175235008110098e-02, -7.4980651803875553e-05,
          -2.8783737523483729e-03, -3.1487456673427268e-03,
          -9.8177628215038830e-04, -1.0177260637787902e-03,
          -1.2716587858648816e-03, -2.4125237370910650e-03,
          2.1044235055534065e-02, 5.6072798380740994e-03,
          -2.3957659440107994e-03, 3.7474091226081049e-04,
          -2.5161144669843930e-02, -1.1362652003196127e-02,
          4.6765496986590093e-04, 6.7159145441925158e-05,
          -2.3175235008110098e-02, 5.6072798380740986e-03,
          1.0845898613834082e-01, 6.1824938935710360e-04,
          1.3349309974906689e-02, -1.1444619474978098e-04,
          3.9752610795022431e-05, -7.7623166000320788e-05,
          1.2233356092182630e-05, -7.4980651803875498e-05,
          -2.3957659440107990e-03, 6.1824938935710382e-04,
          5.3241271743541645e-03, -5.2357516325590356e-04,
          -1.1022113125080946e-02, -4.8995323033676607e-03,
          -1.0202671948947284e-03, -3.8164013925090501e-04,
          -2.8783737523483729e-03, 3.7474091226081071e-04,
          1.3349309974906690e-02, -5.2357516325590345e-04,
          7.0420416958787729e-02 ]
   - !!opencv-matrix
      rows: 9
      cols: 9
      dt: d
      data: [ 1.0342505369350492e-01, 2.3302318571343857e-02,
          -1.4644279187139054e-03, 1.1166137777432019e-03,
          4.3388121948625534e-02, 2.7936394332443402e-03,
          1.3981638219347047e-02, 4.6841143397305287e-04,
          9.8525410761987238e-03, 2.3302318571343857e-02,
          1.0060476274587950e-02, -2.0628379641084841e-04,
          2.3094553561386726e-04, 1.7492360890490576e-02,
          1.7555605966548828e-03, -8.2971045073588646e-03,
          -4.7023119241567307e-04, 4.5638041476373679e-03,
          -1.4644279187139052e-03, -2.0628379641084876e-04,
          9.4226805430910193e-03, 4.4809898797373333e-04,
          -1.3153902478160791e-03, -2.9814190073672824e-04,
          2.4548428462506703e-03, -5.9538047138453683e-04,
          -7.3073151092742535e-04, 1.1166137777432023e-03,
          2.3094553561386717e-04, 4.4809898797373317e-04,
          5.6088592028685639e-03, 3.0230772397125310e-03,
          -1.9017972031786868e-03, -2.2402731195189808e-04,
          4.2680508793283115e-04, 8.7156351351854719e-05,
          4.3388121948625534e-02, 1.7492360890490572e-02,
          -1.3153902478160787e-03, 3.0230772397125314e-03,
          1.4808505833877411e-01, 2.9024447541919178e-03,
