%YAML:1.0
---
groups:
   - intact
   - CD19
   - blast
intactGmmnames:
   - "intact.Bue075.0"
   - "intact.Bue075.1"
   - "intact.Bue075.2"
   - "intact.Bue075.3"
   - "intact.Bue075.4"
intactLabels:
   - FSC-A
   - SSC-A
   - CD20
   - CD10
   - CD45
   - CD34
   - SYTO41
   - CD19
   - CD38
intactMu: !!opencv-matrix
   rows: 5
   cols: 9
   dt: d
   data: [ 1.8772621250981589e+00, 9.7127825789210231e-01,
       1.3191534687817861e+00, 1.0291793175442532e+00,
       2.6205991537285622e+00, 1.6851753928830397e+00,
       3.1060742662662162e+00, 1.0825252408269999e+00,
       2.6346280834228684e+00, 2.0711566643172601e+00,
       2.6427068509130112e+00, 1.3253453817638332e+00,
       2.0236282275548949e+00, 2.9420557323083005e+00,
       1.6472690818254292e+00, 2.8614146591629108e+00,
       1.0592262610160748e+00, 2.2465175619519711e+00,
       7.8050151502144216e-01, 2.2266804780205213e-01,
       9.1282449728685044e-01, 8.1648967137205908e-01,
       1.5670880652140677e+00, 1.2060926314761755e+00,
       2.8238722093705824e+00, 9.2384661201785445e-01,
       1.4028035073923348e+00, 1.1769393116701286e+00,
       2.3344188146098374e-01, 9.9382384561095671e-01,
       8.1731547278957750e-01, 3.3099214621280240e+00,
       1.1820413687061559e+00, 2.9004778734222829e+00,
       9.4242819864821370e-01, 2.4063271745303916e+00,
       1.2759100618394534e+00, 3.8598617298509691e-01,
       1.0017785134170576e+00, 8.7766966857335726e-01,
       1.8174605650433993e+00, 1.3863203640024697e+00,
       3.0885561199409732e+00, 9.5997115521020393e-01,
       1.5922550398957742e+00 ]
intactSigma:
   - !!opencv-matrix
      rows: 9
      cols: 9
      dt: d
      data: [ 3.0702105572280697e-01, 2.1566638329555093e-01,
          -7.6595103322093577e-03, 1.4653108637937003e-02,
          4.4212544256637280e-02, 5.1622956439638358e-02,
          7.1355875711586636e-02, 2.2664189952447838e-03,
          1.5522420692935004e-01, 2.1566638329555093e-01,
          5.1556854535020213e-01, 3.5570020637049032e-02,
          8.7846685035223554e-02, 3.6836410686700252e-02,
          3.9696870060015647e-02, 1.4815203362227780e-02,
          9.4670091207715423e-03, 4.1114216057995166e-02,
          -7.6595103322093525e-03, 3.5570020637049032e-02,
          3.8314371830881283e-01, 3.3800158584604549e-02,
          9.1476691750700390e-03, 1.2929722000938226e-01,
          1.2425038585611359e-02, 6.3835122662915952e-02,
          -9.6852205134502753e-02, 1.4653108637937003e-02,
          8.7846685035223554e-02, 3.3800158584604556e-02,
          1.3455776908418857e-01, 6.5798404734915125e-03,
          4.3019938416699280e-02, -1.6251387106051326e-03,
          1.1596874037849533e-02, -6.2064200832453419e-02,
          4.4212544256637280e-02, 3.6836410686700259e-02,
          9.1476691750700390e-03, 6.5798404734915125e-03,
          2.8172980140366566e-01, -5.6231737321132395e-02,
          -3.3185909124569851e-03, 2.2797097048210226e-02,
          2.0094235132102803e-01, 5.1622956439638358e-02,
          3.9696870060015647e-02, 1.2929722000938226e-01,
          4.3019938416699280e-02, -5.6231737321132402e-02,
          3.3427929381386756e-01, 6.7010767513772052e-02,
          6.4218978404401456e-03, -6.0057418974917245e-02,
          7.1355875711586650e-02, 1.4815203362227780e-02,
          1.2425038585611354e-02, -1.6251387106051317e-03,
          -3.3185909124569864e-03, 6.7010767513772038e-02,
          7.9545571715715052e-02, 5.0091299144283119e-03,
          3.4957397540610148e-02, 2.2664189952447838e-03,
          9.4670091207715423e-03, 6.3835122662915966e-02,
          1.1596874037849533e-02, 2.2797097048210237e-02,
          6.4218978404401482e-03, 5.0091299144283145e-03,
          1.4861441700399589e-01, -2.2294753951361681e-02,
          1.5522420692935004e-01, 4.1114216057995173e-02,
          -9.6852205134502795e-02, -6.2064200832453405e-02,
          2.0094235132102797e-01, -6.0057418974917245e-02,
          3.4957397540610148e-02, -2.2294753951361681e-02,
          6.2388918006759830e-01 ]
   - !!opencv-matrix
      rows: 9
      cols: 9
      dt: d
      data: [ 5.2204519126645144e-02, 9.7484117991804883e-02,
          2.6647816092567923e-02, -1.8522820997294687e-02,
          -5.2532036400072856e-03, 2.8449307328310740e-02,
          7.9724258781343899e-03, 4.2434008709191029e-03,
          2.5102611547991743e-02, 9.7484117991804869e-02,
          3.5392536579956352e-01, 4.6518281304990416e-02,
          1.6030457338026188e-02, 1.6295656556044185e-02,
          4.7173761873008729e-02, 1.3409609276563008e-02,
          7.9105696050910165e-03, 5.6520011044642993e-02,
          2.6647816092567930e-02, 4.6518281304990416e-02,
          1.3063987424515827e-01, 6.9382011790201405e-04,
          3.5839755047349302e-03, 3.8425921166114770e-02,
          4.4657461397489993e-03, 4.7530414735960915e-03,
          4.6989123651057828e-03, -1.8522820997294680e-02,
          1.6030457338026181e-02, 6.9382011790201567e-04,
          1.8439146563079689e-01, 5.0122649934287375e-02,
          -1.7767145715815100e-02, -1.1056455035651650e-02,
          2.5716910570351826e-03, -2.9474503888649212e-02,
          -5.2532036400072882e-03, 1.6295656556044182e-02,
          3.5839755047349302e-03, 5.0122649934287375e-02,
          3.1307284617854661e-02, -1.9404818904671848e-03,
          -3.2221040756601630e-03, 4.8108840040400657e-03,
          -1.3854965647374677e-02, 2.8449307328310740e-02,
          4.7173761873008736e-02, 3.8425921166114770e-02,
          -1.7767145715815100e-02, -1.9404818904671848e-03,
          1.0645615587323216e-01, 6.4720683701070805e-03,
          -1.1571197723793607e-02, 9.2844669539882789e-03,
          7.9724258781343916e-03, 1.3409609276563011e-02,
          4.4657461397490002e-03, -1.1056455035651648e-02,
          -3.2221040756601630e-03, 6.4720683701070822e-03,
          7.6978286134456193e-03, 4.1588277713272163e-04,
          5.9351906802388860e-03, 4.2434008709191064e-03,
          7.9105696050910165e-03, 4.7530414735960907e-03,
          2.5716910570351844e-03, 4.8108840040400657e-03,
          -1.1571197723793610e-02, 4.1588277713272142e-04,
          7.6697425431962174e-02, 2.3778527625213102e-03,
          2.5102611547991743e-02, 5.6520011044642993e-02,
          4.6989123651057802e-03, -2.9474503888649212e-02,
          -1.3854965647374677e-02, 9.2844669539882754e-03,
          5.9351906802388851e-03, 2.3778527625213110e-03,
          6.9074103310290833e-02 ]
   - !!opencv-matrix
      rows: 9
      cols: 9
      dt: d
      data: [ 6.3498961670178291e-03, 2.4263238885693008e-03,
          2.4708502911991158e-04, 3.1303430709379593e-04,
          1.1058880213240920e-03, -4.8834824179653786e-04,
          1.0795513889844351e-03, -1.9073365428698026e-04,
          1.7892767247391667e-03, 2.4263238885693008e-03,
          2.6305445369006106e-03, 3.0040204467858122e-04,
          4.3410090144455456e-04, 7.8787983334301505e-04,
          4.9216697887215579e-04, 1.1562035632428920e-03,
          6.7947650334197944e-05, 1.3276086453294438e-03,
          2.4708502911991186e-04, 3.0040204467858122e-04,
          5.6833428833673622e-02, 1.6254933836218262e-04,
          -1.8666909455125849e-04, -4.0387399073996458e-04,
          1.9179269025780476e-03, -2.0495940015267480e-03,
          -2.8309380356849934e-03, 3.1303430709379621e-04,
          4.3410090144455489e-04, 1.6254933836218317e-04,
          3.1101213975683731e-02, 2.4469532469356655e-03,
          -3.9157300832112739e-03, 3.1274630081113488e-04,
          1.3401760304667572e-04, 6.9463098462345830e-04,
          1.1058880213240918e-03, 7.8787983334301505e-04,
          -1.8666909455125865e-04, 2.4469532469356659e-03,
          3.1187268930465157e-02, 3.7707227777204954e-03,
          2.9183167692854112e-03, 1.6791804736681324e-04,
