%YAML:1.0
---
groups:
   - intact
   - CD19
   - blast
intactGmmnames:
   - "intact.Bue013.0"
   - "intact.Bue013.1"
   - "intact.Bue013.2"
   - "intact.Bue013.3"
   - "intact.Bue013.4"
intactLabels:
   - FSC-A
   - SSC-A
   - CD20
   - CD10
   - CD45
   - CD34
   - SYTO41
   - CD19
   - CD38
intactMu: !!opencv-matrix
   rows: 5
   cols: 9
   dt: d
   data: [ 1.5562849156904093e+00, 8.6725942531123101e-01,
       1.2961379305034293e+00, 1.7396303129920911e+00,
       2.8889348217197734e+00, 1.8762619254669148e+00,
       2.6074084307643646e+00, 1.2297726051898776e+00,
       1.9295052879413517e+00, 8.2514664706999019e-01,
       2.0332101614928993e-01, 9.5214588456588078e-01,
       9.4673377880764076e-01, 1.4685393224517993e+00,
       1.3718620443032825e+00, 2.4354018892984501e+00,
       8.8862274812798214e-01, 1.2512292306196215e+00,
       1.4046135683858516e+00, 3.1510118679967497e-01,
       9.7511671863875893e-01, 1.0052725716837125e+00,
       3.4316298527297224e+00, 1.1328433968079163e+00,
       2.2610470783909995e+00, 9.3815533181867483e-01,
       1.5465683183678647e+00, 2.3117277616906691e+00,
       2.2122980369450831e+00, 1.1909825739682407e+00,
       2.0530760830299037e+00, 3.1418589798282537e+00,
       2.0437332344986689e+00, 2.4582331760051259e+00,
       1.1020832109118561e+00, 2.0894288474473415e+00,
       1.1356880162125891e+00, 3.2215493450410942e-01,
       9.8105438788314869e-01, 9.8892565571252944e-01,
       1.7067389605839212e+00, 1.5241757210101488e+00,
       2.6856180538197845e+00, 9.4385651589567787e-01,
       1.4008828781771132e+00 ]
intactSigma:
   - !!opencv-matrix
      rows: 9
      cols: 9
      dt: d
      data: [ 5.2683721685478346e-01, 4.1907292360308168e-01,
          2.0889973711309136e-02, 5.1031841170030227e-02,
          1.4190803404506336e-01, 1.1189762220033776e-01,
          4.1925260441704366e-02, 2.3658880189420185e-02,
          1.7053729477964236e-01, 4.1907292360308157e-01,
          5.8893570131170125e-01, 6.4934482831259327e-02,
          1.2370801425136689e-01, 1.3389711187651798e-01,
          1.6327671168373384e-01, 5.7652916724111547e-02,
          3.5000694694394256e-02, 2.0063938757805710e-01,
          2.0889973711309125e-02, 6.4934482831259327e-02,
          2.3924671661580516e-01, 9.9572143100769742e-02,
          2.9341025678309623e-02, 1.2478260169567515e-01,
          1.5283008150167600e-02, 9.9656429569907626e-02,
          -1.3137049361080956e-02, 5.1031841170030227e-02,
          1.2370801425136692e-01, 9.9572143100769742e-02,
          4.9916966757741288e-01, 4.8726789171589013e-02,
          9.1275069006759454e-02, -2.7531909332787721e-02,
          1.6395134299629643e-01, -2.6422064697307679e-02,
          1.4190803404506336e-01, 1.3389711187651798e-01,
          2.9341025678309623e-02, 4.8726789171589006e-02,
          3.6643427586259925e-01, 4.6309742181497429e-02,
          -2.8299655106207557e-02, 4.1561587743451332e-02,
          7.8182013355302463e-02, 1.1189762220033779e-01,
          1.6327671168373384e-01, 1.2478260169567515e-01,
          9.1275069006759454e-02, 4.6309742181497429e-02,
          3.7502820992978897e-01, 4.2736969406112456e-02,
          4.7205007199746511e-02, 7.1843626066773678e-02,
          4.1925260441704366e-02, 5.7652916724111547e-02,
          1.5283008150167594e-02, -2.7531909332787721e-02,
          -2.8299655106207557e-02, 4.2736969406112477e-02,
          8.5492370235968632e-02, -1.4868336183096078e-02,
          6.0973074171793897e-03, 2.3658880189420185e-02,
          3.5000694694394256e-02, 9.9656429569907626e-02,
          1.6395134299629646e-01, 4.1561587743451332e-02,
          4.7205007199746511e-02, -1.4868336183096078e-02,
          2.3120925903816572e-01, 1.3587190680708362e-02,
          1.7053729477964236e-01, 2.0063938757805716e-01,
          -1.3137049361080953e-02, -2.6422064697307679e-02,
          7.8182013355302463e-02, 7.1843626066773650e-02,
          6.0973074171793915e-03, 1.3587190680708367e-02,
          3.5888103681003025e-01 ]
   - !!opencv-matrix
      rows: 9
      cols: 9
      dt: d
      data: [ 1.6673427951532451e-02, 2.7863989820903364e-03,
          1.9376496383836591e-04, 1.7790064590842305e-06,
          1.6719815247760788e-03, 3.8585170464942764e-03,
          -4.6707750861602884e-03, -3.6855441351480762e-04,
          5.3861574000095081e-04, 2.7863989820903360e-03,
          2.3671550346190764e-03, 2.9196924136667897e-04,
          4.0708065829844530e-05, 1.9780758524112802e-03,
          2.3726655171918158e-03, 5.0212595517252687e-04,
          -3.1767700452278036e-04, 8.3877785680682815e-04,
          1.9376496383836608e-04, 2.9196924136667897e-04,
          2.7595059815402175e-02, 7.4084378827244106e-04,
          7.9771516567399042e-04, -5.5098014981476732e-03,
          1.1108574595807073e-04, -9.3708193582140223e-04,
          -1.7370910450647339e-03, 1.7790064590840321e-06,
          4.0708065829844516e-05, 7.4084378827244117e-04,
          2.0789012934031546e-02, 9.7362249411396334e-04,
          -5.0082586818240562e-03, -3.8896364661169494e-04,
          -2.1766230843464208e-05, 4.4628814752429518e-06,
          1.6719815247760784e-03, 1.9780758524112797e-03,
          7.9771516567398988e-04, 9.7362249411396323e-04,
          1.7481245067359867e-02, 3.3097658810980236e-03,
          5.2395273186709725e-04, -6.7462217168709352e-05,
          1.4306655743626714e-03, 3.8585170464942756e-03,
          2.3726655171918166e-03, -5.5098014981476732e-03,
          -5.0082586818240554e-03, 3.3097658810980249e-03,
          1.2685657124729505e-01, 8.2084710696720710e-04,
          -2.1732406198408979e-02, 2.7873560310008887e-04,
          -4.6707750861602875e-03, 5.0212595517252687e-04,
          1.1108574595807069e-04, -3.8896364661169494e-04,
          5.2395273186709682e-04, 8.2084710696720710e-04,
          1.2526340307280908e-02, -4.3388279109381905e-04,
          8.1373961331429644e-04, -3.6855441351480789e-04,
          -3.1767700452278036e-04, -9.3708193582140223e-04,
          -2.1766230843464076e-05, -6.7462217168709392e-05,
          -2.1732406198408976e-02, -4.3388279109381905e-04,
          2.7019860436349945e-02, 1.0610109571789926e-04,
          5.3861574000095059e-04, 8.3877785680682847e-04,
          -1.7370910450647339e-03, 4.4628814752429112e-06,
          1.4306655743626714e-03, 2.7873560310008892e-04,
          8.1373961331429644e-04, 1.0610109571789938e-04,
          5.3926702046432637e-03 ]
   - !!opencv-matrix
      rows: 9
      cols: 9
      dt: d
      data: [ 1.0772867973620662e-01, 2.3600586914679238e-02,
          -1.9823932371974876e-03, -1.4556873537491673e-03,
          3.5451450485205635e-02, -4.5764300848272405e-04,
          8.8325089314299863e-03, 7.2320131784478752e-04,
          -1.2615698865064836e-02, 2.3600586914679238e-02,
          9.0948801067176274e-03, -8.1539545299666905e-04,
          3.6147220400394123e-04, 9.8857000063691369e-03,
          1.2336214562465816e-03, 1.7016705698152162e-03,
          6.1456749108321869e-04, -3.6668335786678710e-03,
          -1.9823932371974876e-03, -8.1539545299666905e-04,
          3.6590386541130386e-02, 4.1161876360965006e-05,
          -1.6314415962923016e-04, -7.3674323733507628e-04,
          -7.8862940502845262e-04, -1.4789061421642239e-03,
          -1.6424406233173970e-03, -1.4556873537491654e-03,
          3.6147220400394134e-04, 4.1161876360964924e-05,
          2.1188374634877386e-02, -1.6540749817134791e-04,
          -3.3309817895439756e-03, -7.5078808602993779e-04,
          2.6721663528414667e-03, -4.9274759301509655e-03,
          3.5451450485205628e-02, 9.8857000063691369e-03,
          -1.6314415962923008e-04, -1.6540749817134837e-04,
          2.7637202190973167e-02, 8.7995443286831190e-04,
