%YAML:1.0
---
groups:
   - intact
   - CD19
   - blast
intactGmmnames:
   - "intact.Bue027.0"
   - "intact.Bue027.1"
   - "intact.Bue027.2"
   - "intact.Bue027.3"
   - "intact.Bue027.4"
intactLabels:
   - FSC-A
   - SSC-A
   - CD20
   - CD10
   - CD45
   - CD34
   - SYTO41
   - CD19
   - CD38
intactMu: !!opencv-matrix
   rows: 5
   cols: 9
   dt: d
   data: [ 1.9887342946786752e+00, 7.4768961411649482e-01,
       1.3271508609456122e+00, 1.1657793697992251e+00,
       3.3618430466505789e+00, 1.5793999977727149e+00,
       2.3378764233375064e+00, 1.2238523771189607e+00,
       2.6685822182587788e+00, 2.3335169355307785e+00,
       2.7092026574042936e+00, 1.3816503922475871e+00,
       2.1451642863083102e+00, 3.0235217285896518e+00,
       1.9833377539305501e+00, 2.1920715030164497e+00,
       1.2379866900270899e+00, 1.9793069234130205e+00,
       1.0544349639947128e+00, 2.7475892393379547e-01,
       1.2920283776772099e+00, 1.1164932761880300e+00,
       1.4314902366271831e+00, 1.3886898987296208e+00,
       2.1160617268491682e+00, 1.1626668104493214e+00,
       1.2731083560704368e+00, 1.2631254148189814e+00,
       2.7701226996290790e-01, 1.2958221941824721e+00,
       1.1295438477053870e+00, 3.4589893453407345e+00,
       1.2362981362103904e+00, 2.0583689108317782e+00,
       1.1676727616559448e+00, 2.0718807885041395e+00,
       2.1480773695376865e+00, 1.6385743012124883e+00,
       1.3734270254314906e+00, 1.2406583950536225e+00,
       2.2994308810712414e+00, 1.9718726072461048e+00,
       2.5727551956685768e+00, 1.2254332205647060e+00,
       2.2250048132638032e+00 ]
intactSigma:
   - !!opencv-matrix
      rows: 9
      cols: 9
      dt: d
      data: [ 3.9078161249485055e-01, 1.5393922151937736e-01,
          -1.1514258905144487e-02, 6.1015020597213155e-03,
          3.3140299956261761e-03, 8.8725474141074220e-02,
          1.0520990010978806e-01, -3.0673844822175283e-03,
          2.4963235747226606e-01, 1.5393922151937736e-01,
          1.3839996860918691e-01, -9.4678035873721252e-03,
          5.6011400964977509e-03, 7.6645082032361020e-03,
          6.7018308222761530e-02, 2.1935296683266738e-02,
          5.0304660882547641e-04, 1.4652140732546548e-01,
          -1.1514258905144485e-02, -9.4678035873721252e-03,
          2.2976884511328510e-02, 4.2097098345317659e-04,
          6.6982265743888688e-03, -4.4142680152948566e-04,
          -3.1387947906102625e-03, -5.7254171045800881e-04,
          -2.8831893921077885e-02, 6.1015020597213155e-03,
          5.6011400964977509e-03, 4.2097098345317654e-04,
          1.0671720212986836e-02, 3.7043340954133210e-03,
          5.6882673181639079e-03, -7.0636238746985621e-04,
          -1.1779839389432376e-04, 2.8274454651214327e-03,
          3.3140299956261787e-03, 7.6645082032361046e-03,
          6.6982265743888688e-03, 3.7043340954133206e-03,
          6.3427399406789556e-02, 3.2491583789702697e-02,
          -2.3751578333810461e-02, 5.1095100947225339e-03,
          -1.3594409435391632e-02, 8.8725474141074220e-02,
          6.7018308222761530e-02, -4.4142680152948631e-04,
          5.6882673181639079e-03, 3.2491583789702697e-02,
          1.8607361799340946e-01, 2.1397994886401806e-02,
          -4.4335485680539841e-05, 5.7755575071020020e-02,
          1.0520990010978806e-01, 2.1935296683266745e-02,
          -3.1387947906102625e-03, -7.0636238746985653e-04,
          -2.3751578333810457e-02, 2.1397994886401813e-02,
          8.7716873271407356e-02, -3.2814324018859450e-03,
          5.4841334579961605e-02, -3.0673844822175296e-03,
          5.0304660882547641e-04, -5.7254171045800881e-04,
          -1.1779839389432384e-04, 5.1095100947225330e-03,
          -4.4335485680539448e-05, -3.2814324018859437e-03,
          1.6882465692320478e-02, 3.5868530264297096e-03,
          2.4963235747226600e-01, 1.4652140732546548e-01,
          -2.8831893921077885e-02, 2.8274454651214323e-03,
          -1.3594409435391631e-02, 5.7755575071020020e-02,
          5.4841334579961605e-02, 3.5868530264297088e-03,
          4.8509277886232410e-01 ]
   - !!opencv-matrix
      rows: 9
      cols: 9
      dt: d
      data: [ 7.1635189329570872e-02, 1.0474639293951726e-01,
          7.1860995088803585e-03, -2.7100282395537526e-02,
          -7.3600037804463841e-03, 3.2954783648659114e-02,
          1.2249224364677619e-02, 2.2779127563422883e-03,
          2.4057805083810474e-02, 1.0474639293951726e-01,
          3.6253725649837981e-01, 7.5476466995964622e-03,
          4.4582220116826506e-02, 2.4552132185011507e-02,
          3.6147032348299961e-02, 1.0294141824830154e-02,
          2.6600598381593113e-03, 5.2722316554323009e-02,
          7.1860995088803602e-03, 7.5476466995964588e-03,
          1.0231003423776872e-02, 6.6885583892543573e-04,
          5.7669480106875722e-04, 8.1407505983132067e-03,
          1.5021653869929682e-03, 1.1006906805920993e-03,
          -2.4165211466037860e-03, -2.7100282395537526e-02,
          4.4582220116826506e-02, 6.6885583892543584e-04,
          2.5909989806787309e-01, 6.0454959992614847e-02,
          -1.6911026754315044e-02, -1.9878238985639077e-02,
          5.7358725414360890e-03, -4.6407963448774306e-02,
          -7.3600037804463841e-03, 2.4552132185011500e-02,
          5.7669480106875711e-04, 6.0454959992614847e-02,
          2.8285977765680783e-02, -3.2034237416190005e-03,
          -7.0397775483281933e-03, 2.1297191994256730e-03,
          -1.0932266591546424e-02, 3.2954783648659121e-02,
          3.6147032348299968e-02, 8.1407505983132067e-03,
          -1.6911026754315054e-02, -3.2034237416190005e-03,
          1.0527808804489344e-01, 7.5857156118126663e-03,
          -8.2277030310553521e-03, 1.3279019481015032e-03,
          1.2249224364677619e-02, 1.0294141824830154e-02,
          1.5021653869929680e-03, -1.9878238985639084e-02,
          -7.0397775483281933e-03, 7.5857156118126646e-03,
          1.0907291521455378e-02, 2.1972503861173120e-04,
          5.6318063533900972e-03, 2.2779127563422900e-03,
          2.6600598381593100e-03, 1.1006906805920988e-03,
          5.7358725414360856e-03, 2.1297191994256730e-03,
          -8.2277030310553539e-03, 2.1972503861173139e-04,
          2.6972587874852783e-02, -1.4021251025982120e-03,
          2.4057805083810474e-02, 5.2722316554323009e-02,
          -2.4165211466037869e-03, -4.6407963448774306e-02,
          -1.0932266591546424e-02, 1.3279019481015025e-03,
          5.6318063533900972e-03, -1.4021251025982120e-03,
          7.9352424788490208e-02 ]
   - !!opencv-matrix
      rows: 9
      cols: 9
      dt: d
      data: [ 9.7919109179975566e-02, 4.1000058618240499e-02,
          1.0428495826543952e-03, 1.7485021993892394e-03,
          3.4674895204434404e-02, 2.9196768607093106e-02,
          7.6237652507661527e-02, 7.4918751255746607e-05,
          1.5991425931199971e-02, 4.1000058618240499e-02,
          3.0356592733654920e-02, 6.8988897197271417e-04,
          1.1388566464357814e-03, 2.0555459064337235e-02,
          2.3252569785936365e-02, 4.0576729438317291e-02,
          -6.0293916812776574e-06, 1.0737928168427599e-02,
          1.0428495826543952e-03, 6.8988897197271438e-04,
          3.5212975499690990e-03, 2.8752173622815694e-05,
          7.2966263378849386e-04, -1.8912265502047784e-04,
          1.3517642933122719e-03, -5.4869118300135888e-05,
          -2.2450904593713112e-04, 1.7485021993892394e-03,
          1.1388566464357809e-03, 2.8752173622815742e-05,
          8.2445856143570657e-03, 1.0254987431733233e-03,
          -6.5856671525105269e-04, 1.4192478593318745e-03,
          1.0440942274956399e-04, 2.5817859380273953e-04,
          3.4674895204434404e-02, 2.0555459064337232e-02,
          7.2966263378849386e-04, 1.0254987431733233e-03,
          3.3904155764602678e-02, 1.7579568705686076e-02,
