%YAML:1.0
---
groups:
   - intact
   - CD19
intactGmmnames:
   - "intact.Bue024.0"
   - "intact.Bue024.1"
   - "intact.Bue024.2"
   - "intact.Bue024.3"
   - "intact.Bue024.4"
intactLabels:
   - FSC-A
   - SSC-A
   - CD20
   - CD10
   - CD45
   - CD34
   - SYTO41
   - CD19
   - CD38
intactMu: !!opencv-matrix
   rows: 5
   cols: 9
   dt: d
   data: [ 1.9350686423553392e+00, 1.4347566167936279e+00,
       1.1278387329794846e+00, 2.4580089362426722e+00,
       2.8532684208145582e+00, 1.4161285144922429e+00,
       3.0908392959244342e+00, 1.0638017892589855e+00,
       1.8256802479619034e+00, 1.0934424313790683e+00,
       2.4051082751151043e-01, 1.0692385993463813e+00,
       9.4209815307730538e-01, 3.1298411659758059e+00,
       1.2203473334073569e+00, 3.2174298141977813e+00,
       1.0389009475274844e+00, 2.1593487834691047e+00,
       1.8920768505313288e+00, 9.2315377712671909e-01,
       1.1375532221612472e+00, 1.0888622494575526e+00,
       2.8509032762788786e+00, 1.5219426897728954e+00,
       3.2448338401604651e+00, 1.0599173458749931e+00,
       2.3967861797242613e+00, 9.2822548972559227e-01,
       2.7337628632433303e-01, 1.0428319852046288e+00,
       9.5324141862794121e-01, 1.6495556297066067e+00,
       1.3062695612769435e+00, 3.3050074121316326e+00,
       1.0195992773268998e+00, 1.2692351638517037e+00,
       1.4035730855180757e+00, 1.1052817674605639e+00,
       1.4510940765126943e+00, 2.1153699773846180e+00,
       2.5714440753185919e+00, 2.1588771842268710e+00,
       3.4805675674648322e+00, 1.2166070179929056e+00,
       2.0076701886169315e+00 ]
intactSigma:
   - !!opencv-matrix
      rows: 9
      cols: 9
      dt: d
      data: [ 8.1061937761165548e-02, 6.4694838866366400e-02,
          5.4051902865773242e-03, -3.0338311388533433e-04,
          2.4273325904577521e-03, 2.7115323262609722e-02,
          1.1034108026231336e-02, 8.2223930475510049e-04,
          1.6585832704929734e-02, 6.4694838866366400e-02,
          1.0178335319171990e-01, 4.1913181360801995e-03,
          6.5369877665429846e-03, 7.5874866959732600e-03,
          2.6661048923049505e-02, 9.2944248836083938e-03,
          1.1305887040850078e-03, 2.3031201131977364e-02,
          5.4051902865773251e-03, 4.1913181360802012e-03,
          3.1897295938394694e-02, 6.3585714007474009e-04,
          9.3731349669183323e-04, 8.6889907423835658e-04,
          1.9294930697260446e-03, 1.8529098639791280e-04,
          -1.7029312327888780e-03, -3.0338311388533406e-04,
          6.5369877665429873e-03, 6.3585714007473987e-04,
          9.2233532806933929e-02, 2.0716517664020044e-02,
          -1.0494531545214346e-02, -2.1413138170952805e-03,
          3.9613656408536970e-03, -2.1494000448589066e-03,
          2.4273325904577529e-03, 7.5874866959732600e-03,
          9.3731349669183323e-04, 2.0716517664020044e-02,
          2.0504992892154024e-02, -3.5807905292041829e-04,
          -1.9550736806878420e-04, 1.2153072530531077e-03,
          -1.4634954896778421e-03, 2.7115323262609729e-02,
          2.6661048923049505e-02, 8.6889907423835593e-04,
          -1.0494531545214347e-02, -3.5807905292041786e-04,
          2.2887771977172089e-01, 6.5244425202835785e-03,
          -3.0138447070857558e-02, 8.4911937833275063e-03,
          1.1034108026231336e-02, 9.2944248836083938e-03,
          1.9294930697260446e-03, -2.1413138170952805e-03,
          -1.9550736806878420e-04, 6.5244425202835785e-03,
          6.3616075054625876e-03, 1.1543887651032508e-03,
          1.9870076399340947e-03, 8.2223930475510049e-04,
          1.1305887040850067e-03, 1.8529098639791223e-04,
          3.9613656408536970e-03, 1.2153072530531064e-03,
          -3.0138447070857558e-02, 1.1543887651032508e-03,
          3.3582251878676007e-02, 3.1779448948571714e-04,
          1.6585832704929734e-02, 2.3031201131977364e-02,
          -1.7029312327888784e-03, -2.1494000448589075e-03,
          -1.4634954896778423e-03, 8.4911937833275063e-03,
          1.9870076399340938e-03, 3.1779448948571714e-04,
          4.1657941476801255e-02 ]
   - !!opencv-matrix
      rows: 9
      cols: 9
      dt: d
      data: [ 7.5925509547403902e-02, 1.3355883177287777e-02,
          -8.3681546311888105e-03, 3.3945504502268893e-04,
          2.9054725889832874e-02, -4.9625217951127780e-02,
          -2.5536458703731398e-02, -2.8532427227339007e-03,
          8.5679257017522395e-02, 1.3355883177287774e-02,
          5.2735510715296134e-03, -8.5192777047096247e-04,
          5.6393290246700180e-04, 7.8093586137684655e-03,
          -7.7330489283990046e-03, -3.5878458773757928e-03,
          -3.1850179651740971e-04, 3.0635034649543615e-02,
          -8.3681546311888139e-03, -8.5192777047096225e-04,
          4.4303140210628811e-02, 8.6739276284312225e-05,
          -3.3122904311814580e-03, 5.6493993196163892e-03,
          4.1401511627555303e-03, -2.2858692061446121e-04,
          -1.4172551609776230e-02, 3.3945504502268839e-04,
          5.6393290246700147e-04, 8.6739276284312320e-05,
          1.7831293820763965e-02, 1.4395972713427915e-03,
          -3.2154313777518644e-03, 9.7501342013460717e-04,
          -1.2597553020736644e-04, 5.0916632883331011e-04,
          2.9054725889832881e-02, 7.8093586137684655e-03,
          -3.3122904311814584e-03, 1.4395972713427915e-03,
          3.2580235475514190e-02, -1.7210186446516597e-02,
          -1.0012366352078935e-02, -1.3324872553155424e-03,
          4.4445553359824627e-02, -4.9625217951127780e-02,
          -7.7330489283990046e-03, 5.6493993196163874e-03,
          -3.2154313777518653e-03, -1.7210186446516597e-02,
          1.2297631803330254e-01, 2.6316473032167744e-02,
          -8.2781803812476702e-03, -7.7093603765858637e-02,
          -2.5536458703731401e-02, -3.5878458773757936e-03,
          4.1401511627555303e-03, 9.7501342013460641e-04,
          -1.0012366352078934e-02, 2.6316473032167744e-02,
          2.0674041394950483e-02, 1.2795595452146215e-03,
          -3.7011982144503186e-02, -2.8532427227339007e-03,
          -3.1850179651740987e-04, -2.2858692061446132e-04,
          -1.2597553020736650e-04, -1.3324872553155428e-03,
          -8.2781803812476684e-03, 1.2795595452146217e-03,
          1.7411758395872220e-02, -2.0240270411448678e-03,
          8.5679257017522409e-02, 3.0635034649543615e-02,
          -1.4172551609776230e-02, 5.0916632883331076e-04,
          4.4445553359824627e-02, -7.7093603765858637e-02,
          -3.7011982144503186e-02, -2.0240270411448686e-03,
          5.8077062103768728e-01 ]
   - !!opencv-matrix
      rows: 9
      cols: 9
      dt: d
      data: [ 1.7348899792223063e-01, 1.5081900109345373e-01,
          1.8286324667634267e-02, 1.5403487206689468e-02,
          -4.1192957942974243e-02, 4.1305596656880952e-02,
          2.0202060247307075e-02, -1.3141935247221888e-03,
          -3.7603042297576716e-02, 1.5081900109345373e-01,
          2.9579488920736829e-01, 2.2163494230669992e-02,
          4.7329625776099275e-02, -7.8744751824263728e-02,
          3.2790520160054758e-02, -5.3323839028079200e-03,
          -7.2236798557516061e-03, -8.9501529166967672e-02,
          1.8286324667634267e-02, 2.2163494230669999e-02,
          6.2022581309591804e-02, 7.2168095723810811e-03,
          -1.7696067916648218e-02, 2.3032868060476910e-02,
          4.2407656988767712e-03, 1.3908492968518630e-03,
          -1.4818761671187900e-03, 1.5403487206689466e-02,
          4.7329625776099275e-02, 7.2168095723810785e-03,
          5.3469465547798259e-02, -8.0239860248552224e-03,
          -7.0842112049604687e-03, -3.4657067619864499e-03,
          -6.4095442060179634e-04, -2.4652810927452497e-02,
          -4.1192957942974243e-02, -7.8744751824263728e-02,
          -1.7696067916648225e-02, -8.0239860248552224e-03,
          1.6623739748790350e-01, -2.2000491685936353e-02,
