%YAML:1.0
---
groups:
   - intact
   - CD19
intactGmmnames:
   - "intact.Bue039.0"
   - "intact.Bue039.1"
   - "intact.Bue039.2"
   - "intact.Bue039.3"
   - "intact.Bue039.4"
intactLabels:
   - FSC-A
   - SSC-A
   - CD20
   - CD10
   - CD45
   - CD34
   - SYTO41
   - CD19
   - CD38
intactMu: !!opencv-matrix
   rows: 5
   cols: 9
   dt: d
   data: [ 1.4070292593490397e+00, 3.2268977511934543e-01,
       1.0281433180513104e+00, 9.3915527186092573e-01,
       3.3513864025175888e+00, 1.3280169751610107e+00,
       3.2492051761454013e+00, 8.6830267874339007e-01,
       1.9342976104481899e+00, 1.1107660125522147e+00,
       3.4987703213828075e-01, 1.0286062017389621e+00,
       9.3141729973306719e-01, 1.5121996192108995e+00,
       1.8193422021348107e+00, 3.3279931524009396e+00,
       8.7167432847117921e-01, 1.1599196014057778e+00,
       2.1004651962541794e+00, 2.6890950860590239e+00,
       1.2250387278869905e+00, 2.0501787780306686e+00,
       3.0018800490950741e+00, 1.9654031081868422e+00,
       3.2455344604520904e+00, 1.0249708674571512e+00,
       1.8410843940588717e+00, 1.9155816586436447e+00,
       8.5806633844763092e-01, 1.2149465695608852e+00,
       1.0172978120925276e+00, 2.7204491982625916e+00,
       2.1014110318692603e+00, 3.5428038570928617e+00,
       9.6063164634109088e-01, 2.2534584722618356e+00,
       1.2468036003768515e+00, 1.6919832121642100e-01,
       1.0209506015974537e+00, 9.2593598737810834e-01,
       3.2398537474850704e+00, 1.7383965324606476e+00,
       3.2167089988883015e+00, 8.7765720461885832e-01,
       1.5504173141607318e+00 ]
intactSigma:
   - !!opencv-matrix
      rows: 9
      cols: 9
      dt: d
      data: [ 3.7865563257714854e-02, 8.0492927839327117e-03,
          -1.2191927167625801e-03, 1.1247988859925348e-03,
          1.4784935315263302e-02, -2.1584034492476499e-02,
          7.3186230065695919e-04, 1.6804773165011160e-03,
          2.2604960031613067e-02, 8.0492927839327117e-03,
          9.8109600639021150e-03, -5.7026673700263431e-04,
          3.8776364222889692e-04, 9.1796805904241028e-03,
          -5.0729715325734314e-03, 7.0687823157578186e-04,
          3.7226095987261500e-05, 9.1130604517151177e-03,
          -1.2191927167625809e-03, -5.7026673700263399e-04,
          5.0100486491040000e-02, 4.6642466963534832e-04,
          6.2892972457155431e-05, -1.1455265122795666e-03,
          5.7431699748223198e-05, -2.5137652489967861e-03,
          -1.0669754463843594e-02, 1.1247988859925343e-03,
          3.8776364222889664e-04, 4.6642466963534848e-04,
          1.1550105177577097e-02, 8.0883220389762448e-04,
          -4.0331065005493405e-03, -2.1229811118090271e-04,
          -2.3443997516963013e-04, -1.8831830182959261e-03,
          1.4784935315263302e-02, 9.1796805904241028e-03,
          6.2892972457156108e-05, 8.0883220389762448e-04,
          3.4410142265491599e-02, -2.7741586715989256e-02,
          -8.8387408577289019e-04, 1.3114914971363682e-03,
          3.7239517645723929e-03, -2.1584034492476502e-02,
          -5.0729715325734323e-03, -1.1455265122795680e-03,
          -4.0331065005493405e-03, -2.7741586715989256e-02,
          1.9974345470221005e-01, 9.2150601270401325e-03,
          -1.7026433625848734e-02, 5.2060352972043032e-03,
          7.3186230065695951e-04, 7.0687823157578207e-04,
          5.7431699748222893e-05, -2.1229811118090271e-04,
          -8.8387408577289019e-04, 9.2150601270401325e-03,
          2.2313618064371557e-02, -5.1555199807742664e-04,
          -1.3337085093412896e-02, 1.6804773165011166e-03,
          3.7226095987261582e-05, -2.5137652489967853e-03,
          -2.3443997516963016e-04, 1.3114914971363680e-03,
          -1.7026433625848728e-02, -5.1555199807742610e-04,
          1.7729111564997943e-02, 3.0433384347830273e-03,
          2.2604960031613063e-02, 9.1130604517151159e-03,
          -1.0669754463843589e-02, -1.8831830182959265e-03,
          3.7239517645723929e-03, 5.2060352972043006e-03,
          -1.3337085093412894e-02, 3.0433384347830282e-03,
          4.7176878119480864e-01 ]
   - !!opencv-matrix
      rows: 9
      cols: 9
      dt: d
      data: [ 7.9806455812149207e-02, 2.3339541786861550e-02,
          7.0935061900372067e-03, 3.0559965925745498e-03,
          3.1423574174619204e-02, 5.3479898920557704e-02,
          3.8050004240514836e-02, 3.2397610219232209e-03,
          1.3773488535583482e-02, 2.3339541786861553e-02,
          1.3308587040933482e-02, 3.3866717807394093e-03,
          1.6074367118767638e-03, 1.3221469933137693e-02,
          2.5819403327010167e-02, 1.5095321458481522e-02,
          1.2118315337379133e-03, 7.0180053121167395e-03,
          7.0935061900372050e-03, 3.3866717807394080e-03,
          3.2933609721232313e-02, 1.3187997972667160e-03,
          5.3617218787464938e-03, 9.1838451258252473e-03,
          8.1929956967230298e-03, -6.1700754103023107e-04,
          7.4139421344590514e-05, 3.0559965925745498e-03,
          1.6074367118767638e-03, 1.3187997972667167e-03,
          1.6219963207852465e-02, 2.7536605438288346e-03,
          6.8961916365808853e-04, 2.7191296425540189e-03,
          -6.1814809408360506e-04, 9.2083806083632263e-04,
          3.1423574174619218e-02, 1.3221469933137693e-02,
          5.3617218787464947e-03, 2.7536605438288338e-03,
          8.0641058707378407e-02, 3.5879249529979236e-02,
          1.9514532199337017e-02, 1.7737942739797757e-03,
          9.3490569098486319e-03, 5.3479898920557697e-02,
          2.5819403327010167e-02, 9.1838451258252473e-03,
          6.8961916365808853e-04, 3.5879249529979236e-02,
          1.8863483998879790e-01, 6.0607337465533206e-02,
          -8.8887085532076936e-03, 2.2024893801309873e-02,
          3.8050004240514836e-02, 1.5095321458481518e-02,
          8.1929956967230315e-03, 2.7191296425540202e-03,
          1.9514532199337017e-02, 6.0607337465533206e-02,
          6.0470657083368011e-02, 3.0930043929204075e-03,
          9.2810284835767257e-03, 3.2397610219232209e-03,
          1.2118315337379133e-03, -6.1700754103023129e-04,
          -6.1814809408360463e-04, 1.7737942739797750e-03,
          -8.8887085532076936e-03, 3.0930043929204088e-03,
          3.3977879266690006e-02, 1.1975319637202602e-03,
          1.3773488535583482e-02, 7.0180053121167386e-03,
          7.4139421344590392e-05, 9.2083806083632263e-04,
          9.3490569098486319e-03, 2.2024893801309862e-02,
          9.2810284835767240e-03, 1.1975319637202604e-03,
          1.4740184481680118e-02 ]
   - !!opencv-matrix
      rows: 9
      cols: 9
      dt: d
      data: [ 9.3236360856095976e-02, 1.4039735675766277e-01,
          1.2758479640506292e-02, -1.8728532072821474e-02,
          -3.2562330774238853e-03, 2.0008224757340026e-02,
          1.1576592741558131e-02, 8.2588775211223740e-03,
          2.8832591181295868e-02, 1.4039735675766277e-01,
          4.3414933334123301e-01, 2.9224113470113531e-02,
          1.8268501849748618e-02, 1.5834789647241762e-02,
          5.2864653079553119e-02, 1.2616996661774193e-02,
          2.6067872903789070e-02, 7.4074995823773290e-02,
          1.2758479640506292e-02, 2.9224113470113538e-02,
          6.5340783200369568e-02, 1.2979957524161242e-02,
          3.7822955256867617e-03, 2.6048742884144088e-02,
          6.3467905794674954e-03, 6.6083475473568236e-03,
          2.7319039495688679e-03, -1.8728532072821474e-02,
          1.8268501849748629e-02, 1.2979957524161244e-02,
          2.9081033335325762e-01, 5.4037743666895136e-02,
          1.4937919528552480e-02, -1.7408373451093154e-02,
          1.7045763029179335e-02, -4.5056083015143966e-02,
          -3.2562330774238866e-03, 1.5834789647241762e-02,
          3.7822955256867617e-03, 5.4037743666895136e-02,
          2.9832608070376902e-02, 4.5120846979359742e-03,
          -5.9796142515585555e-03, 7.5430884142229362e-03,
