%YAML:1.0
---
groups:
   - intact
   - CD19
intactGmmnames:
   - "intact.Bue018.0"
   - "intact.Bue018.1"
   - "intact.Bue018.2"
   - "intact.Bue018.3"
   - "intact.Bue018.4"
intactLabels:
   - FSC-A
   - SSC-A
   - CD20
   - CD10
   - CD45
   - CD34
   - SYTO41
   - CD19
   - CD38
intactMu: !!opencv-matrix
   rows: 5
   cols: 9
   dt: d
   data: [ 1.9187733334980914e+00, 1.1159655555604049e+00,
       1.3699869501186515e+00, 1.4132880675879991e+00,
       2.7816886653728266e+00, 1.6158015055700925e+00,
       2.6388640474739709e+00, 1.1874453425162943e+00,
       1.9424886426061518e+00, 1.1532918440004762e+00,
       3.4706438766037306e-01, 1.1662281041211235e+00,
       1.1067127332214408e+00, 3.2276039170047528e+00,
       9.9896585263973214e-01, 2.3368918598749628e+00,
       1.0375011480597796e+00, 1.6602752539483738e+00,
       2.5909001835764633e+00, 3.1216743113649046e+00,
       1.2840901182087627e+00, 2.2057100886495071e+00,
       3.0141042188255178e+00, 1.7678669253019441e+00,
       2.5068009716629915e+00, 1.1177967954478993e+00,
       1.7703709115556356e+00, 1.3266766431025252e+00,
       4.5951445895588144e-01, 1.1656852919087459e+00,
       1.1081607091730403e+00, 3.3058660756504850e+00,
       1.0434594516470466e+00, 2.4191793169592830e+00,
       1.0558874165562915e+00, 2.4721858485805539e+00,
       1.3105158559527168e+00, 4.5915507964747521e-01,
       1.1827119132669579e+00, 1.1171126517475756e+00,
       1.5967075195153047e+00, 1.2017169216285488e+00,
       2.6748394844929679e+00, 1.0586870380138362e+00,
       1.2406533631489902e+00 ]
intactSigma:
   - !!opencv-matrix
      rows: 9
      cols: 9
      dt: d
      data: [ 6.7471127389820318e-01, 4.0819584998180375e-01,
          -7.3289981649276345e-02, 1.5329320808557256e-01,
          5.6198980195568266e-02, 6.0864866309316985e-02,
          2.6299520384073471e-02, -2.2330433770984724e-02,
          1.3514122564522371e-01, 4.0819584998180375e-01,
          6.1976037700665121e-01, -8.4119610114948423e-03,
          2.1297345761979977e-01, 4.5632372790168810e-02,
          9.9552980212474537e-02, 2.3319507893523401e-02,
          -1.6518306697193390e-03, 5.2973907121182294e-02,
          -7.3289981649276345e-02, -8.4119610114948406e-03,
          1.6984034729395348e-01, 5.3727396027619953e-03,
          -1.6349495381317820e-02, 9.3148912907714099e-02,
          1.4574658316193582e-02, 4.9419754819370151e-02,
          -6.2981964362376561e-02, 1.5329320808557256e-01,
          2.1297345761979977e-01, 5.3727396027619919e-03,
          2.4677272489379151e-01, 1.4606290643392335e-02,
          4.5214810071109744e-02, 2.2144761933208571e-03,
          -6.4786679998878917e-03, -5.5981515375087623e-02,
          5.6198980195568266e-02, 4.5632372790168803e-02,
          -1.6349495381317816e-02, 1.4606290643392339e-02,
          3.6495231816688517e-01, -7.8956293476344724e-02,
          -2.3340277444735023e-02, 1.4740128974913476e-02,
          9.6637663435087742e-02, 6.0864866309316971e-02,
          9.9552980212474537e-02, 9.3148912907714099e-02,
          4.5214810071109744e-02, -7.8956293476344738e-02,
          3.8092491686054042e-01, 4.3859393434906260e-02,
          -4.3320114821253060e-03, -1.4017128146394367e-02,
          2.6299520384073471e-02, 2.3319507893523401e-02,
          1.4574658316193582e-02, 2.2144761933208571e-03,
          -2.3340277444735019e-02, 4.3859393434906260e-02,
          8.2277857108330743e-02, 2.1046020024830894e-03,
          -1.9038033176645017e-02, -2.2330433770984717e-02,
          -1.6518306697193368e-03, 4.9419754819370151e-02,
          -6.4786679998878934e-03, 1.4740128974913476e-02,
          -4.3320114821253078e-03, 2.1046020024830894e-03,
          9.7194717260531679e-02, 6.7052292765780478e-03,
          1.3514122564522368e-01, 5.2973907121182294e-02,
          -6.2981964362376561e-02, -5.5981515375087630e-02,
          9.6637663435087742e-02, -1.4017128146394367e-02,
          -1.9038033176645021e-02, 6.7052292765780461e-03,
          4.9077293845875214e-01 ]
   - !!opencv-matrix
      rows: 9
      cols: 9
      dt: d
      data: [ 3.8320449573205934e-02, 1.2745650592409303e-02,
          -5.4996059355159226e-04, 1.1291036716995725e-03,
          1.8900917815796756e-02, -4.4378135391233637e-03,
          -2.3339955180815717e-03, -3.5851674977198009e-04,
          -1.7635459775824164e-02, 1.2745650592409303e-02,
          8.6685321004024759e-03, -1.2465290452553585e-04,
          6.8608332425040537e-04, 9.0726054770401722e-03,
          -4.6803904328946680e-04, -4.3275277548726816e-04,
          -1.9350348119731670e-04, -8.0924740988842052e-03,
          -5.4996059355159194e-04, -1.2465290452553588e-04,
          8.3596735182423013e-03, 2.5197673708083786e-06,
          -1.9117647449290323e-04, -9.3172116975495623e-04,
          -5.9561707218372634e-04, -1.3688504131779679e-05,
          -1.3631485111441004e-03, 1.1291036716995723e-03,
          6.8608332425040559e-04, 2.5197673708084078e-06,
          5.4380304067133470e-03, 4.6091512971691419e-04,
          -2.6492146907743722e-03, 5.3888856631045590e-06,
          2.9968883526693086e-04, -1.6921092897414585e-03,
          1.8900917815796756e-02, 9.0726054770401722e-03,
          -1.9117647449290342e-04, 4.6091512971691397e-04,
          2.3561891310496744e-02, -2.3046516757393430e-03,
          -1.5288372133387971e-03, -7.8783702270050510e-04,
          -1.7708849291644721e-03, -4.4378135391233619e-03,
          -4.6803904328946669e-04, -9.3172116975495645e-04,
          -2.6492146907743717e-03, -2.3046516757393430e-03,
          4.7975768047151958e-02, 2.7695468272853657e-04,
          -4.7233706119489864e-03, -3.2076451361814869e-03,
          -2.3339955180815713e-03, -4.3275277548726805e-04,
          -5.9561707218372612e-04, 5.3888856631045370e-06,
          -1.5288372133387977e-03, 2.7695468272853651e-04,
          4.6851973104307882e-03, -6.5661531442731355e-05,
          -2.4686472615477661e-03, -3.5851674977198020e-04,
          -1.9350348119731684e-04, -1.3688504131779630e-05,
          2.9968883526693097e-04, -7.8783702270050510e-04,
          -4.7233706119489864e-03, -6.5661531442731341e-05,
          5.6433150819852227e-03, -4.2116201302533070e-04,
          -1.7635459775824161e-02, -8.0924740988842069e-03,
          -1.3631485111441008e-03, -1.6921092897414585e-03,
          -1.7708849291644721e-03, -3.2076451361814861e-03,
          -2.4686472615477657e-03, -4.2116201302533070e-04,
          1.5713665944975508e-01 ]
   - !!opencv-matrix
      rows: 9
      cols: 9
      dt: d
      data: [ 8.4662497812556858e-02, 1.3465043541770924e-01,
          8.7443697955971716e-03, -6.8661756904022028e-03,
          5.6551356188339085e-04, 3.6178188702794906e-02,
          1.1920713143018754e-02, 2.9491789561894091e-03,
          2.9892480528213666e-02, 1.3465043541770924e-01,
          4.4611030497038873e-01, 1.1095814387342459e-02,
          3.8048057452334590e-02, 2.4883568348211888e-02,
          6.6270116903676068e-02, 2.7299864272236584e-02,
          9.8544687499581337e-03, 6.2240843944586954e-02,
          8.7443697955971733e-03, 1.1095814387342459e-02,
          1.7120384751428509e-02, -7.4568137815278593e-05,
          5.9609661065096410e-04, 4.0239586300862308e-03,
          1.0144738501561474e-03, 1.2705561257508363e-03,
          2.6098087261547682e-03, -6.8661756904022054e-03,
          3.8048057452334597e-02, -7.4568137815278498e-05,
          1.3110441053169150e-01, 2.7128826399476391e-02,
          -1.0333109781902779e-02, -7.1187661252059822e-03,
          6.0485618324807710e-03, -9.7097585507588593e-03,
          5.6551356188339118e-04, 2.4883568348211895e-02,
          5.9609661065096432e-04, 2.7128826399476391e-02,
          1.8364838036455548e-02, 1.0636974264356235e-03,
