%YAML:1.0
---
groups:
   - intact
   - CD19
   - blast
intactGmmnames:
   - "intact.Bue057.0"
   - "intact.Bue057.1"
   - "intact.Bue057.2"
   - "intact.Bue057.3"
   - "intact.Bue057.4"
intactLabels:
   - FSC-A
   - SSC-A
   - CD20
   - CD10
   - CD45
   - CD34
   - SYTO41
   - CD19
   - CD38
intactMu: !!opencv-matrix
   rows: 5
   cols: 9
   dt: d
   data: [ 1.3655394960919411e+00, 2.9995427846739131e-01,
       9.9777855413432592e-01, 1.0059991328932782e+00,
       1.6934409666734382e+00, 1.2265063034901142e+00,
       2.8704260927950660e+00, 8.8242793321619839e-01,
       1.2850463399493943e+00, 1.3303695664307973e+00,
       2.5048284012127664e-01, 9.6686256373752943e-01,
       8.2082058424999127e-01, 3.2496724071004941e+00,
       1.1286921800392680e+00, 2.7268776790831897e+00,
       8.0508197009860338e-01, 1.7736317134945867e+00,
       1.5300814637793381e+00, 3.0812140360535023e-01,
       1.0024469052130371e+00, 8.3247545383318844e-01,
       3.3278668844197257e+00, 1.1423033432104213e+00,
       2.7061681541530107e+00, 8.6143838531508476e-01,
       2.8230874360625884e+00, 2.2911399256016001e+00,
       2.5689968989882570e+00, 1.0391648536583491e+00,
       1.3417070406090057e+00, 2.6563058639261694e+00,
       1.3888173649677666e+00, 2.8593747114036456e+00,
       9.0288776756092659e-01, 2.1883426959294678e+00,
       2.0730021514529668e+00, 9.7521021492208171e-01,
       1.2316448382572540e+00, 1.0953528451434575e+00,
       2.7708851588117809e+00, 1.5258481969322271e+00,
       3.0112083912833567e+00, 1.0471597838550493e+00,
       2.4114680471818319e+00 ]
intactSigma:
   - !!opencv-matrix
      rows: 9
      cols: 9
      dt: d
      data: [ 1.4766528787411523e-01, 2.9664910021130961e-02,
          4.7714307871035526e-03, -3.2027820070032829e-03,
          2.6397389496193756e-02, 3.5411330074228606e-03,
          4.6292591176582187e-02, 5.9425718992462536e-03,
          1.7475497064246125e-02, 2.9664910021130961e-02,
          1.3789336065580421e-02, 1.4599822976027212e-03,
          -2.8386509541565570e-03, 9.8139504854351644e-03,
          4.6625405661438035e-03, 1.2096123750682490e-02,
          1.4314425325016834e-03, 8.5111131285197459e-03,
          4.7714307871035535e-03, 1.4599822976027212e-03,
          4.8898885098089623e-02, 3.4152866663947262e-02,
          1.9571550061954148e-03, -1.1599118909055789e-03,
          3.6930311674122349e-03, 1.1323499937289684e-02,
          2.2722601138390605e-03, -3.2027820070032829e-03,
          -2.8386509541565561e-03, 3.4152866663947262e-02,
          2.5557968828546901e-01, -6.8577770544820740e-03,
          -3.4339603720458557e-03, -6.7248600056666330e-03,
          6.0855770185691140e-02, 9.8170638407063786e-03,
          2.6397389496193756e-02, 9.8139504854351644e-03,
          1.9571550061954143e-03, -6.8577770544820740e-03,
          2.4593371434962309e-02, 4.0031652943304987e-03,
          1.4663832800328895e-02, 8.0121110641164373e-04,
          9.4624324675817040e-03, 3.5411330074228606e-03,
          4.6625405661438035e-03, -1.1599118909055781e-03,
          -3.4339603720458553e-03, 4.0031652943304996e-03,
          4.4031560330778277e-02, 7.9396767616057174e-03,
          -6.3471971943965602e-03, 2.9300609149751126e-03,
          4.6292591176582187e-02, 1.2096123750682490e-02,
          3.6930311674122323e-03, -6.7248600056666321e-03,
          1.4663832800328895e-02, 7.9396767616057174e-03,
          3.8325853659147702e-02, 7.3421601704256321e-04,
          7.9173823010567322e-03, 5.9425718992462536e-03,
          1.4314425325016838e-03, 1.1323499937289679e-02,
          6.0855770185691140e-02, 8.0121110641164330e-04,
          -6.3471971943965602e-03, 7.3421601704256332e-04,
          6.4524613283054505e-02, 6.5514050350289118e-03,
          1.7475497064246125e-02, 8.5111131285197459e-03,
          2.2722601138390613e-03, 9.8170638407063786e-03,
          9.4624324675817040e-03, 2.9300609149751126e-03,
          7.9173823010567322e-03, 6.5514050350289109e-03,
          2.3699915196514546e-02 ]
   - !!opencv-matrix
      rows: 9
      cols: 9
      dt: d
      data: [ 3.4180227656707834e-02, 8.3378942488768724e-03,
          6.5146937839929812e-04, 1.9517644448619397e-03,
          1.3220574614592208e-02, 4.6154435849248130e-05,
          2.6468399040761805e-03, 1.1780905564256026e-03,
          -2.8882096039356476e-02, 8.3378942488768724e-03,
          4.0375220944886409e-03, 4.3299314476971678e-04,
          9.1911045777086147e-04, 5.1729206416106172e-03,
          4.6140596352233907e-05, -4.1032658520005451e-04,
          4.6306123199428133e-04, -9.0528518069538690e-03,
          6.5146937839929812e-04, 4.3299314476971651e-04,
          4.5391937135677796e-02, 1.2423975191718330e-03,
          6.1765236098213644e-04, -7.4594721089566763e-04,
          7.6494939881507492e-05, -1.3157068624544909e-03,
          -4.5116817310846017e-03, 1.9517644448619389e-03,
          9.1911045777086104e-04, 1.2423975191718330e-03,
          1.8360904125922967e-02, 1.0552365615261723e-03,
          -2.6131348975627906e-03, 2.2846708888877386e-04,
          1.0653744202597723e-03, -4.3359244861734467e-03,
          1.3220574614592208e-02, 5.1729206416106172e-03,
          6.1765236098213687e-04, 1.0552365615261723e-03,
          1.7883299878888283e-02, -3.7673579294134430e-06,
          -2.1698209385244897e-03, 1.5689914459559773e-04,
          -9.1357426622660082e-03, 4.6154435849247893e-05,
          4.6140596352233907e-05, -7.4594721089566796e-04,
          -2.6131348975627906e-03, -3.7673579294132008e-06,
          1.3790423596169745e-02, 6.1455970549427778e-04,
          -5.2662549977869864e-03, -3.0585549384722741e-03,
          2.6468399040761796e-03, -4.1032658520005451e-04,
          7.6494939881507627e-05, 2.2846708888877378e-04,
          -2.1698209385244897e-03, 6.1455970549427778e-04,
          1.0934381348569036e-02, 3.8708219511889177e-04,
          -5.7636492698033438e-03, 1.1780905564256028e-03,
          4.6306123199428139e-04, -1.3157068624544905e-03,
          1.0653744202597719e-03, 1.5689914459559773e-04,
          -5.2662549977869864e-03, 3.8708219511889171e-04,
          2.4038688857922669e-02, -3.0821180805957072e-03,
          -2.8882096039356479e-02, -9.0528518069538672e-03,
          -4.5116817310846026e-03, -4.3359244861734458e-03,
          -9.1357426622660064e-03, -3.0585549384722736e-03,
          -5.7636492698033429e-03, -3.0821180805957063e-03,
          2.2679198582303459e-01 ]
   - !!opencv-matrix
      rows: 9
      cols: 9
      dt: d
      data: [ 3.1058633968370691e-02, 6.3894722501186673e-03,
          -3.9328879444968068e-04, 1.0113028879202286e-03,
          1.0274246408724461e-02, -4.9754698840589562e-04,
          2.3820794364364400e-03, -5.2687740736870829e-03,
          3.0253839767543710e-02, 6.3894722501186656e-03,
          5.1920877415323249e-03, 9.6160418601403926e-04,
          1.2869221302284945e-03, 3.5383836917684155e-03,
          2.3846281205398525e-04, -5.3544496365385413e-04,
          -4.8228174519579297e-04, 8.7953486314932654e-03,
          -3.9328879444968089e-04, 9.6160418601403958e-04,
          1.2125944872199262e-01, 2.3334889443486712e-03,
          -5.5631394464006696e-05, -1.8680992156266711e-03,
          1.3746462132270430e-03, -1.4712436446497660e-03,
          -6.6286436220774564e-03, 1.0113028879202284e-03,
          1.2869221302284947e-03, 2.3334889443486716e-03,
          2.0060065595390912e-02, 8.1053854399040391e-04,
          -1.9853289186495837e-03, 8.8630855741002269e-04,
          4.6506091787948287e-04, -1.8329062058493724e-04,
          1.0274246408724463e-02, 3.5383836917684147e-03,
          -5.5631394464006133e-05, 8.1053854399040391e-04,
          1.8394099781987704e-02, -9.1349838545591675e-04,
