%YAML:1.0
---
groups:
   - intact
   - CD19
   - blast
intactGmmnames:
   - "intact.Vie031.0"
   - "intact.Vie031.1"
   - "intact.Vie031.2"
   - "intact.Vie031.3"
   - "intact.Vie031.4"
intactLabels:
   - FSC-A
   - SSC-A
   - CD20
   - CD10
   - CD45
   - CD34
   - SYTO41
   - CD19
   - CD38
intactMu: !!opencv-matrix
   rows: 5
   cols: 9
   dt: d
   data: [ 4.7798362455942162e-01, 3.4069538005888672e-01,
       9.5465446041065549e-01, 8.9662976468815236e-01,
       3.2970557023175440e+00, 1.4072987611531174e+00,
       3.6094705940109133e+00, 8.6318248410266785e-01,
       1.6320050600781046e+00, 7.7896899991197555e-01,
       5.7184661537918191e-01, 9.4017060347833570e-01,
       9.1065813040380084e-01, 1.1727687023012976e+00,
       1.3297100144456537e+00, 3.5087967160872160e+00,
       8.5998293272888615e-01, 1.3633748434155668e+00,
       1.8709345305821521e+00, 3.4789925076459971e+00,
       1.0956618750900575e+00, 2.3184408678797319e+00,
       3.0467533739812835e+00, 1.5388844224098128e+00,
       3.2822439390189713e+00, 1.1245099178313094e+00,
       2.0063430590730280e+00, 9.3148851304644142e-01,
       4.7558070921118689e-01, 1.0050078976802472e+00,
       8.9481427355003862e-01, 3.3591155386024605e+00,
       1.2369051606962749e+00, 3.2995964341723529e+00,
       8.5518178819481627e-01, 1.6760746711321501e+00,
       1.5258456065798149e+00, 1.4126689353774458e+00,
       1.0971683617230212e+00, 1.0915846503249802e+00,
       2.3947966768505404e+00, 1.8464051661792835e+00,
       3.5292204607618411e+00, 1.0947116205129390e+00,
       2.1312227568165287e+00 ]
intactSigma:
   - !!opencv-matrix
      rows: 9
      cols: 9
      dt: d
      data: [ 1.5607077943640805e-02, 1.7182906501443760e-03,
          -9.4724350844142336e-05, -6.7925812645726802e-04,
          2.6046492282849171e-03, -4.7758397848120821e-03,
          -7.0627436344735672e-03, 4.5687797605244390e-04,
          -4.5986801813570014e-03, 1.7182906501443762e-03,
          7.4201223072812425e-03, 3.0528366066270466e-04,
          9.1773355718835991e-04, 2.6001020910089599e-03,
          1.8456416288836000e-03, 1.6545913019393532e-04,
          1.5280379654213287e-03, -5.6964430564247883e-03,
          -9.4724350844142228e-05, 3.0528366066270472e-04,
          2.7330422961274001e-02, 1.8093443034057812e-05,
          2.2848796185045522e-04, -3.6173402064560286e-03,
          4.2884028991485394e-04, 8.5585198428531051e-04,
          -1.6824816435651797e-03, -6.7925812645726802e-04,
          9.1773355718835991e-04, 1.8093443034057754e-05,
          1.2557153655765914e-02, 3.2882042049459396e-04,
          2.8579376839304323e-03, 7.5985357922431782e-04,
          -5.6031297804348896e-04, -2.8062475813375246e-03,
          2.6046492282849171e-03, 2.6001020910089599e-03,
          2.2848796185045498e-04, 3.2882042049459396e-04,
          7.4588125206146516e-03, -7.8424638146337741e-05,
          -1.3333651030366376e-03, 9.5028190875559603e-04,
          -3.8889640417340294e-03, -4.7758397848120830e-03,
          1.8456416288836000e-03, -3.6173402064560282e-03,
          2.8579376839304315e-03, -7.8424638146337524e-05,
          8.5970354697171639e-02, 4.4528414300848028e-03,
          -2.5972656808445155e-02, 7.2451475966649930e-04,
          -7.0627436344735672e-03, 1.6545913019393524e-04,
          4.2884028991485427e-04, 7.5985357922431749e-04,
          -1.3333651030366376e-03, 4.4528414300848028e-03,
          6.9140842395117846e-03, -8.1290679964707769e-06,
          2.7522083769510259e-04, 4.5687797605244390e-04,
          1.5280379654213283e-03, 8.5585198428531073e-04,
          -5.6031297804348885e-04, 9.5028190875559571e-04,
          -2.5972656808445155e-02, -8.1290679964708853e-06,
          6.6933690599784837e-02, 3.4393712507908370e-04,
          -4.5986801813570014e-03, -5.6964430564247874e-03,
          -1.6824816435651807e-03, -2.8062475813375254e-03,
          -3.8889640417340281e-03, 7.2451475966649973e-04,
          2.7522083769510242e-04, 3.4393712507908326e-04,
          1.0271280339137248e-01 ]
   - !!opencv-matrix
      rows: 9
      cols: 9
      dt: d
      data: [ 7.9508099396350757e-02, 3.4400534964949887e-02,
          5.1587141877220094e-04, 5.8477993910938048e-03,
          9.2268796503933870e-03, 3.3279680462358131e-03,
          6.4275868590187709e-03, 2.6984076012334683e-03,
          1.8776178701317318e-02, 3.4400534964949887e-02,
          3.3843286421888705e-02, 1.0822717375547478e-03,
          4.4609978352490223e-03, 3.4784551612817454e-03,
          8.2766934264769873e-03, 1.1130166085762091e-02,
          3.2780839742238919e-03, 1.6256732591438963e-02,
          5.1587141877220116e-04, 1.0822717375547481e-03,
          2.3263486235504449e-02, 8.9852292424086322e-05,
          -5.6120148038746320e-04, -3.0978083689441405e-03,
          1.2408857068162767e-03, -1.5439777394606990e-03,
          -2.0801645699485027e-04, 5.8477993910938048e-03,
          4.4609978352490223e-03, 8.9852292424086268e-05,
          2.8475602813207407e-02, 3.3509957170164708e-03,
          5.9017664630535080e-03, 1.3928820415069884e-03,
          6.5971553389243380e-04, 2.9346015137875791e-03,
          9.2268796503933870e-03, 3.4784551612817454e-03,
          -5.6120148038746309e-04, 3.3509957170164716e-03,
          5.2966924109279834e-02, 8.9955764103061254e-04,
          -2.2219104561306970e-02, 1.4640917018224515e-03,
          5.7409185473019271e-03, 3.3279680462358135e-03,
          8.2766934264769908e-03, -3.0978083689441405e-03,
          5.9017664630535080e-03, 8.9955764103061286e-04,
          9.9823318926867660e-02, 1.3203307030166807e-02,
          -2.2916287383044562e-02, 7.1525552006523043e-03,
          6.4275868590187692e-03, 1.1130166085762091e-02,
          1.2408857068162769e-03, 1.3928820415069884e-03,
          -2.2219104561306970e-02, 1.3203307030166807e-02,
          7.5693695594638705e-02, -9.9355955344947373e-04,
          1.0142056448610210e-02, 2.6984076012334683e-03,
          3.2780839742238936e-03, -1.5439777394606990e-03,
          6.5971553389243380e-04, 1.4640917018224513e-03,
          -2.2916287383044562e-02, -9.9355955344947351e-04,
          6.6038371923241426e-02, 3.4721052720518295e-03,
          1.8776178701317321e-02, 1.6256732591438960e-02,
          -2.0801645699485032e-04, 2.9346015137875774e-03,
          5.7409185473019271e-03, 7.1525552006523043e-03,
          1.0142056448610208e-02, 3.4721052720518282e-03,
          2.4463769755723935e-02 ]
   - !!opencv-matrix
      rows: 9
      cols: 9
      dt: d
      data: [ 4.5358671410682716e-01, 2.3730404128543989e-01,
          -1.6343941476971435e-02, -3.1836015708262028e-02,
          2.9286913551073990e-02, 1.2158930798480050e-02,
          -1.7287069719232526e-02, 1.7735046101738018e-02,
          4.8813781205865443e-02, 2.3730404128543989e-01,
          6.5778735217955697e-01, 2.0373503080286088e-02,
          9.8140828171697905e-02, 1.0243427098481853e-01,
          4.3406187492213304e-02, -5.0937266612879409e-02,
          -2.1086856094560794e-02, 1.0647532626491296e-01,
          -1.6343941476971435e-02, 2.0373503080286095e-02,
          5.5399442347853621e-02, -2.0392564496133116e-03,
          -5.5766969406846516e-03, -2.5176587593376816e-03,
          7.6239347005132947e-03, 6.4195053826664175e-03,
          4.6057889514130252e-03, -3.1836015708262021e-02,
          9.8140828171697919e-02, -2.0392564496133111e-03,
          3.2756581134391222e-01, 1.0149495693950186e-01,
          1.5983113233977390e-02, -3.3492392099322470e-02,
          2.8857228870909694e-02, 7.2860223364798731e-03,
          2.9286913551073990e-02, 1.0243427098481853e-01,
          -5.5766969406846516e-03, 1.0149495693950186e-01,
          1.5384287114049094e-01, 6.0075821984769458e-03,
