%YAML:1.0
---
groups:
   - intact
   - CD19
   - blast
intactGmmnames:
   - "intact.Vie009.0"
   - "intact.Vie009.1"
   - "intact.Vie009.2"
   - "intact.Vie009.3"
   - "intact.Vie009.4"
intactLabels:
   - FSC-A
   - SSC-A
   - CD20
   - CD10
   - CD45
   - CD34
   - SYTO41
   - CD19
   - CD38
intactMu: !!opencv-matrix
   rows: 5
   cols: 9
   dt: d
   data: [ 1.1134710814721540e+00, 2.8358480680296444e-01,
       1.1325335489366251e+00, 9.8807880101982126e-01,
       3.3234030414679503e+00, 2.1323090343918722e+00,
       3.2581357714286834e+00, 1.2158474661481173e+00,
       1.9316316494764891e+00, 2.3288698009583517e+00,
       1.9498216565993087e+00, 1.3917804089900183e+00,
       1.5476795954538145e+00, 2.7105075077841358e+00,
       2.5875398381929240e+00, 3.4010634003212448e+00,
       1.7693351194041664e+00, 2.4223966405309811e+00,
       2.0468852223497436e+00, 2.6788019992181260e+00,
       1.3753279724151442e+00, 2.5928137062816514e+00,
       3.0047250884632675e+00, 2.6616364701445092e+00,
       3.3947815325367925e+00, 1.8641871404356634e+00,
       2.3428168401593101e+00, 8.0261559229102919e-01,
       4.2696959770307019e-01, 1.1678909523344465e+00,
       1.0571892802336444e+00, 1.5877380265814631e+00,
       2.0270649520775956e+00, 3.3619171653382951e+00,
       1.2623764120592453e+00, 1.3549075622235522e+00,
       1.5780071518640657e+00, 5.0240054953731494e-01,
       1.1786130500935115e+00, 1.1356195202020929e+00,
       3.4822084496489563e+00, 1.6901336298194078e+00,
       3.2538340103992494e+00, 1.3192239437135298e+00,
       2.1559520611754230e+00 ]
intactSigma:
   - !!opencv-matrix
      rows: 9
      cols: 9
      dt: d
      data: [ 3.3036614770208909e-02, 4.5409994089064360e-03,
          1.0296919785602961e-03, -4.4925881118204928e-04,
          7.1266620477742296e-03, -1.3355970309340900e-02,
          -3.8887938859991427e-03, -9.4533611901474542e-05,
          -1.2898587425873537e-02, 4.5409994089064360e-03,
          4.1293350716852667e-03, 3.1135250744983344e-04,
          2.3808057960617492e-03, 4.7735627956000263e-03,
          -1.3848402660216470e-04, 3.7034098733581416e-04,
          1.4476711359729098e-03, -4.2410919996633701e-03,
          1.0296919785602956e-03, 3.1135250744983344e-04,
          2.2908200588200589e-02, 3.9388501568139375e-03,
          5.5902586706683131e-04, -2.9895196947025177e-03,
          1.9612301121581767e-04, -1.5489448809330906e-03,
          -8.8603183013391410e-04, -4.4925881118204885e-04,
          2.3808057960617492e-03, 3.9388501568139375e-03,
          9.4496467198604508e-02, 3.2389261374136070e-03,
          8.8677660355112736e-03, 1.3595159047823067e-03,
          6.2346107959400576e-03, -2.4573376820785993e-03,
          7.1266620477742296e-03, 4.7735627956000263e-03,
          5.5902586706683131e-04, 3.2389261374136066e-03,
          1.0896976881935942e-02, -1.7972427568688264e-03,
          1.5903882706800010e-04, 2.3451285001090129e-03,
          -6.8857436724378629e-03, -1.3355970309340900e-02,
          -1.3848402660216456e-04, -2.9895196947025185e-03,
          8.8677660355112719e-03, -1.7972427568688264e-03,
          8.9388334579834416e-02, 4.2103953431253220e-03,
          -2.3250079680221854e-02, 5.7944796781299107e-04,
          -3.8887938859991419e-03, 3.7034098733581427e-04,
          1.9612301121581778e-04, 1.3595159047823070e-03,
          1.5903882706800020e-04, 4.2103953431253237e-03,
          6.7644247895634110e-03, 1.0961574351522167e-03,
          -1.4132284150747191e-03, -9.4533611901474732e-05,
          1.4476711359729093e-03, -1.5489448809330910e-03,
          6.2346107959400576e-03, 2.3451285001090112e-03,
          -2.3250079680221854e-02, 1.0961574351522167e-03,
          1.3293675585208395e-01, 2.8999436505928113e-03,
          -1.2898587425873536e-02, -4.2410919996633701e-03,
          -8.8603183013391345e-04, -2.4573376820785984e-03,
          -6.8857436724378647e-03, 5.7944796781299085e-04,
          -1.4132284150747191e-03, 2.8999436505928104e-03,
          1.7536953332578981e-01 ]
   - !!opencv-matrix
      rows: 9
      cols: 9
      dt: d
      data: [ 8.7659781939534565e-01, 5.3428482233077379e-01,
          -2.7388472153050340e-02, 7.7634779075651805e-03,
          8.6321224192837345e-02, 7.0110685774701059e-02,
          6.8627197642947793e-02, 7.2550944095717024e-02,
          2.2394841077666844e-01, 5.3428482233077379e-01,
          8.7588457022384480e-01, 3.9454416918788586e-02,
          1.6544075866323227e-01, 7.1816919513743818e-02,
          7.6416223672917144e-02, 2.3091960519736828e-02,
          1.4795449293032589e-01, 1.2817064620874921e-01,
          -2.7388472153050340e-02, 3.9454416918788572e-02,
          1.8722255623497189e-01, 3.3383986578862504e-02,
          5.3026714684543994e-02, -3.1048389060531049e-03,
          -2.8155569695264768e-03, 6.5230330837941122e-02,
          -1.6352966551504079e-02, 7.7634779075651771e-03,
          1.6544075866323227e-01, 3.3383986578862504e-02,
          2.5641170313280420e-01, 1.2667403165778544e-02,
          2.3772001309229577e-02, -2.8354065490043587e-02,
          6.2766443514549686e-02, -2.2209792569024677e-02,
          8.6321224192837359e-02, 7.1816919513743818e-02,
          5.3026714684543994e-02, 1.2667403165778546e-02,
          2.3468322177918302e-01, -1.3026732476960986e-02,
          -2.3451481899322692e-02, 2.8931822891500796e-02,
          9.8032286282408773e-02, 7.0110685774701059e-02,
          7.6416223672917144e-02, -3.1048389060531040e-03,
          2.3772001309229577e-02, -1.3026732476960984e-02,
          2.3035818350464868e-01, 4.0083361721667252e-02,
          3.7988370525535359e-02, 7.9777345136188393e-02,
          6.8627197642947807e-02, 2.3091960519736821e-02,
          -2.8155569695264746e-03, -2.8354065490043587e-02,
          -2.3451481899322699e-02, 4.0083361721667245e-02,
          8.4859276263961572e-02, 2.7504931900764803e-02,
          2.2517883586128645e-02, 7.2550944095717024e-02,
          1.4795449293032589e-01, 6.5230330837941095e-02,
          6.2766443514549686e-02, 2.8931822891500796e-02,
          3.7988370525535366e-02, 2.7504931900764803e-02,
          1.9561016960433772e-01, 3.5693848981679495e-02,
          2.2394841077666844e-01, 1.2817064620874921e-01,
          -1.6352966551504079e-02, -2.2209792569024670e-02,
          9.8032286282408759e-02, 7.9777345136188393e-02,
          2.2517883586128645e-02, 3.5693848981679495e-02,
          4.2619583544628697e-01 ]
   - !!opencv-matrix
      rows: 9
      cols: 9
      dt: d
      data: [ 3.5937127832655669e-01, 1.5429794427716115e-01,
          1.1003669934154326e-02, 4.9206454691711005e-02,
          9.1625249422760568e-02, 2.3106026910866870e-02,
          -5.4313604730374998e-02, 1.1787140906072078e-02,
          -1.5527324079931832e-02, 1.5429794427716115e-01,
          2.8202928284889750e-01, 2.1852807149935094e-02,
          3.3623070580330247e-02, 3.6406937088352458e-02,
          4.2112138675145433e-02, -1.5374533329013724e-02,
          2.0460798304245284e-02, 1.6180497522282698e-02,
          1.1003669934154326e-02, 2.1852807149935094e-02,
          4.4760018930844615e-02, 2.8917419056698206e-03,
          -1.1692517925896209e-03, 1.1947929944276479e-02,
          3.3884827515451811e-03, 1.0742362027131580e-02,
          7.7270267891043215e-03, 4.9206454691711005e-02,
          3.3623070580330240e-02, 2.8917419056698206e-03,
          7.9423656620373151e-02, 4.9431436414373267e-02,
          1.6081940978862806e-04, -2.0400724539035402e-02,
          1.1430626362108124e-03, -4.1730042734361341e-03,
          9.1625249422760568e-02, 3.6406937088352451e-02,
          -1.1692517925896214e-03, 4.9431436414373281e-02,
          8.6856418772457047e-02, -5.2239076813670035e-03,
