%YAML:1.0
---
groups:
   - intact
   - CD19
   - blast
intactGmmnames:
   - "intact.Vie023.0"
   - "intact.Vie023.1"
   - "intact.Vie023.2"
   - "intact.Vie023.3"
   - "intact.Vie023.4"
intactLabels:
   - FSC-A
   - SSC-A
   - CD20
   - CD10
   - CD45
   - CD34
   - SYTO41
   - CD19
   - CD38
intactMu: !!opencv-matrix
   rows: 5
   cols: 9
   dt: d
   data: [ 4.6587690989979041e-01, 2.9727737754663947e-01,
       9.8111324808115319e-01, 1.0167411393180859e+00,
       2.8461757300628059e+00, 1.4090826880553831e+00,
       3.7941762920984523e+00, 8.1842034827628640e-01,
       1.4989064869822959e+00, 6.3447491384680843e-01,
       4.7570971363183567e-01, 9.7129942122030744e-01,
       1.0095017851860795e+00, 1.3967338308279771e+00,
       1.2619613907475982e+00, 3.6650986854565937e+00,
       8.1820820104639724e-01, 1.2853702972109542e+00,
       2.2107316270142778e+00, 2.0155985699351517e+00,
       1.0298445839100010e+00, 1.4884394165371588e+00,
       2.3921206954959984e+00, 1.5424765148762032e+00,
       3.4821224541184557e+00, 9.1644228738150024e-01,
       1.6341588580412276e+00, 9.8735630786280637e-01,
       5.3963361572739199e-01, 9.8933607404238622e-01,
       1.0278385541729531e+00, 2.9845242958018230e+00,
       1.3328268214750811e+00, 3.6176889523029412e+00,
       8.3842181368756585e-01, 1.7261012551714268e+00,
       1.3323798307947008e+00, 1.3947266858179308e+00,
       1.8710692893502174e+00, 1.4348591063577929e+00,
       2.1498532663145475e+00, 1.7689343414947392e+00,
       3.8061605773215974e+00, 1.5865362391938609e+00,
       1.4352327029598162e+00 ]
intactSigma:
   - !!opencv-matrix
      rows: 9
      cols: 9
      dt: d
      data: [ 2.8484868340045887e-02, 3.6146393591451787e-03,
          -7.2662287835922618e-04, 2.1249748489668912e-04,
          2.3336049026637960e-02, 1.8387470307627014e-03,
          -6.4881826589146107e-03, 9.5727873506090515e-04,
          -1.4178061046012884e-05, 3.6146393591451787e-03,
          9.9858193611826549e-03, 2.7354082479903350e-04,
          4.6445808782748644e-04, 2.4502585432629302e-03,
          2.1486716522200813e-03, 3.1579058687804891e-04,
          7.8096186384293300e-04, -2.4207043877532142e-03,
          -7.2662287835922640e-04, 2.7354082479903383e-04,
          1.9785157573327123e-02, 1.2854257489168991e-04,
          -3.1686095260338297e-04, -2.5366176683654820e-03,
          4.9332627697354532e-04, -1.4598953305584850e-03,
          -8.7988928745185238e-04, 2.1249748489668915e-04,
          4.6445808782748644e-04, 1.2854257489168996e-04,
          4.5980889560439733e-03, 3.3303028178511537e-04,
          1.4506028931859684e-03, 1.0792895449168969e-04,
          -1.3965854035325633e-04, -6.8807809899526636e-04,
          2.3336049026637960e-02, 2.4502585432629302e-03,
          -3.1686095260338292e-04, 3.3303028178511537e-04,
          8.1644938871084830e-02, 7.7933792923277423e-03,
          -1.0585547154732436e-02, 2.0294425245267695e-03,
          4.3103606457679635e-03, 1.8387470307627003e-03,
          2.1486716522200822e-03, -2.5366176683654820e-03,
          1.4506028931859688e-03, 7.7933792923277423e-03,
          1.1779112946829594e-01, 4.6052994000804796e-04,
          -2.7703272980699713e-02, 1.2788226811108602e-04,
          -6.4881826589146107e-03, 3.1579058687804885e-04,
          4.9332627697354543e-04, 1.0792895449168969e-04,
          -1.0585547154732436e-02, 4.6052994000804812e-04,
          6.1476952249277491e-03, -2.6982425382156863e-04,
          -1.2307016545430056e-03, 9.5727873506090515e-04,
          7.8096186384293343e-04, -1.4598953305584850e-03,
          -1.3965854035325633e-04, 2.0294425245267686e-03,
          -2.7703272980699713e-02, -2.6982425382156863e-04,
          6.3938177617230682e-02, 2.9090917226184807e-04,
          -1.4178061046013026e-05, -2.4207043877532146e-03,
          -8.7988928745185216e-04, -6.8807809899526669e-04,
          4.3103606457679635e-03, 1.2788226811108607e-04,
          -1.2307016545430058e-03, 2.9090917226184791e-04,
          4.5571070593633606e-02 ]
   - !!opencv-matrix
      rows: 9
      cols: 9
      dt: d
      data: [ 7.7070434053762016e-02, 1.9243526260003297e-02,
          -4.4264539214923271e-04, 4.7503823605875550e-04,
          1.9889992967712946e-03, 5.0728224474012613e-03,
          -1.7286015120309150e-02, 4.3070541674376144e-03,
          3.6721971935058137e-03, 1.9243526260003297e-02,
          3.7194752081319220e-02, 9.4008793177580467e-04,
          1.0751645968917660e-03, -5.2823379615128630e-04,
          6.5857861244566981e-03, 8.2444470588294138e-03,
          2.5363252367171731e-03, 4.0597106176754614e-03,
          -4.4264539214923271e-04, 9.4008793177580521e-04,
          1.7342657875075045e-02, 1.7720722267933434e-04,
          1.4929105597696733e-04, -3.6410049484388272e-03,
          1.3718490441780363e-03, -1.2041036780391595e-03,
          -1.8443054675386879e-04, 4.7503823605875577e-04,
          1.0751645968917658e-03, 1.7720722267933425e-04,
          7.2727471024396622e-03, 6.4964739156208966e-04,
          1.9801970821437765e-03, 4.4052778332873225e-04,
          -3.9039907970535379e-04, 2.2849595294749655e-04,
          1.9889992967712950e-03, -5.2823379615128609e-04,
          1.4929105597696722e-04, 6.4964739156208999e-04,
          2.2285227207590904e-02, -2.7325790320729304e-03,
          -1.1807929230812798e-02, 1.3731395704980815e-03,
          2.0970042156646018e-04, 5.0728224474012604e-03,
          6.5857861244566973e-03, -3.6410049484388277e-03,
          1.9801970821437765e-03, -2.7325790320729296e-03,
          1.4103585438513760e-01, 1.2267894324135862e-02,
          -2.9771921143718738e-02, 4.2604584521962948e-04,
          -1.7286015120309153e-02, 8.2444470588294121e-03,
          1.3718490441780363e-03, 4.4052778332873252e-04,
          -1.1807929230812798e-02, 1.2267894324135864e-02,
          6.8786962079275579e-02, -4.7904720426314691e-03,
          8.2877163540478094e-04, 4.3070541674376153e-03,
          2.5363252367171731e-03, -1.2041036780391597e-03,
          -3.9039907970535342e-04, 1.3731395704980815e-03,
          -2.9771921143718738e-02, -4.7904720426314674e-03,
          6.1039277521354830e-02, 9.6247974815755189e-04,
          3.6721971935058137e-03, 4.0597106176754614e-03,
          -1.8443054675386879e-04, 2.2849595294749652e-04,
          2.0970042156646013e-04, 4.2604584521962943e-04,
          8.2877163540478094e-04, 9.6247974815755156e-04,
          1.9780485746000282e-03 ]
   - !!opencv-matrix
      rows: 9
      cols: 9
      dt: d
      data: [ 9.7347292495359949e-01, 4.5388128170086667e-01,
          1.3756114817506415e-02, 1.5793208863043209e-01,
          2.7063193159592630e-01, 5.5526307874125679e-02,
          -1.4185423318214893e-01, 4.5941742572562505e-03,
          7.3504406790487767e-02, 4.5388128170086656e-01,
          6.7684170930918830e-01, 1.3624822256724121e-02,
          2.1247855391077711e-01, 2.8297674887202334e-01,
          3.4421869368645414e-02, -6.2435387073995506e-02,
          7.6499866258309419e-03, 6.6147481498190774e-02,
          1.3756114817506417e-02, 1.3624822256724125e-02,
          3.3185152694265793e-02, -4.0895599195876105e-03,
          4.3145456135092386e-03, 4.0255637312292583e-04,
          2.5022266898230583e-04, 1.2122816184704352e-03,
          3.9993518712324828e-03, 1.5793208863043209e-01,
          2.1247855391077713e-01, -4.0895599195876096e-03,
          3.6351931959902417e-01, 2.0430860742579116e-01,
          -4.2365384204044995e-02, -5.9113540097412119e-02,
          -7.7865945244639178e-04, 9.6515463851297618e-03,
          2.7063193159592630e-01, 2.8297674887202334e-01,
          4.3145456135092420e-03, 2.0430860742579116e-01,
          3.2269659848655180e-01, -1.9478703591769553e-02,
