%YAML:1.0
---
groups:
   - intact
   - CD19
intactGmmnames:
   - "intact.Vie013.0"
   - "intact.Vie013.1"
   - "intact.Vie013.2"
   - "intact.Vie013.3"
   - "intact.Vie013.4"
intactLabels:
   - FSC-A
   - SSC-A
   - CD20
   - CD10
   - CD45
   - CD34
   - SYTO41
   - CD19
   - CD38
intactMu: !!opencv-matrix
   rows: 5
   cols: 9
   dt: d
   data: [ 2.8582708841309770e+00, 3.4970260954357744e+00,
       9.4544923199403175e-01, 2.2905354682218655e+00,
       2.7200207617086947e+00, 1.1025241314557728e+00,
       2.8836927082334913e+00, 9.4349804178297658e-01,
       2.3746481947564977e+00, 1.1661483209270520e+00,
       3.6466539183639540e-01, 7.2673658813849595e-01,
       1.2361936417531136e+00, 2.3587622479337793e+00,
       7.5686351054087109e-01, 2.8617764146703677e+00,
       7.2918775473137598e-01, 1.6977480392842275e+00,
       2.4464131441519998e+00, 1.8446642033697924e+00,
       1.2029345367285171e+00, 1.5379828504843904e+00,
       2.6670804130099168e+00, 1.2560709087559718e+00,
       2.9281974053282775e+00, 1.2140778705451194e+00,
       2.3170455368820866e+00, 1.2582949972974742e+00,
       3.1593287415713206e-01, 6.4742960094120849e-01,
       6.5351896085706562e-01, 2.9210624554642854e+00,
       6.7066347370865509e-01, 2.7174171036773624e+00,
       7.3478277194742658e-01, 2.3847745669387090e+00,
       1.3516046851592760e+00, 4.1304997612937966e-01,
       7.3198136199727326e-01, 6.6685684682571988e-01,
       2.9123735707438434e+00, 7.0700529488146002e-01,
       2.7226729845672644e+00, 7.4101060810268404e-01,
       1.7302576936942782e+00 ]
intactSigma:
   - !!opencv-matrix
      rows: 9
      cols: 9
      dt: d
      data: [ 2.9631863420490379e-01, 1.0706240119943536e-01,
          1.7550488709677587e-02, -1.6470893842606943e-02,
          -4.2655163854954294e-03, 2.5552446493915738e-02,
          -7.4971363275454965e-03, -6.2829288483140129e-03,
          1.9014438266875457e-02, 1.0706240119943539e-01,
          2.9619450356514021e-01, 1.7434643274079158e-02,
          1.9117026174008428e-02, 9.6863545116208684e-03,
          2.5760980093514203e-02, -8.5973340390689407e-03,
          9.7694514915207739e-03, 2.6396263803118374e-02,
          1.7550488709677591e-02, 1.7434643274079158e-02,
          9.5786132408086228e-02, 1.1160066769501381e-02,
          7.3876983349332260e-03, 1.1411749009259477e-02,
          7.9352534750779034e-04, 4.1648093899233274e-03,
          2.5403394471149084e-03, -1.6470893842606943e-02,
          1.9117026174008424e-02, 1.1160066769501382e-02,
          9.6828719728455942e-02, 2.6574350315933488e-02,
          3.6453054166274952e-03, -3.4271227978398462e-03,
          2.1370439749992323e-02, -2.2232455533572741e-03,
          -4.2655163854954294e-03, 9.6863545116208649e-03,
          7.3876983349332260e-03, 2.6574350315933488e-02,
          1.9684103962523139e-02, 4.7641050756736482e-03,
          -1.3158601137465901e-03, 1.2726945300062525e-02,
          1.3049512544529688e-03, 2.5552446493915738e-02,
          2.5760980093514203e-02, 1.1411749009259483e-02,
          3.6453054166274948e-03, 4.7641050756736482e-03,
          8.7966425109752860e-02, 1.7570922226876173e-03,
          -1.5654875024323021e-02, 3.3340973309245034e-03,
          -7.4971363275454931e-03, -8.5973340390689389e-03,
          7.9352534750778991e-04, -3.4271227978398449e-03,
          -1.3158601137465908e-03, 1.7570922226876171e-03,
          1.7978676154559774e-02, 2.3915839743424050e-03,
          -1.1936151984326096e-04, -6.2829288483140164e-03,
          9.7694514915207739e-03, 4.1648093899233282e-03,
          2.1370439749992323e-02, 1.2726945300062523e-02,
          -1.5654875024323018e-02, 2.3915839743424046e-03,
          9.6184370911412853e-02, 3.3150454141774046e-03,
          1.9014438266875454e-02, 2.6396263803118370e-02,
          2.5403394471149093e-03, -2.2232455533572741e-03,
          1.3049512544529682e-03, 3.3340973309245034e-03,
          -1.1936151984326096e-04, 3.3150454141774033e-03,
          2.5962867514826283e-02 ]
   - !!opencv-matrix
      rows: 9
      cols: 9
      dt: d
      data: [ 1.1796110716885874e-01, 1.4262304447846886e-02,
          -4.7712113685031716e-03, 5.8633634656862617e-02,
          8.4158620826128183e-02, -1.9673866105300308e-02,
          -2.6564319088225243e-02, -6.5153828494076103e-03,
          -8.5585277024150322e-03, 1.4262304447846883e-02,
          1.2683833538950130e-02, 1.9767304380909475e-03,
          -9.9151912107171038e-03, 3.5795216802012335e-03,
          1.6203388334122930e-03, 6.1530367059555030e-03,
          2.6156028733736844e-03, 1.2703628485574868e-03,
          -4.7712113685031716e-03, 1.9767304380909475e-03,
          7.1370904388503395e-02, -7.9954117133153937e-03,
          -5.0423591267055798e-03, 7.6079979478372601e-03,
          2.8104039163928162e-03, -9.3506690744291109e-04,
          -2.5551160264695540e-02, 5.8633634656862617e-02,
          -9.9151912107171072e-03, -7.9954117133153972e-03,
          3.6685404163419266e-01, 2.1165720318564385e-01,
          -3.7101401527965518e-02, -6.1877967254842556e-02,
          -2.5574600739565953e-03, 6.8368410753003941e-02,
          8.4158620826128169e-02, 3.5795216802012335e-03,
          -5.0423591267055789e-03, 2.1165720318564385e-01,
          6.6971329619967235e-01, -5.1810139029819402e-02,
          -3.8992665360794515e-02, 6.5667044000384698e-03,
          1.2637841412198150e-01, -1.9673866105300308e-02,
          1.6203388334122930e-03, 7.6079979478372601e-03,
          -3.7101401527965525e-02, -5.1810139029819395e-02,
          7.5136672797972162e-02, 1.7474552516223395e-02,
          -1.5520921264514992e-02, -1.9807686007773620e-02,
          -2.6564319088225243e-02, 6.1530367059555030e-03,
          2.8104039163928162e-03, -6.1877967254842556e-02,
          -3.8992665360794515e-02, 1.7474552516223391e-02,
          6.3485474116685175e-02, -6.4935445266243433e-04,
          1.3816249879551847e-02, -6.5153828494076103e-03,
          2.6156028733736844e-03, -9.3506690744291109e-04,
          -2.5574600739565944e-03, 6.5667044000384655e-03,
          -1.5520921264514997e-02, -6.4935445266243476e-04,
          5.6083745148278699e-02, 1.4446685677920217e-02,
          -8.5585277024150374e-03, 1.2703628485574879e-03,
          -2.5551160264695536e-02, 6.8368410753003928e-02,
          1.2637841412198153e-01, -1.9807686007773620e-02,
          1.3816249879551845e-02, 1.4446685677920221e-02,
          4.7500755534723632e-01 ]
   - !!opencv-matrix
      rows: 9
      cols: 9
      dt: d
      data: [ 9.1050472746065170e-01, 7.6094652771503857e-01,
          2.2158404998027657e-02, 1.9006413181569640e-01,
          2.0196675383627186e-01, -3.7634974793638386e-02,
          4.3984158762509377e-02, 4.4434007406136386e-02,
          2.1940131248987974e-01, 7.6094652771503857e-01,
          1.3928008195480015e+00, 4.9352933814349360e-02,
          4.6736782266972726e-01, 1.6646230546867827e-01,
          -1.4572956504576349e-02, 8.3139551414474142e-02,
          9.9011663658242835e-02, 2.4363828907679380e-01,
          2.2158404998027646e-02, 4.9352933814349367e-02,
          5.0163640826712463e-01, 7.7314747433580286e-02,
          1.9212954544365359e-02, 1.2625406252809857e-01,
          4.2745166497148164e-02, 2.7567724572937286e-01,
          -5.4911239142650579e-02, 1.9006413181569640e-01,
          4.6736782266972726e-01, 7.7314747433580272e-02,
          5.5089390692852092e-01, 9.6578593429337584e-02,
          7.1023418359831225e-02, 3.8964198076457839e-02,
          1.6017020730981943e-01, 1.9226606082063866e-02,
          2.0196675383627186e-01, 1.6646230546867827e-01,
          1.9212954544365359e-02, 9.6578593429337584e-02,
          2.7437776454436641e-01, 1.4815958249425594e-02,
