%YAML:1.0
---
groups:
   - intact
   - CD19
   - blast
intactGmmnames:
   - "intact.Vie011.0"
   - "intact.Vie011.1"
   - "intact.Vie011.2"
   - "intact.Vie011.3"
   - "intact.Vie011.4"
intactLabels:
   - FSC-A
   - SSC-A
   - CD20
   - CD10
   - CD45
   - CD34
   - SYTO41
   - CD19
   - CD38
intactMu: !!opencv-matrix
   rows: 5
   cols: 9
   dt: d
   data: [ 5.3014114669414214e-01, 4.3682480836930593e-01,
       8.5993075893983473e-01, 7.2372848921361776e-01,
       3.2311538665093189e+00, 9.8801817280679760e-01,
       2.1484783962239495e+00, 8.5282478045445420e-01,
       2.2030517662776190e+00, 1.2540117469348970e+00,
       2.1494307053474024e+00, 1.3448497505894952e+00,
       1.4084572911082682e+00, 2.9967672866946589e+00,
       1.4264467553537190e+00, 2.2466725254820687e+00,
       1.2794729447686932e+00, 2.4070312465158121e+00,
       6.1954921504085159e-01, 6.7058764581295605e-01,
       7.7612163825021574e-01, 8.5885901337934289e-01,
       1.5750810902138166e+00, 9.3181486245574263e-01,
       2.0994111945479972e+00, 8.0282348617934429e-01,
       1.5459819758859872e+00, 8.2324778352532324e-01,
       6.2864614557749965e-01, 7.9785793326577559e-01,
       7.1432225386610215e-01, 3.3486351150492264e+00,
       7.8167046704016141e-01, 1.9225330932697242e+00,
       8.4877308862349521e-01, 2.5082907030783721e+00,
       1.8283556425155261e+00, 1.9778171231124715e+00,
       1.3312732250322292e+00, 1.0214486643737468e+00,
       2.9944295713809868e+00, 2.0138946687339616e+00,
       2.2129061246295634e+00, 1.2674638608260369e+00,
       2.5256231548985038e+00 ]
intactSigma:
   - !!opencv-matrix
      rows: 9
      cols: 9
      dt: d
      data: [ 1.1438455146076989e-02, 1.6715276654601218e-03,
          -1.0121601040565511e-03, 5.3905501837680993e-04,
          1.7895542945875283e-03, -2.7680047039673359e-03,
          -5.1641332749556776e-03, 6.3721575550394747e-05,
          -6.6015304932407187e-04, 1.6715276654601209e-03,
          1.2148154540158867e-02, 3.2830277359108110e-03,
          3.4369593610384364e-03, 3.3901835982268333e-03,
          6.2790153204170911e-03, 2.1653582428902093e-03,
          3.8980388897256642e-03, -6.6340372317260773e-03,
          -1.0121601040565507e-03, 3.2830277359108101e-03,
          1.1810735089339257e-01, 1.9021734646561320e-03,
          1.0047351228490895e-03, 2.6351881030416513e-03,
          2.8337631877700413e-03, 6.9083695760285228e-03,
          -3.2921810862017896e-03, 5.3905501837681015e-04,
          3.4369593610384364e-03, 1.9021734646561337e-03,
          2.3177482922144579e-02, 1.9550871020930375e-03,
          4.9814598732448069e-03, 1.3274975508666342e-03,
          2.1294544087953377e-03, -5.7291051017029724e-03,
          1.7895542945875280e-03, 3.3901835982268324e-03,
          1.0047351228490893e-03, 1.9550871020930379e-03,
          5.8747348823006348e-03, 2.7107599299755541e-03,
          -3.5483568914353354e-04, 1.2161390482722664e-03,
          -2.8520529449505500e-03, -2.7680047039673359e-03,
          6.2790153204170911e-03, 2.6351881030416521e-03,
          4.9814598732448069e-03, 2.7107599299755541e-03,
          4.1195224497202143e-02, 7.6789859875196591e-03,
          -5.8468290359025288e-03, -5.9755315898312004e-03,
          -5.1641332749556776e-03, 2.1653582428902097e-03,
          2.8337631877700421e-03, 1.3274975508666342e-03,
          -3.5483568914353359e-04, 7.6789859875196573e-03,
          1.0624169505816584e-02, 2.7358541571092763e-03,
          -4.3187804254963226e-03, 6.3721575550394557e-05,
          3.8980388897256642e-03, 6.9083695760285219e-03,
          2.1294544087953377e-03, 1.2161390482722662e-03,
          -5.8468290359025305e-03, 2.7358541571092763e-03,
          6.2430266824095519e-02, -1.4442109929201335e-03,
          -6.6015304932407252e-04, -6.6340372317260790e-03,
          -3.2921810862017896e-03, -5.7291051017029707e-03,
          -2.8520529449505491e-03, -5.9755315898311987e-03,
          -4.3187804254963217e-03, -1.4442109929201339e-03,
          1.3363443657463900e-01 ]
   - !!opencv-matrix
      rows: 9
      cols: 9
      dt: d
      data: [ 3.4520880837552281e-01, 2.9053238885126670e-01,
          6.1725766040607012e-02, 4.5206498462229905e-02,
          4.1949429790360079e-02, 6.0148804131659600e-02,
          1.7030388854355708e-02, 6.5018712184503433e-02,
          9.6806732586944610e-02, 2.9053238885126670e-01,
          1.2696308876546898e+00, -2.9220041494410855e-02,
          3.6055123166064179e-01, -1.3992853353857169e-02,
          6.6895888312124077e-02, -4.0199923507064431e-02,
          -1.4225085105213399e-02, 1.2382638914352927e-01,
          6.1725766040607012e-02, -2.9220041494410844e-02,
          5.8623166754150713e-01, 1.8516990726979828e-02,
          2.9781350603770337e-02, 1.5555550335886861e-01,
          4.3567934057559127e-02, 3.5739174889409792e-01,
          -7.5352781085307905e-03, 4.5206498462229905e-02,
          3.6055123166064179e-01, 1.8516990726979831e-02,
          3.5048133958190913e-01, -1.1770664842752734e-03,
          6.3505942303209856e-02, -2.4875761854994027e-02,
          2.7278297870498725e-02, -1.8332245256515720e-03,
          4.1949429790360086e-02, -1.3992853353857176e-02,
          2.9781350603770341e-02, -1.1770664842752747e-03,
          1.7915932692836592e-01, -7.2459080886323052e-03,
          8.1566295067340595e-03, 3.9774555327457897e-02,
          1.2177403466612996e-01, 6.0148804131659600e-02,
          6.6895888312124077e-02, 1.5555550335886861e-01,
          6.3505942303209856e-02, -7.2459080886323008e-03,
          2.3016288781667116e-01, 3.8811049567952581e-02,
          1.1399507923287033e-01, 2.2307459963963227e-02,
          1.7030388854355708e-02, -4.0199923507064431e-02,
          4.3567934057559127e-02, -2.4875761854994023e-02,
          8.1566295067340578e-03, 3.8811049567952567e-02,
          9.4852794740521523e-02, 4.7988230969407859e-02,
          -4.0834583058601426e-03, 6.5018712184503433e-02,
          -1.4225085105213399e-02, 3.5739174889409786e-01,
          2.7278297870498725e-02, 3.9774555327457897e-02,
          1.1399507923287033e-01, 4.7988230969407859e-02,
          3.4895002444667461e-01, 4.2069968785709845e-04,
          9.6806732586944610e-02, 1.2382638914352927e-01,
          -7.5352781085307845e-03, -1.8332245256515714e-03,
          1.2177403466613000e-01, 2.2307459963963227e-02,
          -4.0834583058601453e-03, 4.2069968785710116e-04,
          3.6115824229080523e-01 ]
   - !!opencv-matrix
      rows: 9
      cols: 9
      dt: d
      data: [ 4.2005055140017483e-02, 3.2457869588474839e-02,
          2.6515473383945721e-03, 7.2280165857824541e-03,
          1.8880395560496917e-02, 6.8840039329803844e-03,
          1.3956389349948348e-02, 3.2788021493583646e-03,
          1.5274368751578013e-02, 3.2457869588474846e-02,
          8.1195039058394869e-02, 7.6327534419285206e-03,
          9.5221165138391264e-03, 3.9838990538290479e-02,
          1.0420135995330449e-02, 2.1665119630617697e-02,
          4.4087755487830903e-03, 2.8033996823174034e-02,
          2.6515473383945725e-03, 7.6327534419285224e-03,
          6.1196212345280478e-02, 4.7220062638078366e-03,
          1.3773925832004272e-02, 8.1021865178698988e-03,
          6.2726490616154436e-03, 1.9841449624817377e-03,
          1.5558856784566316e-02, 7.2280165857824524e-03,
          9.5221165138391281e-03, 4.7220062638078349e-03,
          9.6210986050637812e-02, 3.2817417482231485e-02,
          1.5148654185404955e-02, 7.9907618062863787e-03,
          7.1425036785682447e-03, 6.6976464886548737e-02,
          1.8880395560496917e-02, 3.9838990538290479e-02,
          1.3773925832004276e-02, 3.2817417482231485e-02,
          1.1316075730561677e-01, 3.1171250966154623e-02,
