%YAML:1.0
---
groups:
   - intact
   - CD19
   - blast
intactGmmnames:
   - "intact.517.0"
   - "intact.517.1"
   - "intact.517.2"
   - "intact.517.3"
   - "intact.517.4"
intactLabels:
   - FSC-A
   - SSC-A
   - CD20
   - CD10
   - CD45
   - CD34
   - SYTO41
   - CD19
   - CD38
intactMu: !!opencv-matrix
   rows: 5
   cols: 9
   dt: d
   data: [ 1.4170513978071024e+00, 4.8676653688008120e-01,
       9.5931875392035204e-01, 7.4896186654162733e-01,
       3.7695089331784919e+00, 1.0760285411795398e+00,
       3.5174997224682927e+00, 1.0922865930569583e+00,
       1.9548573058416558e+00, 2.7194320984104543e+00,
       2.2230193531182616e+00, 1.3525113690247945e+00,
       1.5790423144148997e+00, 3.3538883878406827e+00,
       1.8413698279514146e+00, 3.6745212619583687e+00,
       1.6707583569295588e+00, 3.3593093012509749e+00,
       1.4004336135031050e+00, 5.4507224227343765e-01,
       9.9181179321019619e-01, 8.3137330416601540e-01,
       1.5552045921077395e+00, 9.9686233690212733e-01,
       3.5355615487612457e+00, 1.0990442168705434e+00,
       1.4074118123699411e+00, 2.8362522988821675e+00,
       3.1418766570188668e+00, 1.1460132239865717e+00,
       2.2618564057696613e+00, 3.1656152493930270e+00,
       1.1562668243184551e+00, 3.4014676093725118e+00,
       1.5005148833120896e+00, 2.5225156013043200e+00,
       1.6533226197357700e+00, 7.1258798239050058e-01,
       1.2026737554691809e+00, 2.2172886414031256e+00,
       2.5963869003604603e+00, 1.7981694059184492e+00,
       3.7752037831103817e+00, 1.2899014489007756e+00,
       1.5796782486248289e+00 ]
intactSigma:
   - !!opencv-matrix
      rows: 9
      cols: 9
      dt: d
      data: [ 1.7483348324246159e-01, 4.3021973144566523e-02,
          1.3948150094905820e-02, 1.4372849583398472e-02,
          1.7027530083592538e-02, 7.6136612833246553e-03,
          -1.5818285183411759e-02, 4.5144381215900331e-03,
          6.6295935277338958e-02, 4.3021973144566523e-02,
          3.8636183134471626e-02, 1.2851709227232297e-02,
          7.5628785381336282e-03, 1.2636038592029967e-02,
          6.4060526176561005e-03, -1.3820966401764504e-02,
          6.2860581678878397e-03, 6.1480720248642283e-02,
          1.3948150094905819e-02, 1.2851709227232297e-02,
          3.9686402187555453e-02, 5.6740554605950559e-03,
          7.6007812695980392e-03, 3.8749707706236202e-04,
          -1.6278163126982565e-02, 1.8458486295603075e-03,
          -6.4152549312193911e-03, 1.4372849583398472e-02,
          7.5628785381336282e-03, 5.6740554605950559e-03,
          6.4760735827094143e-02, 3.7975928475516194e-03,
          -7.6644570645673137e-03, -7.1966371764041878e-03,
          1.1208847388428484e-03, -6.1796893166572347e-03,
          1.7027530083592538e-02, 1.2636038592029969e-02,
          7.6007812695980392e-03, 3.7975928475516194e-03,
          1.4281323095749060e-02, 3.3686332979361978e-04,
          -5.5714035121013274e-03, 1.5657843358788434e-03,
          2.1386429561517624e-03, 7.6136612833246553e-03,
          6.4060526176561014e-03, 3.8749707706236224e-04,
          -7.6644570645673146e-03, 3.3686332979361978e-04,
          1.8885906238355568e-01, -4.2718766234373876e-03,
          4.6004158836662158e-03, 2.2403312717745750e-02,
          -1.5818285183411759e-02, -1.3820966401764504e-02,
          -1.6278163126982565e-02, -7.1966371764041878e-03,
          -5.5714035121013274e-03, -4.2718766234373894e-03,
          5.2231935754363884e-02, -2.2048797464062800e-03,
          -1.8190407793838320e-02, 4.5144381215900323e-03,
          6.2860581678878397e-03, 1.8458486295603079e-03,
          1.1208847388428484e-03, 1.5657843358788436e-03,
          4.6004158836662158e-03, -2.2048797464062808e-03,
          2.0860862508439857e-02, 5.2221673559195159e-03,
          6.6295935277338958e-02, 6.1480720248642283e-02,
          -6.4152549312193928e-03, -6.1796893166572347e-03,
          2.1386429561517616e-03, 2.2403312717745750e-02,
          -1.8190407793838320e-02, 5.2221673559195133e-03,
          3.5780169720816757e-01 ]
   - !!opencv-matrix
      rows: 9
      cols: 9
      dt: d
      data: [ 4.3683464460057164e-01, 2.6051095543377095e-01,
          5.6371198530925516e-02, 4.0959278864405813e-02,
          6.6216644843452863e-03, -1.6342031927780162e-02,
          7.2746061430726799e-03, 3.3684682525483449e-02,
          3.3351277486018079e-02, 2.6051095543377095e-01,
          6.2649834349391242e-01, 1.1849535510679214e-01,
          1.7643101988999188e-01, 3.7662634528336969e-03,
          -3.6255657287737504e-02, -2.2454589973395112e-02,
          1.1063561513542573e-01, 3.1941554640258052e-02,
          5.6371198530925509e-02, 1.1849535510679210e-01,
          1.6803618621506700e-01, 8.9246784794886139e-02,
          1.9965562984141389e-02, 3.2173575412884750e-02,
          -3.8211595511059730e-02, 8.2661802684401903e-02,
          4.3330271810707574e-02, 4.0959278864405813e-02,
          1.7643101988999188e-01, 8.9246784794886125e-02,
          5.0103645767046123e-01, 4.0708863019847226e-02,
          1.3360445805272303e-01, -3.0707812202665750e-02,
          1.0293888000770882e-01, -7.0199916489610645e-02,
          6.6216644843452880e-03, 3.7662634528337008e-03,
          1.9965562984141396e-02, 4.0708863019847226e-02,
          1.5105532486338480e-01, 8.7024257369263960e-02,
          -4.5368174547145056e-02, 2.5356842670055627e-02,
          1.2072453869499740e-01, -1.6342031927780162e-02,
          -3.6255657287737504e-02, 3.2173575412884750e-02,
          1.3360445805272303e-01, 8.7024257369263960e-02,
          3.4863033520518405e-01, -3.0557658255209900e-02,
          9.9065957803754975e-02, 7.7986982236503008e-02,
          7.2746061430726781e-03, -2.2454589973395112e-02,
          -3.8211595511059730e-02, -3.0707812202665750e-02,
          -4.5368174547145056e-02, -3.0557658255209896e-02,
          1.0495400981249950e-01, -2.1463045964427996e-02,
          -4.7327880386529741e-02, 3.3684682525483449e-02,
          1.1063561513542571e-01, 8.2661802684401903e-02,
          1.0293888000770883e-01, 2.5356842670055616e-02,
          9.9065957803754975e-02, -2.1463045964428003e-02,
          1.8962069048843738e-01, 7.3988347056178877e-02,
          3.3351277486018086e-02, 3.1941554640258052e-02,
          4.3330271810707560e-02, -7.0199916489610645e-02,
          1.2072453869499740e-01, 7.7986982236503008e-02,
          -4.7327880386529721e-02, 7.3988347056178877e-02,
          3.4839883653813841e-01 ]
   - !!opencv-matrix
      rows: 9
      cols: 9
      dt: d
      data: [ 1.9494585527054220e-01, 5.5009250304566867e-02,
          3.0900580743194336e-02, 1.9668573847458008e-02,
          6.0916214159954775e-02, 1.9174500916086874e-03,
          1.9093727808238894e-03, 8.5830860983492924e-03,
          5.2175860546016823e-03, 5.5009250304566867e-02,
          3.9627574164936674e-02, 2.0698440377320139e-02,
          1.0019690838339042e-02, 4.4287118353932911e-02,
          1.2953536366261057e-03, -8.4894581132581061e-04,
          6.0383437117063794e-03, 4.0923306951142621e-03,
          3.0900580743194336e-02, 2.0698440377320139e-02,
          4.5633794130664422e-02, 9.1773788750774028e-03,
          2.4807281292592638e-02, 9.6657711247818121e-04,
          -3.3822193503029022e-02, 3.6360941937040895e-03,
          2.1183602546112471e-03, 1.9668573847458008e-02,
          1.0019690838339040e-02, 9.1773788750774063e-03,
          6.7680692448809546e-02, 1.4128291723979223e-02,
          1.0428995548075971e-03, -1.1379660557313220e-02,
          2.6666522553004616e-03, 1.2599029672331853e-03,
          6.0916214159954761e-02, 4.4287118353932911e-02,
          2.4807281292592638e-02, 1.4128291723979228e-02,
          1.7048873353425253e-01, -4.3564268106948914e-04,
          5.9180993575807693e-03, 5.8717775929439083e-03,
